     0.686413       0.915471     0.00588649       0.000000
     0.687895       0.928107     0.00584646       0.000000
     0.689378       0.924783     0.00518186       0.000000
     0.690861       0.920900     0.00614192       0.000000
     0.692344       0.922754     0.00711570       0.000000
     0.693829       0.935739     0.00644878       0.000000
     0.695314       0.931292     0.00561805       0.000000
     0.696801       0.929596     0.00525734       0.000000
     0.698289       0.942189     0.00696530       0.000000
     0.699779       0.936916     0.00516517       0.000000
     0.701271       0.939832     0.00694287       0.000000
     0.702765       0.935817     0.00671857       0.000000
     0.704260       0.930705     0.00445812       0.000000
     0.705759       0.928324     0.00580396       0.000000
     0.707260       0.936532     0.00709098       0.000000
     0.708764       0.934223     0.00660027       0.000000
     0.710270       0.939039     0.00417246       0.000000
     0.711780       0.937378     0.00367684       0.000000
     0.713293       0.936734     0.00564018       0.000000
     0.714810       0.936360     0.00496043       0.000000
     0.716330       0.938661     0.00379689       0.000000
     0.717854       0.934794     0.00341246       0.000000
     0.719381       0.936345     0.00273740       0.000000
     0.720913       0.936292     0.00335451       0.000000
     0.722449       0.941738     0.00422870       0.000000
     0.723990       0.939150     0.00328633       0.000000
     0.725535       0.937683     0.00379595       0.000000
     0.727084       0.937609     0.00288248       0.000000
     0.728639       0.941571     0.00459340       0.000000
     0.730198       0.940810     0.00310821       0.000000
     0.731762       0.944224     0.00422225       0.000000
     0.733332       0.944285     0.00284439       0.000000
     0.734906       0.947070     0.00286241       0.000000
     0.736486       0.946649     0.00246943       0.000000
     0.738072       0.944527     0.00321652       0.000000
     0.739664       0.943224     0.00228463       0.000000
     0.741261       0.945372     0.00246087       0.000000
     0.742864       0.949784     0.00236708       0.000000
     0.744473       0.945551     0.00203524       0.000000
     0.746088       0.948755     0.00330695       0.000000
     0.747709       0.946722     0.00200258       0.000000
     0.749336       0.944810     0.00202439       0.000000
     0.750970       0.946799     0.00248178       0.000000
     0.752611       0.944649     0.00320294       0.000000
     0.754258       0.947727     0.00360505       0.000000
     0.755911       0.950318     0.00222948       0.000000
     0.757572       0.954023     0.00299684       0.000000
     0.759239       0.951426     0.00494485       0.000000
     0.760913       0.944969     0.00228428       0.000000
     0.762595       0.955757     0.00238126       0.000000
     0.764283       0.960738     0.00109394       0.000000
     0.765978       0.947993     0.00196498       0.000000
     0.767681       0.952600     0.00300776       0.000000
     0.769391       0.948375     0.00161687       0.000000
     0.771108       0.941115     0.00202184       0.000000
     0.772833       0.944071     0.00217713       0.000000
     0.774565       0.944393     0.00232611       0.000000
     0.776305       0.936957     0.00397877       0.000000
     0.778053       0.949806     0.00165715       0.000000
     0.779808       0.943380     0.00103379       0.000000
     0.781571       0.942323     0.00192249       0.000000
     0.783341       0.936522     0.00154232       0.000000
     0.785120       0.938522     0.00162784       0.000000
     0.786906       0.936286     0.00102225       0.000000
     0.788701       0.936601     0.00150321       0.000000
     0.790503       0.932817     0.00203228       0.000000
     0.792314       0.933442     0.00217928       0.000000
     0.794132       0.927906     0.00212594       0.000000
     0.795959       0.926214     0.00176226       0.000000
     0.797794       0.929259     0.00253694       0.000000
     0.799637       0.931097     0.00366072       0.000000
     0.801488       0.927276     0.00244550       0.000000
     0.803348       0.929639     0.00160671       0.000000
     0.805215       0.927964     0.00166850       0.000000
     0.807091       0.927349     0.00225591       0.000000
     0.808976       0.926651     0.00330143       0.000000
     0.810869       0.926441     0.00107485       0.000000
     0.812770       0.921724     0.00117817       0.000000
     0.814680       0.923196     0.00392851       0.000000
     0.816598       0.919439     0.00197347       0.000000
     0.818524       0.923641     0.00334342       0.000000
     0.820459       0.923014     0.00374800       0.000000
     0.822403       0.921877     0.00174276       0.000000
     0.824355       0.916027     0.00125426       0.000000
     0.826316       0.914287     0.00205139       0.000000
     0.828285       0.913831     0.00260498       0.000000
     0.830262       0.908788     0.00259606       0.000000
     0.832249       0.908576     0.00241179       0.000000
     0.834243       0.909063     0.00394100       0.000000
     0.836247       0.907509     0.00418536       0.000000
     0.838259       0.906591     0.00273646       0.000000
     0.840279       0.903371     0.00208768       0.000000
     0.842308       0.898303     0.00160345       0.000000
     0.844346       0.899827     0.00225176       0.000000
     0.846392       0.899402     0.00260443       0.000000
     0.848446       0.896803     0.00359792       0.000000
     0.850510       0.893868     0.00243612       0.000000
     0.852582       0.886777     0.00152610       0.000000
     0.854662       0.885276     0.00266833       0.000000
     0.856751       0.896489     0.00534127       0.000000
     0.858848       0.899949     0.00253215       0.000000
     0.860954       0.893466     0.00253261       0.000000
     0.863069       0.884102     0.00205402       0.000000
     0.865192       0.884713     0.00246075       0.000000
     0.867323       0.886119     0.00239351       0.000000
     0.869463       0.881326     0.00164539       0.000000
     0.871611       0.882124     0.00164202       0.000000
     0.873768       0.879296     0.00175980       0.000000
     0.875933       0.879547     0.00254424       0.000000
     0.878107       0.878457     0.00271937       0.000000
     0.880288       0.871296     0.00237200       0.000000
     0.882479       0.868570     0.00229205       0.000000
     0.884677       0.869131     0.00344181       0.000000
     0.886884       0.868130     0.00235799       0.000000
     0.889099       0.865060     0.00336100       0.000000
     0.891322       0.862985     0.00285535       0.000000
     0.893554       0.862594     0.00218072       0.000000
     0.895794       0.861380     0.00238517       0.000000
     0.898042       0.864545     0.00207918       0.000000
     0.900298       0.862158     0.00328160       0.000000
     0.902562       0.865349     0.00237227       0.000000
     0.904834       0.862442     0.00264274       0.000000
     0.907114       0.863213     0.00243657       0.000000
     0.909402       0.857260     0.00218538       0.000000
     0.911698       0.862418     0.00240028       0.000000
     0.914002       0.862282     0.00323128       0.000000
     0.916314       0.858343     0.00251920       0.000000
     0.918634       0.856377     0.00219671       0.000000
     0.920962       0.858000     0.00136503       0.000000
     0.923297       0.863865     0.00335766       0.000000
     0.925640       0.863603     0.00366741       0.000000
     0.927991       0.863590     0.00282984       0.000000
     0.930349       0.861604     0.00176273       0.000000
     0.932715       0.860429     0.00279059       0.000000
     0.935089       0.866435     0.00275938       0.000000
     0.937470       0.864736     0.00296289       0.000000
     0.939859       0.866205     0.00209983       0.000000
     0.942255       0.867690     0.00189248       0.000000
     0.944658       0.867364     0.00296331       0.000000
     0.947069       0.869905     0.00195705       0.000000
     0.949487       0.874312     0.00229102       0.000000
     0.951913       0.871994     0.00156737       0.000000
     0.954345       0.872153     0.00194500       0.000000
     0.956785       0.877043     0.00225343       0.000000
     0.959232       0.880176     0.00220830       0.000000
     0.961685       0.880432     0.00178401       0.000000
     0.964146       0.878444     0.00188327       0.000000
     0.966614       0.882077     0.00214143       0.000000
     0.969089       0.889081     0.00253434       0.000000
     0.971570       0.890192     0.00109471       0.000000
     0.974059       0.891588     0.00319305       0.000000
     0.976554       0.896082     0.00326801       0.000000
     0.979056       0.891991     0.00242340       0.000000
     0.981564       0.894733     0.00406726       0.000000
     0.984079       0.895702     0.00284450       0.000000
     0.986601       0.898156     0.00228300       0.000000
     0.989129       0.904398     0.00387459       0.000000
     0.991664       0.905754     0.00271045       0.000000
     0.994204       0.898662     0.00197303       0.000000
     0.996752       0.906215     0.00214469       0.000000
     0.999305       0.915101     0.00312523       0.000000
      1.00186       0.916372     0.00455026       0.000000
      1.00443       0.914019     0.00373704       0.000000
      1.00700       0.913876    0.000672918       0.000000
      1.00958       0.916283     0.00312619       0.000000
      1.01216       0.924199     0.00304527       0.000000
      1.01475       0.919223     0.00288802       0.000000
      1.01735       0.918835     0.00306086       0.000000
      1.01995       0.922093     0.00356172       0.000000
      1.02256       0.923853     0.00319016       0.000000
      1.02517       0.926944     0.00300972       0.000000
      1.02779       0.923954     0.00231974       0.000000
      1.03041       0.924106     0.00261353       0.000000
      1.03304       0.933452     0.00331092       0.000000
      1.03568       0.933305     0.00322480       0.000000
      1.03832       0.933217     0.00300044       0.000000
      1.04097       0.933632     0.00299046       0.000000
      1.04362       0.937523     0.00346469       0.000000
      1.04627       0.936266     0.00296814       0.000000
      1.04893       0.938630     0.00458485       0.000000
      1.05160       0.944104     0.00382776       0.000000
      1.05427       0.938669     0.00306792       0.000000
      1.05695       0.938298     0.00307569       0.000000
      1.05963       0.940709     0.00296076       0.000000
      1.06232       0.941138     0.00212397       0.000000
      1.06501       0.945270     0.00169459       0.000000
      1.06770       0.943693     0.00277814       0.000000
      1.07040       0.947232     0.00429006       0.000000
      1.07311       0.953372     0.00201064       0.000000
      1.07582       0.951157     0.00176658       0.000000
      1.07853       0.953166     0.00191087       0.000000
      1.08125       0.956439     0.00325203       0.000000
      1.08397       0.958971     0.00328905       0.000000
      1.08670       0.959605     0.00247478       0.000000
      1.08943       0.954460     0.00245331       0.000000
      1.09217       0.961345     0.00246809       0.000000
      1.09491       0.964858     0.00185528       0.000000
      1.09765       0.961387     0.00222844       0.000000
      1.10040       0.965893     0.00204342       0.000000
      1.10315       0.966344     0.00188608       0.000000
      1.10590       0.969705     0.00153984       0.000000
      1.10866       0.970025     0.00211659       0.000000
      1.11142       0.975149     0.00204935       0.000000
      1.11419       0.971236     0.00293279       0.000000
      1.11696       0.973297     0.00248819       0.000000
      1.11973       0.972625     0.00231823       0.000000
      1.12251       0.976154     0.00329281       0.000000
      1.12529       0.983171     0.00397828       0.000000
      1.12808       0.986446     0.00193843       0.000000
      1.13086       0.984834     0.00184645       0.000000
      1.13365       0.987224     0.00351053       0.000000
      1.13645       0.990635     0.00450670       0.000000
      1.13924       0.987353     0.00132794       0.000000
      1.14204       0.982195     0.00165874       0.000000
      1.14484       0.992683     0.00289672       0.000000
      1.14765       0.988922     0.00176765       0.000000
      1.15046       0.986967     0.00208824       0.000000
      1.15327       0.993580     0.00249858       0.000000
      1.15608       0.989329     0.00115339       0.000000
      1.15890       0.989268     0.00122100       0.000000
      1.16172       0.993294     0.00151384       0.000000
      1.16454       0.997304     0.00186900       0.000000
      1.16737       0.994440     0.00209030       0.000000
      1.17019       0.989773     0.00160784       0.000000
      1.17302       0.995559     0.00176752       0.000000
      1.17585       0.997827     0.00111023       0.000000
      1.17869        1.00059     0.00278576       0.000000
      1.18152       0.998841     0.00293566       0.000000
      1.18436       0.998298     0.00188968       0.000000
      1.18720       0.999982     0.00147743       0.000000
      1.19004       0.998734     0.00144745       0.000000
      1.19289        1.00288     0.00276209       0.000000
      1.19573        1.00152     0.00257267       0.000000
      1.19858        1.00595     0.00238509       0.000000
      1.20143        1.00742     0.00154381       0.000000
      1.20428       0.996667     0.00862009       0.000000
      1.20713        1.00086     0.00504483       0.000000
      1.20999        1.00278     0.00207864       0.000000
      1.21284        1.00663     0.00422408       0.000000
      1.21570        1.00461     0.00590808       0.000000
      1.21856        1.00120      0.0101179       0.000000
      1.22142       0.990172     0.00414270       0.000000
      1.22428        1.00784     0.00163359       0.000000
      1.22715        1.00955     0.00193852       0.000000
      1.23001        1.01055     0.00220468       0.000000
      1.23288        1.00932     0.00312230       0.000000
      1.23574        1.01134     0.00161109       0.000000
      1.23861        1.01300     0.00129359       0.000000
      1.24148        1.01768    0.000923540       0.000000
      1.24435        1.01263    0.000961582       0.000000
      1.24722        1.01754     0.00247438       0.000000
      1.25009        1.01808     0.00367299       0.000000
      1.25296        1.02563     0.00189252       0.000000
      1.25584        1.01468     0.00139217       0.000000
      1.25871        1.01448     0.00131382       0.000000
      1.26159        1.02012     0.00129061       0.000000
      1.26446        1.02764     0.00137415       0.000000
      1.26734        1.02172     0.00164415       0.000000
      1.27021        1.01960     0.00184844       0.000000
      1.27309        1.02293     0.00204841       0.000000
      1.27597        1.02294     0.00126366       0.000000
      1.27884        1.02105     0.00100710       0.000000
      1.28172        1.02339     0.00154334       0.000000
      1.28460        1.02284    0.000896592       0.000000
      1.28748        1.02105     0.00229612       0.000000
      1.29035        1.02248     0.00360514       0.000000
      1.29323        1.02723     0.00226901       0.000000
      1.29611        1.02384     0.00217895       0.000000
      1.29899        1.03163     0.00222276       0.000000
      1.30187        1.02239     0.00146258       0.000000
      1.30474        1.02309     0.00143254       0.000000
      1.30762        1.02679     0.00171545       0.000000
      1.31050        1.03054     0.00287518       0.000000
      1.31338        1.03042     0.00163632       0.000000
      1.31626        1.03325     0.00279629       0.000000
      1.31913        1.03027     0.00268367       0.000000
      1.32201        1.03716     0.00264379       0.000000
      1.32489        1.03675     0.00137415       0.000000
      1.32776        1.03067     0.00223482       0.000000
      1.33064        1.02862     0.00224395       0.000000
      1.33351        1.03442     0.00214627       0.000000
      1.33638        1.04347     0.00325955       0.000000
      1.33926        1.04893     0.00220989       0.000000
      1.34213        1.04835     0.00240297       0.000000
      1.34500        1.05015     0.00289777       0.000000
      1.34787        1.05204     0.00294606       0.000000
      1.35075        1.04677     0.00318072       0.000000
      1.35362        1.03608     0.00283459       0.000000
      1.35648        1.04697     0.00348376       0.000000
      1.35935        1.04032     0.00348804       0.000000
      1.36222        1.03640     0.00480190       0.000000
      1.36509        1.03121     0.00596742       0.000000
      1.36795        1.05043     0.00857525       0.000000
      1.37081        1.06782     0.00428321       0.000000
      1.37368        1.05714     0.00531556       0.000000
      1.37654        1.05740     0.00590980       0.000000
      1.37940        1.05455     0.00458048       0.000000
      1.38226        1.05118     0.00348595       0.000000
      1.38512        1.04814     0.00379474       0.000000
      1.38797        1.04789     0.00394167       0.000000
      1.39083        1.05297     0.00146024       0.000000
      1.39368        1.05813     0.00422195       0.000000
      1.39654        1.06026     0.00682545       0.000000
      1.39939        1.05418     0.00312842       0.000000
      1.40224        1.05306     0.00153196       0.000000
      1.40508        1.05243     0.00254707       0.000000
      1.40793        1.05798     0.00180765       0.000000
      1.41078        1.05962     0.00184551       0.000000
      1.41362        1.06275     0.00223084       0.000000
      1.41646        1.06059     0.00166639       0.000000
      1.41930        1.06262     0.00116768       0.000000
      1.42214        1.06752     0.00161687       0.000000
      1.42498        1.06910     0.00215747       0.000000
      1.42781        1.06611     0.00267936       0.000000
      1.43065        1.07586     0.00349897       0.000000
      1.43348        1.06598     0.00188459       0.000000
      1.43631        1.06726     0.00200863       0.000000
      1.43914        1.07048     0.00312790       0.000000
      1.44196        1.06731     0.00265407       0.000000
      1.44479        1.06631     0.00298412       0.000000
      1.44761        1.06727     0.00190715       0.000000
      1.45043        1.06373     0.00248674       0.000000
      1.45325        1.06390     0.00259836       0.000000
      1.45606        1.07056     0.00307413       0.000000
      1.45888        1.07132     0.00347564       0.000000
      1.46169        1.07237     0.00311918       0.000000
      1.46450        1.06927     0.00288562       0.000000
      1.46731        1.06665     0.00364930       0.000000
      1.47011        1.07091     0.00176325       0.000000
      1.47292        1.06341     0.00221892       0.000000
      1.47572        1.07584     0.00139404       0.000000
      1.47852        1.07133     0.00224777       0.000000
      1.48132        1.07551     0.00230543       0.000000
      1.48411        1.07495     0.00229737       0.000000
      1.48690        1.07385     0.00151553       0.000000
      1.48969        1.06857     0.00219707       0.000000
      1.49248        1.07243     0.00271772       0.000000
      1.49527        1.07265     0.00175783       0.000000
      1.49805        1.07583     0.00285295       0.000000
      1.50083        1.07449     0.00288027       0.000000
      1.50361        1.06780     0.00167731       0.000000
      1.50638        1.07208     0.00153633       0.000000
      1.50916        1.07627     0.00111393       0.000000
      1.51193        1.06821     0.00223458       0.000000
      1.51470        1.06679     0.00199997       0.000000
      1.51746        1.07007     0.00246125       0.000000
      1.52023        1.07502     0.00147928       0.000000
      1.52299        1.06983     0.00168999       0.000000
      1.52575        1.06582     0.00303371       0.000000
      1.52850        1.06865     0.00331226       0.000000
      1.53125        1.06981     0.00424903       0.000000
      1.53400        1.06811     0.00157962       0.000000
      1.53675        1.07505     0.00216119       0.000000
      1.53950        1.07141     0.00123863       0.000000
      1.54224        1.06491     0.00107155       0.000000
      1.54498        1.06114     0.00205170       0.000000
      1.54772        1.07288     0.00204444       0.000000
      1.55045        1.07854     0.00336644       0.000000
      1.55318        1.06778     0.00272783       0.000000
      1.55591        1.06879     0.00163639       0.000000
      1.55864        1.07178    0.000532633       0.000000
      1.56136        1.07296     0.00212026       0.000000
      1.56409        1.06616     0.00183889       0.000000
      1.56680        1.06734     0.00126084       0.000000
      1.56952        1.06914     0.00160643       0.000000
      1.57223        1.06435     0.00296068       0.000000
      1.57494        1.05813     0.00368874       0.000000
      1.57765        1.05990     0.00250430       0.000000
      1.58035        1.06944     0.00226110       0.000000
      1.58305        1.06512    0.000873261       0.000000
      1.58575        1.06290     0.00114092       0.000000
      1.58845        1.06740     0.00174838       0.000000
      1.59114        1.06831     0.00141159       0.000000
      1.59383        1.07419     0.00223247       0.000000
      1.59652        1.06274     0.00411685       0.000000
      1.59920        1.06309     0.00180448       0.000000
      1.60189        1.06351     0.00104497       0.000000
      1.60456        1.06084     0.00120742       0.000000
      1.60724        1.06291     0.00123190       0.000000
      1.60991        1.05771     0.00180970       0.000000
      1.61258        1.05968     0.00147499       0.000000
      1.61525        1.06160     0.00258710       0.000000
      1.61791        1.05752    0.000814394       0.000000
      1.62057        1.05631     0.00132993       0.000000
      1.62323        1.05445     0.00149332       0.000000
      1.62589        1.05922     0.00203482       0.000000
      1.62854        1.05557    0.000797923       0.000000
      1.63119        1.05043     0.00141148       0.000000
      1.63384        1.04791     0.00168114       0.000000
      1.63648        1.04953     0.00126742       0.000000
      1.63912        1.04522     0.00107795       0.000000
      1.64176        1.04796     0.00164022       0.000000
      1.64439        1.04452     0.00230492       0.000000
      1.64702        1.04779     0.00225877       0.000000
      1.64965        1.04799     0.00159058       0.000000
      1.65228        1.04600     0.00187822       0.000000
      1.65490        1.04866     0.00103589       0.000000
      1.65752        1.04449     0.00263947       0.000000
      1.66014        1.04228     0.00145438       0.000000
      1.66275        1.04419    0.000737186       0.000000
      1.66536        1.04346     0.00218191       0.000000
      1.66797        1.04502     0.00253870       0.000000
      1.67058        1.04078     0.00166229       0.000000
      1.67318        1.03936     0.00239847       0.000000
      1.67578        1.04057     0.00235570       0.000000
      1.67837        1.04053     0.00358666       0.000000
      1.68097        1.03838     0.00242425       0.000000
      1.68356        1.03899     0.00202201       0.000000
      1.68615        1.03431     0.00206049       0.000000
      1.68873        1.03856     0.00156406       0.000000
      1.69131        1.03001     0.00181644       0.000000
      1.69389        1.03299     0.00115340       0.000000
      1.69646        1.02632    0.000802841       0.000000
      1.69904        1.02751     0.00108519       0.000000
      1.70161        1.02419     0.00110892       0.000000
      1.70417        1.02741     0.00165991       0.000000
      1.70674        1.03020     0.00225953       0.000000
      1.70930        1.02250     0.00278638       0.000000
      1.71186        1.02767     0.00190045       0.000000
      1.71441        1.02107     0.00278259       0.000000
      1.71696        1.02341     0.00269841       0.000000
      1.71951        1.02544     0.00116848       0.000000
      1.72206        1.02348     0.00137584       0.000000
      1.72460        1.02256     0.00165317       0.000000
      1.72714        1.02097    0.000814652       0.000000
      1.72968        1.02339     0.00188499       0.000000
      1.73221        1.02567     0.00259032       0.000000
      1.73474        1.02367     0.00357759       0.000000
      1.73727        1.02260     0.00124223       0.000000
      1.73980        1.02115     0.00176046       0.000000
      1.74232        1.02268     0.00115328       0.000000
      1.74484        1.01864     0.00204554       0.000000
      1.74736        1.01866     0.00147601       0.000000
      1.74987        1.01460     0.00294768       0.000000
      1.75239        1.02010     0.00360180       0.000000
      1.75489        1.01487     0.00199613       0.000000
      1.75740        1.01558    0.000988173       0.000000
      1.75990        1.01171     0.00219527       0.000000
      1.76240        1.01707     0.00170823       0.000000
      1.76490        1.01833     0.00243558       0.000000
      1.76739        1.01955     0.00234841       0.000000
      1.76989        1.01601     0.00138805       0.000000
      1.77237        1.01319     0.00121894       0.000000
      1.77486        1.01514     0.00213776       0.000000
      1.77734        1.02161     0.00254916       0.000000
      1.77982        1.01351     0.00189610       0.000000
      1.78230        1.01227     0.00248329       0.000000
      1.78478        1.01625     0.00184709       0.000000
      1.78725        1.01520     0.00250343       0.000000
      1.78972        1.00777     0.00290045       0.000000
      1.79219        1.01184     0.00358120       0.000000
      1.79465        1.00766     0.00134565       0.000000
      1.79711        1.01061     0.00168154       0.000000
      1.79957        1.00529     0.00192887       0.000000
      1.80203        1.01108     0.00333573       0.000000
      1.80448        1.00518     0.00197272       0.000000
      1.80693        1.00859     0.00279360       0.000000
      1.80938        1.00338     0.00191905       0.000000
      1.81182        1.00918     0.00365341       0.000000
      1.81426        1.00996     0.00496340       0.000000
      1.81670        1.00160     0.00383537       0.000000
      1.81914       0.998042     0.00139782       0.000000
      1.82158        1.00657     0.00277499       0.000000
      1.82401        1.00940     0.00374822       0.000000
      1.82644        1.01410     0.00351204       0.000000
      1.82886        1.01844     0.00573575       0.000000
      1.83129        1.02490     0.00875418       0.000000
      1.83371        1.01592     0.00623440       0.000000
      1.83613        1.01579     0.00580846       0.000000
      1.83854        1.00612     0.00640955       0.000000
      1.84096        1.00429     0.00463151       0.000000
      1.84337        1.01356     0.00573892       0.000000
      1.84578        1.01718     0.00274588       0.000000
      1.84818        1.01517     0.00749361       0.000000
      1.85059        1.00974     0.00651121       0.000000
      1.85299       0.988557     0.00312020       0.000000
      1.85538       0.990477     0.00829219       0.000000
      1.85778        1.00723     0.00622234       0.000000
      1.86017        1.01764     0.00588727       0.000000
      1.86257        1.02152     0.00376439       0.000000
      1.86495        1.01695      0.0123743       0.000000
      1.86734        1.00606      0.0181410       0.000000
      1.86972       0.987240      0.0120912       0.000000
      1.87210       0.964982     0.00695699       0.000000
      1.87448       0.978344      0.0117875       0.000000
      1.87686       0.998641     0.00952629       0.000000
      1.87923        1.00721     0.00812402       0.000000
      1.88160        1.01605     0.00310977       0.000000
      1.88397        1.01362     0.00615924       0.000000
      1.88634        1.01113     0.00506169       0.000000
      1.88870        1.00613     0.00200583       0.000000
      1.89107        1.01098     0.00342487       0.000000
      1.89343        1.01407     0.00614908       0.000000
      1.89578        1.01896     0.00730784       0.000000
      1.89814        1.00598     0.00567128       0.000000
      1.90049        1.00406     0.00448612       0.000000
      1.90284       0.993360     0.00544321       0.000000
      1.90519        1.00113     0.00401373       0.000000
      1.90753        1.00643     0.00291305       0.000000
      1.90988        1.00708     0.00169239       0.000000
      1.91222        1.00176     0.00345685       0.000000
      1.91456       0.998680     0.00312304       0.000000
      1.91689       0.986880     0.00268013       0.000000
      1.91923       0.995626     0.00295496       0.000000
      1.92156        1.00620     0.00275305       0.000000
      1.92389        1.00364     0.00401554       0.000000
      1.92621       0.999817     0.00319095       0.000000
      1.92854        1.00165     0.00179637       0.000000
      1.93086        1.00345     0.00130752       0.000000
      1.93318        1.00017     0.00160093       0.000000
      1.93550        1.00170     0.00373967       0.000000
      1.93782        1.00721     0.00218266       0.000000
      1.94013        1.00644     0.00154154       0.000000
      1.94244        1.00396     0.00279286       0.000000
      1.94475        1.00710     0.00388257       0.000000
      1.94706        1.01487     0.00387943       0.000000
      1.94937        1.00429     0.00466135       0.000000
      1.95167        1.00412     0.00376829       0.000000
      1.95397       0.998409     0.00102103       0.000000
      1.95627        1.00030     0.00188710       0.000000
      1.95857       0.995996     0.00212908       0.000000
      1.96086       0.990941     0.00251376       0.000000
      1.96315       0.992290     0.00375576       0.000000
      1.96544       0.993421     0.00182724       0.000000
      1.96773       0.983763     0.00236491       0.000000
      1.97002       0.996518     0.00241648       0.000000
      1.97230        1.00261     0.00222601       0.000000
      1.97458        1.00302     0.00246410       0.000000
      1.97686        1.00358     0.00143499       0.000000
      1.97914        1.00383     0.00231485       0.000000
      1.98142        1.00451     0.00332083       0.000000
      1.98369        1.00613     0.00126580       0.000000
      1.98596       0.999780     0.00276703       0.000000
      1.98823        1.00088     0.00342269       0.000000
      1.99050       0.996609     0.00221093       0.000000
      1.99277        1.01472     0.00451012       0.000000
      1.99503        1.01312     0.00317320       0.000000
      1.99729        1.00488     0.00552720       0.000000
      1.99955       0.997084     0.00345326       0.000000
      2.00181        1.00455     0.00423387       0.000000
      2.00406       0.998061     0.00552976       0.000000
      2.00632        1.00498     0.00603380       0.000000
      2.00857        1.01054     0.00274028       0.000000
      2.01082        1.01074     0.00285194       0.000000
      2.01306        1.00517     0.00176950       0.000000
      2.01531        1.00182     0.00290119       0.000000
      2.01755       0.988762     0.00418911       0.000000
      2.01980       0.995899     0.00446384       0.000000
      2.02203        1.00337     0.00184588       0.000000
      2.02427        1.01670     0.00565910       0.000000
      2.02651        1.00159     0.00391195       0.000000
      2.02874        1.00697     0.00199159       0.000000
      2.03097        1.01922     0.00294218       0.000000
      2.03320        1.01171     0.00190332       0.000000
      2.03543        1.01131    0.000981424       0.000000
      2.03766        1.01038     0.00173570       0.000000
      2.03988        1.00794     0.00190167       0.000000
      2.04210        1.01427     0.00106160       0.000000
      2.04432        1.01037     0.00156326       0.000000
      2.04654        1.00940     0.00183540       0.000000
      2.04876        1.01023     0.00194820       0.000000
      2.05097        1.01116     0.00351993       0.000000
      2.05318        1.00166     0.00319230       0.000000
      2.05539        1.00935     0.00327664       0.000000
      2.05760        1.01268     0.00375468       0.000000
      2.05981        1.01747     0.00173924       0.000000
      2.06201        1.01299     0.00195581       0.000000
      2.06421        1.00858     0.00356102       0.000000
      2.06641        1.00890     0.00173435       0.000000
      2.06861        1.01571     0.00198259       0.000000
      2.07081        1.01932     0.00228783       0.000000
      2.07300        1.01710     0.00226817       0.000000
      2.07520        1.01626     0.00283255       0.000000
      2.07739        1.01223     0.00237989       0.000000
      2.07958        1.02147     0.00118067       0.000000
      2.08176        1.01765     0.00226719       0.000000
      2.08395        1.01470     0.00239034       0.000000
      2.08613        1.01717     0.00255030       0.000000
      2.08831        1.02020     0.00160694       0.000000
      2.09049        1.01875     0.00263507       0.000000
      2.09267        1.02271     0.00193577       0.000000
      2.09485        1.01739     0.00106800       0.000000
      2.09702        1.01514     0.00249796       0.000000
      2.09919        1.02573     0.00210067       0.000000
      2.10136        1.02445     0.00152718       0.000000
      2.10353        1.02614     0.00177493       0.000000
      2.10570        1.02932     0.00150471       0.000000
      2.10786        1.02432     0.00176421       0.000000
      2.11002        1.02480     0.00234615       0.000000
      2.11218        1.02280     0.00271452       0.000000
      2.11434        1.02714     0.00135418       0.000000
      2.11650        1.02024     0.00123884       0.000000
      2.11865        1.02922     0.00119596       0.000000
      2.12080        1.03644     0.00205592       0.000000
      2.12295        1.03056     0.00207415       0.000000
      2.12510        1.02530     0.00185582       0.000000
      2.12725        1.02460     0.00182632       0.000000
      2.12939        1.02507     0.00177188       0.000000
      2.13153        1.03011     0.00135266       0.000000
      2.13367        1.02863     0.00270457       0.000000
      2.13581        1.03100     0.00158750       0.000000
      2.13795        1.03103     0.00150820       0.000000
      2.14008        1.03029     0.00178687       0.000000
      2.14222        1.02660     0.00197037       0.000000
      2.14435        1.03218     0.00162510       0.000000
      2.14647        1.02589     0.00198356       0.000000
      2.14860        1.03092     0.00338745       0.000000
      2.15073        1.02667     0.00187213       0.000000
      2.15285        1.02825     0.00176686       0.000000
      2.15497        1.02800     0.00144570       0.000000
      2.15709        1.02634    0.000811389       0.000000
      2.15920        1.03046     0.00112856       0.000000
      2.16132        1.03196     0.00261217       0.000000
      2.16343        1.04207     0.00273191       0.000000
      2.16554        1.03177     0.00408752       0.000000
      2.16765        1.02380     0.00271986       0.000000
      2.16976        1.02575     0.00138367       0.000000
      2.17186        1.03191     0.00193363       0.000000
      2.17396        1.03251     0.00174009       0.000000
      2.17606        1.03358     0.00130456       0.000000
      2.17816        1.03284     0.00207397       0.000000
      2.18026        1.02563     0.00205283       0.000000
      2.18235        1.02945     0.00254322       0.000000
      2.18444        1.02870     0.00219303       0.000000
      2.18653        1.02983     0.00149884       0.000000
      2.18862        1.03339     0.00120708       0.000000
      2.19070        1.03545     0.00142775       0.000000
      2.19279        1.03324     0.00108380       0.000000
      2.19487        1.03961     0.00292988       0.000000
      2.19695        1.03600     0.00137181       0.000000
      2.19902        1.02953     0.00105322       0.000000
      2.20110        1.03467     0.00218524       0.000000
      2.20317        1.03078     0.00328445       0.000000
      2.20524        1.02479     0.00135219       0.000000
      2.20731        1.02780     0.00200723       0.000000
      2.20938        1.03106     0.00342628       0.000000
      2.21144        1.03043     0.00158510       0.000000
      2.21350        1.03118    0.000929963       0.000000
      2.21556        1.03132     0.00254974       0.000000
      2.21762        1.03103     0.00317807       0.000000
      2.21968        1.02684     0.00167914       0.000000
      2.22173        1.03248     0.00122333       0.000000
      2.22378        1.03220     0.00219193       0.000000
      2.22583        1.02670     0.00246047       0.000000
      2.22788        1.02878     0.00107680       0.000000
      2.22992        1.03679     0.00314511       0.000000
      2.23196        1.03708     0.00216592       0.000000
      2.23400        1.03668     0.00129373       0.000000
      2.23604        1.03512     0.00329303       0.000000
      2.23807        1.03319     0.00219956       0.000000
      2.24011        1.03887     0.00168440       0.000000
      2.24214        1.04025     0.00136095       0.000000
      2.24417        1.03121     0.00162037       0.000000
      2.24619        1.03262     0.00174691       0.000000
      2.24822        1.03609     0.00216146       0.000000
      2.25024        1.03708     0.00133053       0.000000
      2.25226        1.03340     0.00235402       0.000000
      2.25427        1.03834     0.00246834       0.000000
      2.25629        1.04047     0.00252969       0.000000
      2.25830        1.04090     0.00106950       0.000000
      2.26031        1.03847     0.00128378       0.000000
      2.26232        1.03912     0.00294317       0.000000
      2.26432        1.04052     0.00248451       0.000000
      2.26633        1.04113     0.00235776       0.000000
      2.26833        1.04209     0.00143852       0.000000
      2.27033        1.03899     0.00220682       0.000000
      2.27232        1.04413     0.00224765       0.000000
      2.27432        1.04414     0.00184628       0.000000
      2.27631        1.03420     0.00280110       0.000000
      2.27830        1.03568     0.00320534       0.000000
      2.28028        1.03471     0.00201076       0.000000
      2.28227        1.04015     0.00324728       0.000000
      2.28425        1.03882     0.00140711       0.000000
      2.28623        1.04534     0.00188590       0.000000
      2.28820        1.04340     0.00253871       0.000000
      2.29018        1.04029     0.00238372       0.000000
      2.29215        1.04124     0.00378943       0.000000
      2.29412        1.04554     0.00293275       0.000000
      2.29609        1.03476     0.00215906       0.000000
      2.29805        1.04026    0.000789076       0.000000
      2.30002        1.03873     0.00194203       0.000000
      2.30198        1.03806     0.00180520       0.000000
      2.30393        1.04002     0.00170032       0.000000
      2.30589        1.04186     0.00233091       0.000000
      2.30784        1.04802     0.00264261       0.000000
      2.30979        1.05227     0.00131965       0.000000
      2.31174        1.04075     0.00147629       0.000000
      2.31369        1.04061     0.00254885       0.000000
      2.31563        1.03976     0.00200606       0.000000
      2.31757        1.04405     0.00209898       0.000000
      2.31951        1.03833     0.00203424       0.000000
      2.32145        1.03981     0.00580156       0.000000
      2.32338        1.03869    0.000971980       0.000000
      2.32531        1.04141     0.00336469       0.000000
      2.32724        1.03949     0.00316457       0.000000
      2.32917        1.04188     0.00109416       0.000000
      2.33109        1.04925     0.00197716       0.000000
      2.33301        1.04958     0.00308180       0.000000
      2.33493        1.04129     0.00567443       0.000000
      2.33685        1.04307     0.00304238       0.000000
      2.33876        1.03702     0.00395005       0.000000
      2.34067        1.04296     0.00218573       0.000000
      2.34258        1.04479     0.00148640       0.000000
      2.34449        1.04564     0.00220927       0.000000
      2.34639        1.04732     0.00270859       0.000000
      2.34830        1.04512     0.00171552       0.000000
      2.35020        1.04186     0.00389887       0.000000
      2.35209        1.03743     0.00220068       0.000000
      2.35399        1.04041    0.000843538       0.000000
      2.35588        1.04355     0.00354292       0.000000
      2.35777        1.03779     0.00356852       0.000000
      2.35966        1.04979     0.00200426       0.000000
      2.36155        1.05078     0.00257205       0.000000
      2.36343        1.05505     0.00162925       0.000000
      2.36531        1.04718     0.00297738       0.000000
      2.36719        1.03771     0.00362278       0.000000
      2.36907        1.04117     0.00481843       0.000000
      2.37094        1.05105     0.00167032       0.000000
      2.37282        1.03865     0.00244002       0.000000
      2.37469        1.04347     0.00326800       0.000000
      2.37655        1.04552     0.00302097       0.000000
      2.37842        1.05578     0.00192644       0.000000
      2.38028        1.04714     0.00369705       0.000000
      2.38214        1.04300     0.00263773       0.000000
      2.38400        1.03350     0.00245799       0.000000
      2.38586        1.04407     0.00240467       0.000000
      2.38772        1.04873     0.00218618       0.000000
      2.38957        1.05049     0.00404831       0.000000
      2.39142        1.05215     0.00304450       0.000000
      2.39327        1.05166     0.00278391       0.000000
      2.39511        1.04601     0.00287862       0.000000
      2.39696        1.04628     0.00140751       0.000000
      2.39880        1.05270     0.00150131       0.000000
      2.40064        1.05008     0.00102993       0.000000
      2.40248        1.05459     0.00138991       0.000000
      2.40432        1.04851     0.00221736       0.000000
      2.40615        1.04932     0.00244396       0.000000
      2.40798        1.05052     0.00468361       0.000000
      2.40982        1.05180     0.00151371       0.000000
      2.41164        1.04782     0.00268883       0.000000
      2.41347        1.05095     0.00300112       0.000000
      2.41530        1.05272     0.00275689       0.000000
      2.41712        1.04523     0.00198600       0.000000
      2.41894        1.04282     0.00218480       0.000000
      2.42076        1.04341     0.00300183       0.000000
      2.42258        1.05419     0.00368123       0.000000
      2.42440        1.05091     0.00210891       0.000000
      2.42622        1.05255     0.00196523       0.000000
      2.42803        1.05748     0.00319968       0.000000
      2.42984        1.04756     0.00317889       0.000000
      2.43165        1.04893     0.00318000       0.000000
      2.43346        1.05138     0.00354061       0.000000
      2.43527        1.04867     0.00374175       0.000000
      2.43708        1.04854     0.00379249       0.000000
      2.43889        1.05867     0.00229427       0.000000
      2.44069        1.06699     0.00312730       0.000000
      2.44249        1.05832     0.00377665       0.000000
      2.44430        1.06249     0.00366568       0.000000
      2.44610        1.05776     0.00435155       0.000000
      2.44790        1.04541     0.00422061       0.000000
      2.44970        1.03998     0.00285843       0.000000
      2.45149        1.04670     0.00380757       0.000000
      2.45329        1.04279     0.00373492       0.000000
      2.45509        1.05571     0.00246195       0.000000
      2.45688        1.06176     0.00272893       0.000000
      2.45868        1.05634     0.00246493       0.000000
      2.46047        1.05751     0.00229248       0.000000
      2.46226        1.05680     0.00238834       0.000000
      2.46406        1.04901     0.00259922       0.000000
      2.46585        1.05364     0.00321787       0.000000
      2.46764        1.05026     0.00450174       0.000000
      2.46943        1.04906     0.00439836       0.000000
      2.47122        1.05853     0.00340959       0.000000
      2.47301        1.05358     0.00374086       0.000000
      2.47480        1.05731     0.00548159       0.000000
      2.47659        1.06981     0.00310815       0.000000
      2.47838        1.07741     0.00545988       0.000000
      2.48017        1.06468     0.00434407       0.000000
      2.48197        1.05350     0.00456400       0.000000
      2.48376        1.04336     0.00354016       0.000000
      2.48555        1.05471     0.00761151       0.000000
      2.48734        1.05145     0.00857260       0.000000
      2.48913        1.05346     0.00475264       0.000000
      2.49092        1.06055     0.00443726       0.000000
      2.49271        1.05373     0.00701991       0.000000
      2.49451        1.04405     0.00637257       0.000000
      2.49630        1.05691     0.00443919       0.000000
      2.49809        1.06143     0.00533401       0.000000
      2.49989        1.06314     0.00769933       0.000000
      2.50169        1.04808     0.00510175       0.000000
      2.50348        1.05148     0.00526143       0.000000