    0.6800   -1.0000   -1.0000         0
    0.6850   -1.0000   -1.0000         0
    0.6900   -1.0000   -1.0000         0
    0.6950   -1.0000   -1.0000         0
    0.7000   -1.0000   -1.0000         0
    0.7050   -1.0000   -1.0000         0
    0.7100   -1.0000   -1.0000         0
    0.7150   -1.0000   -1.0000         0
    0.7200   -1.0000   -1.0000         0
    0.7250   -1.0000   -1.0000         0
    0.7300   -1.0000   -1.0000         0
    0.7350   -1.0000   -1.0000         0
    0.7400   -1.0000   -1.0000         0
    0.7450   -1.0000   -1.0000         0
    0.7500   -1.0000   -1.0000         0
    0.7550   -1.0000   -1.0000         0
    0.7600   -1.0000   -1.0000         0
    0.7650   -1.0000   -1.0000         0
    0.7700   -1.0000   -1.0000         0
    0.7750   -1.0000   -1.0000         0
    0.7800   -1.0000   -1.0000         0
    0.7850   -1.0000   -1.0000         0
    0.7900   -1.0000   -1.0000         0
    0.7950   -1.0000   -1.0000         0
    0.8000   -1.0000   -1.0000         0
    0.8050   -1.0000   -1.0000         0
    0.8100   -1.0000   -1.0000         0
    0.8150   -1.0000   -1.0000         0
    0.8200   -1.0000   -1.0000         0
    0.8250   -1.0000   -1.0000         0
    0.8300   -1.0000   -1.0000         0
    0.8350    0.9742    0.0035         1
    0.8400    0.9744    0.0035         1
    0.8450    0.9617    0.0035         1
    0.8500    0.9521    0.0034         1
    0.8550    0.9490    0.0034         1
    0.8600    0.9373    0.0033         1
    0.8650    0.9325    0.0034         1
    0.8700    0.9250    0.0034         1
    0.8750    0.9106    0.0034         1
    0.8800    0.9076    0.0034         1
    0.8850    0.9111    0.0034         1
    0.8900    0.9081    0.0033         1
    0.8950    0.9050    0.0033         1
    0.9000    0.9066    0.0033         1
    0.9050    0.9119    0.0033         1
    0.9100    0.9133    0.0033         1
    0.9150    0.9112    0.0032         1
    0.9200    0.9112    0.0032         1
    0.9250    0.9111    0.0032         1
    0.9300    0.9087    0.0033         1
    0.9350    0.9093    0.0033         1
    0.9400    0.9125    0.0033         1
    0.9450    0.9159    0.0033         1
    0.9500    0.9325    0.0034         1
    0.9550   -1.0000   -1.0000         0
    0.9600    0.9411    0.0034         1
    0.9650    0.9486    0.0034         1
    0.9700    0.9482    0.0034         1
    0.9750    0.9503    0.0034         1
    0.9800    0.9555    0.0035         1
    0.9850    0.9598    0.0035         1
    0.9900    0.9621    0.0035         1
    0.9950    0.9647    0.0035         1
    1.0000    0.9674    0.0035         1
    1.0050    0.9740    0.0036         1
    1.0100    0.9774    0.0036         1
    1.0150    0.9802    0.0036         1
    1.0200    0.9849    0.0035         1
    1.0250    0.9885    0.0035         1
    1.0300    0.9924    0.0036         1
    1.0350    0.9959    0.0036         1
    1.0400    0.9988    0.0036         1
    1.0450    0.9997    0.0036         1
    1.0500    1.0023    0.0036         1
    1.0550    1.0052    0.0036         1
    1.0600    1.0084    0.0037         1
    1.0650    1.0133    0.0037         1
    1.0700    1.0183    0.0038         1
    1.0750    1.0186    0.0037         1
    1.0800    1.0244    0.0038         1
    1.0850    1.0328    0.0037         1
    1.0900    1.0393    0.0038         1
    1.0950    1.0440    0.0038         1
    1.1000    1.0504    0.0038         1
    1.1050    1.0514    0.0038         1
    1.1100    1.0460    0.0037         1
    1.1150    1.0541    0.0037         1
    1.1200    1.0652    0.0038         1
    1.1250    1.0698    0.0038         1
    1.1300    1.0676    0.0039         1
    1.1350    1.0773    0.0040         1
    1.1400    1.0760    0.0039         1
    1.1450    1.0749    0.0040         1
    1.1500    1.0789    0.0040         1
    1.1550    1.0849    0.0041         1
    1.1600    1.0844    0.0041         1
    1.1650    1.0850    0.0041         1
    1.1700    1.0892    0.0041         1
    1.1750    1.0896    0.0040         1
    1.1800    1.0922    0.0040         1
    1.1850    1.0961    0.0041         1
    1.1900    1.1010    0.0041         1
    1.1950    1.0998    0.0041         1
    1.2000    1.1014    0.0040         1
    1.2050    1.1049    0.0040         1
    1.2100    1.1068    0.0041         1
    1.2150    1.1077    0.0040         1
    1.2200    1.1099    0.0040         1
    1.2250    1.1112    0.0040         1
    1.2300    1.1124    0.0041         1
    1.2350    1.1130    0.0041         1
    1.2400    1.1118    0.0041         1
    1.2450    1.1166    0.0041         1
    1.2500    1.1201    0.0041         1
    1.2550    1.1219    0.0041         1
    1.2600    1.1171    0.0040         1
    1.2650    1.1189    0.0041         1
    1.2700    1.1255    0.0042         1
    1.2750    1.1248    0.0042         1
    1.2800    1.1289    0.0042         1
    1.2850    1.1328    0.0042         1
    1.2900    1.1352    0.0042         1
    1.2950    1.1349    0.0042         1
    1.3000    1.1384    0.0042         1
    1.3050    1.1411    0.0042         1
    1.3100    1.1460    0.0042         1
    1.3150    1.1434    0.0042         1
    1.3200    1.1431    0.0042         1
    1.3250    1.1469    0.0043         1
    1.3300    1.1530    0.0043         1
    1.3350    1.1537    0.0042         1
    1.3400    1.1536    0.0042         1
    1.3450    1.1729    0.0043         1
    1.3500   -1.0000   -1.0000         0
    1.3550   -1.0000   -1.0000         0
    1.3600   -1.0000   -1.0000         0
    1.3650   -1.0000   -1.0000         0
    1.3700   -1.0000   -1.0000         0
    1.3750    1.1684    0.0045         1
    1.3800    1.1705    0.0044         1
    1.3850    1.1733    0.0044         1
    1.3900    1.1802    0.0046         1
    1.3950    1.1811    0.0046         1
    1.4000   -1.0000   -1.0000         0
    1.4050    1.1804    0.0046         1
    1.4100   -1.0000   -1.0000         0
    1.4150   -1.0000   -1.0000         0
    1.4200    1.1929    0.0046         1
    1.4250    1.1950    0.0045         1
    1.4300    1.1941    0.0044         1
    1.4350    1.1970    0.0045         1
    1.4400   -1.0000   -1.0000         0
    1.4450    1.2009    0.0045         1
    1.4500    1.1991    0.0046         1
    1.4550    1.2023    0.0046         1
    1.4600    1.2052    0.0045         1
    1.4650    1.2047    0.0044         1
    1.4700    1.2079    0.0045         1
    1.4750    1.2106    0.0046         1
    1.4800    1.2069    0.0046         1
    1.4850    1.2101    0.0045         1
    1.4900   -1.0000   -1.0000         0
    1.4950    1.2110    0.0046         1
    1.5000    1.2078    0.0046         1
    1.5050    1.2102    0.0046         1
    1.5100    1.2128    0.0046         1
    1.5150    1.2149    0.0046         1
    1.5200    1.2109    0.0045         1
    1.5250    1.2100    0.0046         1
    1.5300    1.2101    0.0046         1
    1.5350    1.2078    0.0045         1
    1.5400    1.2079    0.0045         1
    1.5450    1.2006    0.0045         1
    1.5500    1.2083    0.0045         1
    1.5550    1.2134    0.0046         1
    1.5600    1.2137    0.0045         1
    1.5650    1.2149    0.0045         1
    1.5700    1.2085    0.0045         1
    1.5750    1.2068    0.0045         1
    1.5800    1.2158    0.0046         1
    1.5850    1.2121    0.0045         1
    1.5900    1.2137    0.0045         1
    1.5950    1.2136    0.0045         1
    1.6000    1.2112    0.0045         1
    1.6050    1.2035    0.0045         1
    1.6100    1.2050    0.0045         1
    1.6150    1.2009    0.0044         1
    1.6200    1.2004    0.0045         1
    1.6250    1.1998    0.0045         1
    1.6300    1.1989    0.0044         1
    1.6350    1.1968    0.0044         1
    1.6400    1.1988    0.0044         1
    1.6450    1.1951    0.0044         1
    1.6500    1.1892    0.0045         1
    1.6550    1.1842    0.0045         1
    1.6600    1.1817    0.0044         1
    1.6650    1.1824    0.0044         1
    1.6700    1.1824    0.0044         1
    1.6750    1.1803    0.0044         1
    1.6800    1.1773    0.0044         1
    1.6850    1.1760    0.0044         1
    1.6900    1.1730    0.0044         1
    1.6950    1.1695    0.0044         1
    1.7000    1.1691    0.0044         1
    1.7050    1.1646    0.0044         1
    1.7100    1.1619    0.0044         1
    1.7150    1.1581    0.0044         1
    1.7200    1.1611    0.0044         1
    1.7250    1.1547    0.0044         1
    1.7300    1.1499    0.0044         1
    1.7350    1.1551    0.0044         1
    1.7400    1.1556    0.0044         1
    1.7450    1.1546    0.0044         1
    1.7500    1.1496    0.0044         1
    1.7550    1.1476    0.0044         1
    1.7600    1.1427    0.0044         1
    1.7650    1.1356    0.0044         1
    1.7700    1.1398    0.0044         1
    1.7750    1.1400    0.0044         1
    1.7800    1.1425    0.0044         1
    1.7850    1.1375    0.0044         1
    1.7900    1.1319    0.0043         1
    1.7950    1.1273    0.0043         1
    1.8000    1.1243    0.0043         1
    1.8050    1.1386    0.0043         1
    1.8100   -1.0000   -1.0000         0
    1.8150   -1.0000   -1.0000         0
    1.8200   -1.0000   -1.0000         0
    1.8250   -1.0000   -1.0000         0
    1.8300   -1.0000   -1.0000         0
    1.8350   -1.0000   -1.0000         0
    1.8400   -1.0000   -1.0000         0
    1.8450   -1.0000   -1.0000         0
    1.8500    1.1308    0.0044         1
    1.8550    1.1375    0.0045         1
    1.8600    1.1355    0.0046         1
    1.8650    1.1116    0.0043         1
    1.8700   -1.0000   -1.0000         0
    1.8750   -1.0000   -1.0000         0
    1.8800   -1.0000   -1.0000         0
    1.8850    1.1129    0.0043         1
    1.8900   -1.0000   -1.0000         0
    1.8950   -1.0000   -1.0000         0
    1.9000    1.1339    0.0042         1
    1.9050   -1.0000   -1.0000         0
    1.9100    1.1358    0.0045         1
    1.9150   -1.0000   -1.0000         0
    1.9200    1.1300    0.0045         1
    1.9250    1.1157    0.0044         1
    1.9300    1.1188    0.0045         1
    1.9350    1.1280    0.0044         1
    1.9400    1.1255    0.0043         1
    1.9450    1.1189    0.0043         1
    1.9500   -1.0000   -1.0000         0
    1.9550    1.1177    0.0041         1
    1.9600   -1.0000   -1.0000         0
    1.9650   -1.0000   -1.0000         0
    1.9700    1.1232    0.0045         1
    1.9750    1.1445    0.0045         1
    1.9800    1.1439    0.0045         1
    1.9850    1.1394    0.0044         1
    1.9900   -1.0000   -1.0000         0
    1.9950   -1.0000   -1.0000         0
    2.0000   -1.0000   -1.0000         0
    2.0050   -1.0000   -1.0000         0
    2.0100   -1.0000   -1.0000         0
    2.0150   -1.0000   -1.0000         0
    2.0200   -1.0000   -1.0000         0
    2.0250   -1.0000   -1.0000         0
    2.0300    1.1527    0.0046         1
    2.0350    1.1408    0.0044         1
    2.0400    1.1490    0.0045         1
    2.0450   -1.0000   -1.0000         0
    2.0500   -1.0000   -1.0000         0
    2.0550    1.1574    0.0044         1
    2.0600    1.1540    0.0044         1
    2.0650    1.1513    0.0044         1
    2.0700    1.1482    0.0045         1
    2.0750    1.1475    0.0045         1
    2.0800    1.1610    0.0046         1
    2.0850    1.1624    0.0045         1
    2.0900    1.1591    0.0046         1
    2.0950    1.1614    0.0045         1
    2.1000    1.1681    0.0046         1
    2.1050    1.1741    0.0045         1
    2.1100    1.1772    0.0046         1
    2.1150    1.1776    0.0046         1
    2.1200    1.1772    0.0046         1
    2.1250    1.1744    0.0046         1
    2.1300    1.1717    0.0046         1
    2.1350    1.1757    0.0046         1
    2.1400    1.1767    0.0047         1
    2.1450    1.1772    0.0046         1
    2.1500    1.1837    0.0046         1
    2.1550    1.1752    0.0047         1
    2.1600    1.1755    0.0046         1
    2.1650    1.1880    0.0046         1
    2.1700    1.1844    0.0047         1
    2.1750    1.1817    0.0047         1
    2.1800    1.1802    0.0046         1
    2.1850    1.1810    0.0046         1
    2.1900    1.1814    0.0046         1
    2.1950    1.1813    0.0047         1
    2.2000    1.1848    0.0047         1
    2.2050    1.1856    0.0046         1
    2.2100    1.1854    0.0047         1
    2.2150    1.1815    0.0046         1
    2.2200    1.1833    0.0046         1
    2.2250    1.1856    0.0046         1
    2.2300    1.1841    0.0046         1
    2.2350    1.1851    0.0046         1
    2.2400    1.1882    0.0047         1
    2.2450    1.1868    0.0047         1
    2.2500    1.1880    0.0046         1
    2.2550    1.1887    0.0047         1
    2.2600    1.1883    0.0047         1
    2.2650    1.1899    0.0047         1
    2.2700    1.1911    0.0047         1
    2.2750    1.1937    0.0047         1
    2.2800    1.1921    0.0047         1
    2.2850    1.1947    0.0047         1
    2.2900    1.1912    0.0047         1
    2.2950    1.1980    0.0047         1
    2.3000    1.1950    0.0047         1
    2.3050    1.1926    0.0048         1
    2.3100    1.1971    0.0048         1
    2.3150    1.1937    0.0047         1
    2.3200    1.1992    0.0048         1
    2.3250    1.1960    0.0047         1
    2.3300    1.2024    0.0048         1
    2.3350    1.2010    0.0048         1
    2.3400    1.2013    0.0047         1
    2.3450    1.1951    0.0047         1
    2.3500    1.2005    0.0047         1