0.6865384615384615 1.0547826086956522 0
0.7038461538461538 1.057826086956522 0
0.7192307692307692 1.0628985507246378 0
0.7384615384615384 1.068985507246377 0
0.7538461538461538 1.0730434782608698 0
0.7653846153846153 1.0771014492753623 0
0.7788461538461537 1.0740579710144929 0
0.7903846153846152 1.07 0
0.7980769230769231 1.0659420289855073 0
0.8096153846153846 1.0608695652173914 0
0.8211538461538461 1.0557971014492755 0
0.8288461538461538 1.0497101449275363 0
0.8384615384615384 1.0446376811594202 0
0.8480769230769231 1.0395652173913044 0
0.8519230769230768 1.0334782608695652 0
0.8634615384615385 1.0294202898550726 0
0.875 1.0273913043478262 0
0.8846153846153846 1.0253623188405798 0
0.8942307692307693 1.0223188405797101 0
0.9019230769230769 1.0182608695652176 0
0.9134615384615384 1.0162318840579712 0
0.925 1.0142028985507248 0
0.9365384615384615 1.0142028985507248 0
0.9461538461538461 1.0172463768115942 0
0.9557692307692307 1.021304347826087 0
0.9653846153846153 1.0233333333333334 0
0.975 1.0273913043478262 0
0.9807692307692307 1.032463768115942 0
0.9865384615384615 1.0365217391304349 0
0.9961538461538461 1.0395652173913044 0
1.0076923076923077 1.042608695652174 0
1.0192307692307692 1.0446376811594202 0
1.0307692307692307 1.04768115942029 0
1.0423076923076922 1.0497101449275363 0
1.051923076923077 1.0527536231884058 0
1.0615384615384615 1.0557971014492755 0
1.0692307692307692 1.058840579710145 0
1.0769230769230769 1.0618840579710145 0
1.0865384615384617 1.0669565217391306 0
1.0961538461538463 1.07 0
1.1057692307692308 1.0720289855072465 0
1.1134615384615385 1.0781159420289856 0
1.1211538461538462 1.0842028985507248 0
1.1288461538461538 1.0892753623188407 0
1.1365384615384615 1.0943478260869566 0
1.148076923076923 1.0984057971014494 0
1.1557692307692307 1.1034782608695652 0
1.1653846153846152 1.1085507246376811 0
1.175 1.1115942028985508 0
1.1846153846153844 1.1156521739130436 0
1.194230769230769 1.1197101449275362 0
1.2019230769230769 1.1247826086956523 0
1.2096153846153848 1.128840579710145 0
1.2192307692307693 1.128840579710145 0
1.2307692307692308 1.1278260869565218 0
1.2365384615384616 1.1308695652173915 0
1.2461538461538462 1.133913043478261 0
1.2538461538461538 1.1359420289855073 0
1.2596153846153846 1.1410144927536232 0
1.2673076923076922 1.1471014492753624 0
1.2788461538461537 1.1511594202898552 0
1.2903846153846152 1.1511594202898552 0
1.3038461538461537 1.1521739130434783 0
1.3153846153846154 1.1521739130434783 0
1.325 1.156231884057971 0
1.3326923076923078 1.1592753623188408 0
1.3442307692307693 1.1623188405797102 0
1.353846153846154 1.1633333333333333 0
1.3653846153846154 1.166376811594203 0
1.376923076923077 1.1694202898550725 0
1.3865384615384615 1.1734782608695653 0
1.398076923076923 1.1755072463768117 0
1.4057692307692307 1.1785507246376812 0
1.4134615384615385 1.182608695652174 0
1.421153846153846 1.1866666666666668 0
1.4326923076923077 1.1907246376811595 0
1.4442307692307692 1.192753623188406 0
1.4557692307692307 1.1947826086956523 0
1.4673076923076922 1.1957971014492754 0
1.478846153846154 1.1947826086956523 0
1.4903846153846154 1.1947826086956523 0
1.5 1.1978260869565218 0
1.5096153846153848 1.2018840579710146 0
1.5192307692307692 1.2018840579710146 0
1.5307692307692309 1.2008695652173913 0
1.544230769230769 1.2018840579710146 0
1.551923076923077 1.2028985507246377 0
1.5596153846153846 1.198840579710145 0
1.5673076923076923 1.1947826086956523 0
1.5769230769230769 1.1917391304347826 0
1.5884615384615384 1.1917391304347826 0
1.5980769230769232 1.192753623188406 0
1.6076923076923075 1.192753623188406 0
1.6211538461538462 1.192753623188406 0
1.6346153846153848 1.192753623188406 0
1.6423076923076922 1.1907246376811595 0
1.6519230769230768 1.1876811594202898 0
1.6653846153846152 1.1866666666666668 0
1.676923076923077 1.1856521739130437 0
1.6865384615384615 1.1815942028985509 0
1.6923076923076923 1.1765217391304348 0
1.698076923076923 1.171449275362319 0
1.7038461538461538 1.1684057971014494 0
1.7173076923076924 1.1704347826086958 0
1.7269230769230768 1.1734782608695653 0
1.7346153846153844 1.172463768115942 0
1.7384615384615385 1.1643478260869566 0
1.748076923076923 1.1602898550724638 0
1.7615384615384615 1.1572463768115944 0
1.773076923076923 1.1511594202898552 0
1.7826923076923078 1.1471014492753624 0
1.7923076923076922 1.1471014492753624 0
1.8057692307692308 1.145072463768116 0
1.817307692307692 1.1400000000000001 0
1.8307692307692307 1.1349275362318842 0
1.8423076923076924 1.133913043478261 0
1.8576923076923075 1.1298550724637682 0
1.8711538461538462 1.1298550724637682 0
1.880769230769231 1.128840579710145 0
1.8923076923076922 1.1278260869565218 0
1.9057692307692309 1.1278260869565218 0
1.921153846153846 1.1298550724637682 0
1.9326923076923077 1.1308695652173915 0
1.948076923076923 1.1318840579710145 0
1.9615384615384615 1.1308695652173915 0
1.9749999999999999 1.1308695652173915 0
1.9846153846153847 1.1318840579710145 0
1.9961538461538462 1.1318840579710145 0
2.0076923076923077 1.1328985507246379 0
2.021153846153846 1.133913043478261 0
2.032692307692308 1.1349275362318842 0
2.046153846153846 1.1359420289855073 0
2.055769230769231 1.1369565217391306 0
2.069230769230769 1.1369565217391306 0
2.078846153846154 1.1379710144927537 0
2.0903846153846155 1.1389855072463768 0
2.1038461538461535 1.1400000000000001 0
2.1153846153846154 1.1410144927536232 0
2.125 1.1420289855072465 0
2.1384615384615384 1.145072463768116 0
2.1500000000000004 1.1481159420289857 0
2.1615384615384614 1.1491304347826088 0
2.171153846153846 1.1481159420289857 0
2.184615384615385 1.1471014492753624 0
2.1961538461538463 1.1471014492753624 0
2.2115384615384617 1.1471014492753624 0
2.2249999999999996 1.1511594202898552 0
2.2365384615384616 1.1511594202898552 0
2.25 1.1511594202898552 0
2.2596153846153846 1.1501449275362319 0
2.271153846153846 1.1501449275362319 0
2.2846153846153845 1.1501449275362319 0
2.2980769230769234 1.1521739130434783 0
2.3115384615384613 1.1511594202898552 0
2.325 1.1501449275362319 0
2.3346153846153848 1.1501449275362319 0
2.346153846153846 1.1491304347826088 0
2.3596153846153847 1.1501449275362319 0
2.3730769230769226 1.1481159420289857 0
2.3846153846153846 1.1511594202898552 0
2.396153846153846 1.155217391304348 0
2.4096153846153845 1.1542028985507247 0
2.423076923076923 1.156231884057971 0
2.4346153846153844 1.156231884057971 0
2.4480769230769233 1.1582608695652175 0
2.4596153846153848 1.1582608695652175 0
2.4711538461538463 1.1592753623188408 0
2.4846153846153847 1.1592753623188408 0
2.498076923076923 1.161304347826087 0