0.6887 0.7644 0.0371
0.6901 0.7339 0.0356
0.6916 0.7801 0.0366
0.6931 0.7588 0.0348
0.6946 0.7726 0.0347
0.6961 0.7654 0.0337
0.6976 0.7675 0.0338
0.6991 0.7971 0.0332
0.7006 0.7820 0.0328
0.7020 0.7852 0.0323
0.7035 0.7862 0.0319
0.7050 0.7774 0.0315
0.7065 0.8034 0.0317
0.7080 0.7829 0.0308
0.7095 0.7960 0.0310
0.7110 0.7807 0.0302
0.7126 0.7848 0.0304
0.7141 0.7952 0.0303
0.7156 0.7919 0.0299
0.7171 0.8007 0.0296
0.7186 0.7868 0.0292
0.7202 0.7943 0.0295
0.7217 0.7654 0.0287
0.7232 0.7544 0.0280
0.7248 0.7861 0.0290
0.7263 0.7902 0.0286
0.7279 0.7892 0.0283
0.7294 0.7902 0.0281
0.7310 0.7985 0.0282
0.7326 0.7766 0.0275
0.7341 0.7865 0.0276
0.7357 0.7758 0.0273
0.7373 0.7883 0.0273
0.7389 0.7754 0.0268
0.7405 0.7711 0.0264
0.7421 0.7870 0.0266
0.7437 0.7905 0.0264
0.7453 0.7897 0.0261
0.7469 0.7962 0.0263
0.7486 0.7802 0.0258
0.7502 0.8066 0.0264
0.7518 0.7946 0.0259
0.7535 0.7852 0.0257
0.7551 0.7673 0.0253
0.7568 0.7837 0.0259
0.7584 0.7752 0.0259
0.7601 0.7994 0.0269
0.7618 0.7886 0.0268
0.7635 0.7827 0.0266
0.7652 0.7758 0.0263
0.7669 0.7569 0.0258
0.7686 0.7795 0.0259
0.7703 0.7811 0.0258
0.7720 0.7919 0.0256
0.7737 0.7859 0.0255
0.7755 0.7893 0.0253
0.7772 0.7918 0.0250
0.7790 0.7798 0.0248
0.7807 0.7861 0.0250
0.7825 0.7827 0.0249
0.7843 0.7793 0.0248
0.7860 0.7834 0.0249
0.7878 0.7919 0.0249
0.7896 0.7757 0.0245
0.7914 0.7713 0.0244
0.7933 0.7845 0.0248
0.7951 0.7962 0.0250
0.7969 0.7922 0.0247
0.7987 0.7851 0.0245
0.8006 0.7845 0.0243
0.8024 0.7659 0.0239
0.8043 0.7660 0.0237
0.8062 0.7735 0.0239
0.8081 0.7572 0.0234
0.8099 0.7723 0.0237
0.8118 0.7761 0.0237
0.8138 0.7749 0.0237
0.8157 0.7678 0.0236
0.8176 0.7716 0.0237
0.8195 0.7719 0.0236
0.8215 0.7662 0.0236
0.8234 0.7599 0.0234
0.8254 0.7733 0.0238
0.8273 0.7577 0.0234
0.8293 0.7618 0.0236
0.8313 0.7634 0.0236
0.8333 0.7518 0.0234
0.8353 0.7489 0.0233
0.8373 0.7508 0.0235
0.8393 0.7593 0.0235
0.8413 0.7392 0.0231
0.8434 0.7436 0.0230
0.8454 0.7373 0.0228
0.8475 0.7456 0.0229
0.8495 0.7445 0.0227
0.8516 0.7399 0.0226
0.8537 0.7304 0.0223
0.8557 0.7395 0.0224
0.8578 0.7240 0.0221
0.8599 0.7348 0.0224
0.8620 0.7313 0.0221
0.8642 0.7238 0.0218
0.8663 0.7241 0.0219
0.8684 0.7171 0.0218
0.8706 0.7118 0.0218
0.8727 0.6998 0.0214
0.8749 0.7058 0.0216
0.8771 0.7163 0.0218
0.8792 0.7138 0.0218
0.8814 0.7075 0.0218
0.8836 0.7033 0.0216
0.8858 0.7125 0.0218
0.8880 0.7119 0.0218
0.8902 0.7119 0.0217
0.8925 0.7020 0.0215
0.8947 0.7118 0.0215
0.8970 0.6964 0.0211
0.8992 0.7106 0.0212
0.9015 0.7109 0.0213
0.9037 0.7064 0.0210
0.9060 0.7062 0.0208
0.9083 0.6977 0.0205
0.9106 0.6958 0.0204
0.9129 0.7127 0.0207
0.9152 0.7097 0.0206
0.9175 0.7071 0.0205
0.9198 0.7140 0.0207
0.9222 0.7251 0.0211
0.9245 0.7122 0.0211
0.9268 0.7175 0.0213
0.9292 0.7111 0.0215
0.9316 0.7194 0.0217
0.9339 0.7128 0.0219
0.9363 0.7027 0.0218
0.9387 0.7177 0.0224
0.9411 0.7153 0.0224
0.9435 0.7103 0.0222
0.9459 0.7086 0.0220
0.9483 0.7074 0.0218
0.9507 0.7138 0.0217
0.9532 0.7203 0.0218
0.9556 0.7229 0.0216
0.9580 0.7327 0.0217
0.9605 0.7282 0.0213
0.9630 0.7323 0.0213
0.9654 0.7204 0.0209
0.9679 0.7412 0.0215
0.9704 0.7432 0.0213
0.9729 0.7366 0.0212
0.9754 0.7451 0.0215
0.9778 0.7366 0.0213
0.9804 0.7376 0.0212
0.9829 0.7458 0.0215
0.9854 0.7407 0.0215
0.9879 0.7437 0.0217
0.9904 0.7478 0.0220
0.9930 0.7578 0.0221
0.9955 0.7474 0.0219
0.9981 0.7500 0.0220
1.0006 0.7487 0.0219
1.0032 0.7399 0.0218
1.0058 0.7600 0.0223
1.0083 0.7458 0.0219
1.0109 0.7442 0.0218
1.0135 0.7443 0.0218
1.0161 0.7480 0.0218
1.0187 0.7530 0.0222
1.0213 0.7528 0.0223
1.0239 0.7434 0.0221
1.0265 0.7531 0.0223
1.0292 0.7553 0.0224
1.0318 0.7607 0.0225
1.0344 0.7508 0.0222
1.0370 0.7698 0.0227
1.0397 0.7522 0.0222
1.0423 0.7530 0.0219
1.0450 0.7634 0.0221
1.0476 0.7676 0.0221
1.0503 0.7707 0.0221
1.0530 0.7733 0.0219
1.0556 0.7704 0.0217
1.0583 0.7645 0.0214
1.0610 0.7694 0.0216
1.0637 0.7719 0.0219
1.0664 0.7692 0.0219
1.0691 0.7774 0.0221
1.0718 0.7685 0.0224
1.0745 0.7805 0.0231
1.0772 0.7796 0.0231
1.0799 0.7714 0.0231
1.0827 0.7776 0.0235
1.0854 0.7771 0.0237
1.0881 0.7846 0.0238
1.0908 0.7830 0.0239
1.0936 0.8125 0.0245
1.0963 0.7915 0.0238
1.0991 0.8086 0.0240
1.1018 0.8073 0.0239
1.1046 0.8139 0.0240
1.1073 0.8117 0.0237
1.1101 0.8195 0.0236
1.1128 0.8190 0.0236
1.1156 0.8319 0.0237
1.1184 0.8274 0.0238
1.1212 0.8114 0.0237
1.1240 0.8157 0.0243
1.1267 0.8249 0.0247
1.1295 0.8127 0.0245
1.1323 0.8322 0.0254
1.1351 0.8236 0.0257
1.1379 0.8302 0.0260
1.1407 0.8377 0.0263
1.1435 0.8426 0.0264
1.1463 0.8517 0.0265
1.1491 0.8618 0.0268
1.1519 0.8489 0.0266
1.1547 0.8415 0.0264
1.1575 0.8551 0.0262
1.1604 0.8582 0.0260
1.1632 0.8453 0.0256
1.1660 0.8582 0.0255
1.1688 0.8595 0.0252
1.1717 0.8589 0.0248
1.1745 0.8492 0.0243
1.1773 0.8695 0.0246
1.1802 0.8507 0.0239
1.1830 0.8492 0.0237
1.1858 0.8497 0.0239
1.1887 0.8665 0.0246
1.1915 0.8580 0.0247
1.1944 0.8596 0.0249
1.1972 0.8675 0.0252
1.2001 0.8675 0.0257
1.2029 0.8605 0.0261
1.2058 0.8794 0.0266
1.2086 0.8664 0.0266
1.2115 0.8840 0.0273
1.2143 0.8862 0.0272
1.2172 0.8885 0.0273
1.2200 0.8692 0.0270
1.2229 0.8840 0.0273
1.2258 0.8988 0.0274
1.2286 0.8854 0.0268
1.2315 0.8863 0.0267
1.2344 0.8722 0.0262
1.2372 0.8782 0.0262
1.2401 0.8788 0.0260
1.2430 0.8872 0.0258
1.2458 0.8768 0.0253
1.2487 0.8958 0.0257
1.2516 0.8923 0.0258
1.2545 0.9011 0.0263
1.2573 0.9058 0.0272
1.2602 0.9045 0.0279
1.2631 0.9078 0.0288
1.2659 0.9144 0.0300
1.2688 0.9001 0.0303
1.2717 0.9024 0.0306
1.2746 0.9131 0.0307
1.2774 0.9256 0.0313
1.2803 0.9112 0.0312
1.2832 0.9188 0.0307
1.2861 0.9029 0.0298
1.2890 0.9011 0.0293
1.2918 0.9103 0.0289
1.2947 0.9284 0.0291
1.2976 0.9341 0.0293
1.3005 0.9213 0.0292
1.3034 0.9075 0.0288
1.3062 0.9215 0.0287
1.3091 0.9207 0.0286
1.3120 0.9278 0.0287
1.3149 0.9361 0.0289
1.3177 0.9256 0.0281
1.3206 0.9357 0.0279
1.3235 0.9272 0.0274
1.3264 0.9269 0.0272
1.3293 0.9307 0.0269
1.3321 0.9333 0.0268
1.3350 0.9559 0.0270
1.3379 0.9388 0.0266
1.3407 0.9390 0.0265
1.3436 0.9414 0.0267
1.3465 0.9429 0.0269
1.3494 0.9232 0.0270
1.3522 0.9342 0.0280
1.3551 0.9415 0.0293
1.3580 0.9325 0.0308
1.3752 0.9635 0.0399
1.3780 0.9697 0.0401
1.3809 0.9795 0.0391
1.3837 0.9380 0.0375
1.3866 0.9659 0.0375
1.3895 0.9571 0.0389
1.3923 0.9295 0.0407
1.3952 0.9591 0.0415
1.3980 0.9725 0.0416
1.4009 0.9373 0.0410
1.4037 0.9768 0.0420
1.4066 0.9314 0.0440
1.4094 0.9506 0.0425
1.4123 1.0000 0.0414
1.4151 0.9653 0.0386
1.4179 0.9937 0.0375
1.4208 0.9974 0.0370
1.4236 0.9741 0.0354
1.4264 0.9919 0.0352
1.4293 1.0092 0.0345
1.4321 1.0054 0.0329
1.4349 0.9972 0.0320
1.4378 0.9887 0.0316
1.4406 0.9870 0.0330
1.4434 1.0154 0.0344
1.4463 0.9862 0.0341
1.4491 1.0295 0.0350
1.4519 1.0079 0.0345
1.4547 1.0371 0.0351
1.4575 1.0095 0.0348
1.4603 1.0001 0.0351
1.4631 1.0199 0.0355
1.4660 1.0281 0.0349
1.4688 1.0066 0.0346
1.4716 1.0261 0.0364
1.4744 1.0180 0.0350
1.4772 1.0100 0.0355
1.4800 0.9855 0.0355
1.4828 1.0166 0.0356
1.4855 1.0120 0.0352
1.4884 1.0147 0.0342
1.4939 1.0028 0.0349
1.4967 0.9820 0.0358
1.4995 0.9779 0.0359
1.5023 1.0079 0.0355
1.5050 1.0000 0.0348
1.5078 0.9785 0.0341
1.5106 0.9733 0.0342
1.5134 0.9843 0.0357
1.5161 0.9893 0.0364
1.5189 1.0051 0.0354
1.5216 0.9878 0.0340
1.5244 0.9870 0.0347
1.5299 1.0195 0.0361
1.5327 1.0072 0.0364
1.5354 0.9574 0.0364
1.5382 1.0198 0.0356
1.5409 1.0088 0.0349
1.5437 1.0000 0.0349
1.5464 1.0064 0.0344
1.5491 1.0110 0.0341
1.5519 1.0082 0.0344
1.5546 0.9959 0.0344
1.5573 1.0038 0.0344
1.5600 1.0302 0.0349
1.5628 1.0188 0.0346
1.5655 1.0047 0.0340
1.5682 0.9969 0.0332
1.5709 0.9878 0.0338
1.5736 1.0007 0.0359
1.5763 0.9761 0.0369
1.5791 0.9752 0.0366
1.5817 0.9845 0.0367
1.5844 0.9726 0.0362
1.5872 0.9975 0.0366
1.5898 0.9827 0.0365
1.5925 0.9660 0.0374
1.5952 0.9764 0.0374
1.5979 1.0041 0.0357
1.6006 0.9703 0.0345
1.6033 0.9955 0.0366
1.6059 0.9843 0.0371
1.6086 0.9865 0.0377
1.6113 0.9987 0.0396
1.6140 0.9896 0.0387
1.6166 0.9774 0.0376
1.6193 0.9590 0.0365
1.6220 0.9996 0.0365
1.6246 0.9681 0.0355
1.6273 0.9938 0.0351
1.6299 0.9657 0.0343
1.6326 0.9415 0.0345
1.6378 0.9893 0.0349
1.6405 0.9553 0.0347
1.6431 0.9804 0.0359
1.6458 0.9758 0.0356
1.6484 0.9830 0.0348
1.6510 0.9364 0.0333
1.6536 0.9764 0.0335
1.6563 0.9660 0.0328
1.6589 0.9789 0.0343
1.6615 0.9971 0.0368
1.6641 0.9956 0.0371
1.6667 0.9767 0.0366
1.6693 0.9607 0.0366
1.6719 0.9621 0.0362
1.6745 0.9681 0.0369
1.6771 0.9795 0.0375
1.6797 0.9640 0.0379
1.6823 0.9588 0.0367
1.6849 0.9662 0.0351
1.6875 0.9448 0.0344
1.6901 0.9685 0.0359
1.6926 0.9840 0.0380
1.6952 0.9748 0.0390
1.6978 0.9549 0.0384
1.7004 0.9892 0.0396
1.7029 0.9705 0.0387
1.7081 0.9338 0.0434
1.7106 0.9713 0.0373
1.7132 0.9802 0.0364
1.7157 0.9437 0.0351
1.7183 0.9445 0.0359
1.7208 0.9421 0.0355
1.7234 0.9812 0.0355
1.7259 0.9490 0.0340
1.7285 0.9524 0.0351
1.7310 0.9456 0.0360
1.7335 0.9455 0.0370
1.7361 0.9678 0.0370
1.7386 0.9349 0.0361
1.7411 0.9613 0.0365
1.7436 0.9402 0.0361
1.7461 0.9446 0.0357
1.7487 0.9335 0.0346
1.7512 0.9641 0.0338
1.7537 0.9364 0.0337
1.7562 0.9601 0.0367
1.7587 0.9701 0.0394
1.7612 0.9560 0.0390
1.7637 0.9563 0.0391
1.7662 0.9405 0.0386
1.7687 0.9795 0.0398
1.7712 0.9666 0.0399
1.7737 0.9870 0.0407
1.7761 0.9238 0.0387
1.7786 0.9231 0.0368
1.7811 0.9203 0.0359
1.7836 0.9297 0.0365
1.7861 0.9228 0.0359
1.7885 0.9492 0.0385
1.7910 0.9477 0.0413
1.7935 0.9849 0.0437
1.7959 0.9304 0.0439
1.7984 0.9361 0.0448
1.8008 0.9109 0.0434
1.8033 0.9618 0.0471
1.8057 0.9568 0.0499
1.8106 0.9099 0.0493
1.8131 0.9421 0.0476
1.8155 0.9471 0.0491
1.8180 0.9240 0.0505
1.8204 0.9577 0.0512
1.8228 0.9540 0.0507
1.8253 0.9030 0.0458
1.8277 0.9127 0.0473
1.8301 0.9752 0.0531
1.8325 0.9577 0.0554
1.8350 0.9071 0.0592
1.8374 0.9203 0.0622
1.8446 0.9090 0.0793
1.8494 0.9701 0.0840
1.8518 0.9685 0.0805
1.8614 0.9247 0.0648
1.8638 0.8936 0.0684
1.8709 0.8998 0.0880
1.8757 0.9622 0.0829
1.8828 0.9065 0.0659
1.8852 0.9212 0.0573
1.8923 0.9327 0.0464
1.8970 0.9550 0.0532
1.8994 0.9483 0.0567
1.9017 0.9549 0.0583
1.9041 0.9095 0.0580
1.9064 0.9105 0.0604
1.9087 0.9355 0.0628
1.9111 0.8926 0.0647
1.9158 0.9420 0.0696
1.9204 0.8913 0.0667
1.9228 0.9442 0.0652
1.9251 0.9505 0.0638
1.9297 0.9119 0.0594
1.9321 0.9146 0.0572
1.9344 0.9578 0.0530
1.9367 0.9541 0.0465
1.9390 0.9105 0.0433
1.9413 0.9675 0.0436
1.9436 0.9320 0.0433
1.9460 0.9244 0.0426
1.9483 0.9316 0.0437
1.9506 0.9288 0.0466
1.9529 0.9758 0.0474
1.9552 0.9393 0.0489
1.9575 0.9064 0.0502
1.9598 0.8870 0.0516
1.9621 0.9559 0.0531
1.9643 0.9451 0.0523
1.9666 0.9150 0.0523
1.9689 0.9698 0.0527
1.9712 0.9153 0.0507
1.9735 0.8996 0.0480
1.9758 0.9755 0.0470
1.9780 0.9103 0.0443
1.9803 0.9206 0.0423
1.9826 0.9232 0.0406
1.9849 0.9689 0.0397
1.9871 0.9263 0.0368
1.9894 0.9672 0.0366
1.9917 0.9686 0.0414
1.9939 0.9405 0.0465
1.9962 0.9141 0.0503
2.0007 0.9760 0.0592
2.0030 0.9307 0.0632
2.0052 0.9144 0.0679
2.0097 0.9300 0.0706
2.0142 0.9191 0.0534
2.0165 0.9514 0.0503
2.0187 0.9011 0.0532
2.0210 0.9473 0.0547
2.0232 0.9963 0.0533
2.0254 0.9662 0.0527
2.0277 0.9092 0.0502
2.0299 0.9911 0.0496
2.0321 0.9883 0.0519
2.0343 0.9544 0.0534
2.0366 0.9596 0.0550
2.0388 0.9238 0.0481
2.0410 0.9218 0.0480
2.0433 0.8971 0.0475
2.0455 0.9701 0.0489
2.0477 0.9675 0.0530
2.0499 0.9238 0.0540
2.0543 0.9412 0.0492
2.0565 0.9105 0.0496
2.0587 0.9467 0.0498
2.0610 0.9568 0.0490
2.0654 0.9719 0.0494
2.0676 0.9812 0.0450
2.0697 0.9556 0.0426
2.0719 0.9717 0.0420
2.0741 0.9924 0.0425
2.0763 0.9780 0.0426
2.0785 0.9335 0.0420
2.0807 0.9577 0.0421
2.0829 0.9480 0.0403
2.0851 0.9424 0.0389
2.0873 0.9900 0.0393
2.0894 0.9708 0.0393
2.0960 0.9562 0.0379
2.0981 0.9984 0.0388
2.1003 0.9368 0.0379
2.1025 0.9650 0.0388
2.1046 0.9470 0.0412
2.1068 0.9821 0.0411
2.1090 0.9584 0.0427
2.1111 0.9367 0.0437
2.1133 0.9638 0.0443
2.1155 0.9585 0.0447
2.1176 0.9824 0.0460
2.1198 0.9770 0.0453
2.1262 0.9333 0.0432
2.1284 0.9824 0.0424
2.1326 0.9941 0.0411
2.1348 0.9625 0.0386
2.1369 0.9566 0.0369
2.1391 0.9500 0.0365
2.1412 0.9648 0.0381
2.1433 0.9389 0.0420
2.1454 0.9393 0.0462
2.1476 0.9695 0.0489
2.1497 0.9641 0.0498
2.1518 0.9582 0.0503
2.1561 0.9286 0.0508
2.1582 0.9603 0.0511
2.1603 0.9531 0.0482
2.1624 0.9404 0.0436
2.1645 0.9603 0.0418
2.1666 0.9837 0.0408
2.1687 0.9751 0.0401
2.1708 0.9489 0.0406
2.1730 0.9453 0.0444
2.1772 0.9727 0.0476
2.1792 0.9191 0.0476
2.1813 0.9448 0.0500
2.1834 0.9717 0.0502
2.1855 0.9594 0.0495
2.1876 0.9196 0.0518
2.1918 0.9430 0.0509
2.1939 0.9473 0.0507
2.1959 0.9906 0.0513
2.1980 0.9342 0.0509
2.2001 0.9348 0.0518
2.2022 0.9988 0.0528
2.2063 0.9675 0.0531
2.2084 0.9213 0.0505
2.2104 0.9326 0.0501
2.2125 0.9621 0.0503
2.2146 0.9294 0.0488
2.2187 0.9804 0.0486
2.2207 0.9486 0.0481
2.2228 0.9684 0.0463
2.2248 0.9875 0.0463
2.2269 0.9914 0.0479
2.2289 0.9941 0.0487
2.2310 0.9530 0.0482
2.2330 0.9519 0.0481
2.2351 0.9946 0.0479
2.2371 0.9591 0.0471
2.2391 0.9678 0.0477
2.2412 0.9689 0.0464
2.2452 0.9382 0.0445
2.2472 0.9467 0.0453
2.2493 0.9439 0.0458
2.2513 0.9853 0.0465
2.2533 0.9160 0.0459
2.2553 0.9534 0.0464
2.2573 0.9512 0.0461
2.2593 0.9550 0.0461
2.2614 0.9893 0.0463
2.2634 0.9604 0.0453
2.2654 0.9473 0.0454
2.2674 0.9543 0.0463
2.2694 0.9210 0.0474
2.2714 0.9566 0.0477
2.2734 0.9599 0.0479
2.2753 0.9253 0.0528
2.2773 0.9216 0.0473
2.2793 0.9264 0.0469
2.2813 0.9544 0.0474
2.2833 0.9305 0.0470
2.2853 0.9262 0.0466
2.2872 0.9928 0.0475
2.2892 0.9873 0.0483
2.2912 0.9681 0.0491
2.2932 0.9314 0.0497
2.2971 0.9433 0.0508
2.2991 0.9763 0.0520
2.3010 0.9581 0.0521
2.3030 0.9486 0.0522
2.3049 0.9465 0.0516
2.3069 0.9478 0.0513
2.3089 0.9395 0.0502
2.3108 0.9574 0.0509
2.3127 0.9404 0.0512
2.3147 0.9963 0.0543
2.3166 0.9149 0.0529
2.3186 0.9385 0.0539
2.3205 0.9553 0.0550
2.3224 0.9628 0.0558
2.3244 0.9667 0.0567
2.3263 0.9688 0.0571
2.3282 0.9688 0.0567
2.3302 0.9399 0.0555
2.3321 0.9795 0.0563
2.3340 0.9263 0.0561
2.3359 0.9361 0.0566
2.3378 1.0044 0.0583
2.3397 0.9272 0.0583
2.3417 0.9758 0.0602
2.3436 0.9776 0.0616
2.3455 0.9190 0.0631
2.3474 0.9745 0.0655
2.3493 1.0054 0.0670
2.3512 0.9708 0.0677
2.3531 0.9958 0.0690
2.3550 0.9996 0.0691
2.3588 0.9936 0.0688
2.3606 0.9833 0.0683
2.3625 0.9994 0.0680
2.3644 0.9852 0.0701
2.3682 0.9546 0.0732
2.3700 0.9618 0.0753
2.3738 0.9538 0.0793
2.3756 0.9717 0.0794
2.3775 0.9333 0.0807
2.3831 0.9903 0.0834
2.3850 1.0045 0.0847
2.3905 0.9763 0.0856
2.3979 0.9682 0.0833
2.4016 0.9568 0.0880
2.4034 0.9726 0.0886
2.4053 0.9997 0.0903
2.4071 0.9999 0.0921
2.4089 0.9782 0.1048
2.4108 0.9946 0.1047
2.4162 0.9282 0.1324
2.4253 0.9870 0.1041
2.4272 0.9270 0.1044
2.4308 0.9815 0.1161
2.4326 0.9748 0.1169
2.4362 0.9748 0.1188
2.4398 0.9827 0.1336
2.4416 0.9493 0.1419
2.4452 0.9426 0.1427
2.4506 0.9514 0.1549
2.4542 0.9430 0.1481
2.4632 0.9851 0.1360
2.4668 1.0031 0.1652
2.4686 1.0060 0.1703
2.4704 0.9519 0.1704
2.4793 0.9654 0.2251
2.4829 0.9256 0.2516
2.4972 0.9250 0.2900