0.6854 0.8255 0.1332
0.6869 0.8587 0.1374
0.6884 0.7936 0.1277
0.6899 0.8352 0.1308
0.6914 0.7800 0.1257
0.6928 0.8379 0.1295
0.6943 0.7973 0.1241
0.6958 0.7825 0.1217
0.6973 0.8327 0.1260
0.6988 0.8132 0.1232
0.7003 0.8109 0.1219
0.7018 0.8651 0.1288
0.7033 0.8250 0.1226
0.7047 0.8290 0.1231
0.7063 0.8241 0.1221
0.7077 0.8307 0.1293
0.7093 0.8367 0.1234
0.7108 0.8258 0.1210
0.7123 0.8448 0.1236
0.7138 0.8500 0.1247
0.7153 0.8226 0.1198
0.7168 0.8463 0.1224
0.7184 0.8223 0.1193
0.7199 0.8231 0.1194
0.7214 0.8307 0.1201
0.7229 0.8194 0.1185
0.7245 0.8090 0.1171
0.7260 0.8216 0.1185
0.7276 0.8525 0.1217
0.7291 0.8369 0.1196
0.7307 0.8342 0.1192
0.7323 0.8552 0.1216
0.7339 0.8429 0.1196
0.7354 0.8275 0.1176
0.7370 0.8231 0.1167
0.7386 0.8401 0.1183
0.7402 0.8310 0.1172
0.7418 0.8382 0.1178
0.7434 0.8203 0.1152
0.7450 0.8443 0.1178
0.7466 0.8307 0.1163
0.7482 0.8468 0.1182
0.7499 0.8169 0.1142
0.7515 0.8676 0.1204
0.7531 0.8305 0.1164
0.7548 0.8288 0.1162
0.7564 0.8424 0.1184
0.7581 0.8317 0.1174
0.7598 0.8164 0.1153
0.7615 0.8421 0.1182
0.7631 0.8290 0.1168
0.7648 0.8463 0.1195
0.7665 0.8273 0.1165
0.7682 0.8181 0.1146
0.7700 0.8322 0.1160
0.7717 0.8290 0.1151
0.7734 0.8394 0.1165
0.7751 0.8416 0.1171
0.7769 0.8389 0.1164
0.7786 0.8250 0.1147
0.7804 0.8458 0.1171
0.7822 0.8367 0.1160
0.7839 0.8280 0.1149
0.7857 0.8270 0.1150
0.7875 0.8315 0.1153
0.7893 0.8530 0.1177
0.7911 0.8364 0.1176
0.7929 0.8367 0.1160
0.7947 0.8357 0.1157
0.7966 0.8166 0.1130
0.7984 0.8416 0.1162
0.8002 0.8201 0.1131
0.8021 0.8169 0.1127
0.8040 0.8285 0.1137
0.8058 0.8258 0.1135
0.8077 0.8208 0.1126
0.8096 0.8211 0.1125
0.8115 0.8134 0.1114
0.8134 0.8075 0.1108
0.8153 0.8206 0.1123
0.8172 0.8146 0.1115
0.8192 0.8146 0.1116
0.8211 0.8196 0.1127
0.8230 0.8030 0.1105
0.8250 0.8169 0.1124
0.8270 0.8072 0.1113
0.8289 0.8045 0.1114
0.8309 0.8077 0.1118
0.8329 0.7892 0.1096
0.8349 0.7991 0.1110
0.8369 0.7889 0.1097
0.8389 0.7857 0.1090
0.8409 0.7966 0.1104
0.8430 0.8092 0.1117
0.8450 0.7810 0.1082
0.8471 0.7785 0.1076
0.8491 0.7760 0.1074
0.8512 0.7830 0.1080
0.8533 0.7770 0.1070
0.8554 0.7817 0.1074
0.8574 0.7788 0.1070
0.8595 0.7869 0.1079
0.8617 0.7793 0.1067
0.8638 0.7765 0.1063
0.8659 0.7751 0.1064
0.8680 0.7624 0.1053
0.8702 0.7708 0.1064
0.8723 0.7639 0.1056
0.8745 0.7699 0.1065
0.8766 0.7713 0.1066
0.8788 0.7852 0.1086
0.8810 0.7748 0.1076
0.8832 0.7669 0.1071
0.8854 0.7533 0.1052
0.8876 0.7592 0.1058
0.8898 0.7773 0.1081
0.8921 0.7619 0.1056
0.8943 0.7590 0.1064
0.8965 0.7770 0.1072
0.8988 0.7595 0.1046
0.9010 0.7671 0.1055
0.9033 0.7585 0.1038
0.9056 0.7585 0.1034
0.9079 0.7533 0.1025
0.9102 0.7600 0.1032
0.9124 0.7577 0.1028
0.9148 0.7511 0.1019
0.9171 0.7525 0.1020
0.9194 0.7587 0.1032
0.9217 0.7590 0.1040
0.9241 0.7565 0.1042
0.9264 0.7565 0.1049
0.9288 0.7416 0.1038
0.9311 0.7644 0.1069
0.9335 0.7691 0.1083
0.9359 0.7562 0.1075
0.9383 0.7706 0.1097
0.9406 0.7493 0.1073
0.9430 0.7535 0.1072
0.9455 0.7518 0.1066
0.9479 0.7629 0.1076
0.9503 0.7659 0.1079
0.9527 0.7486 0.1048
0.9551 0.7550 0.1049
0.9576 0.7852 0.1083
0.9600 0.7775 0.1070
0.9625 0.7741 0.1063
0.9649 0.7760 0.1061
0.9674 0.7607 0.1042
0.9699 0.7733 0.1058
0.9724 0.7560 0.1037
0.9749 0.7758 0.1060
0.9774 0.7758 0.1063
0.9799 0.7647 0.1049
0.9824 0.7929 0.1088
0.9849 0.7867 0.1085
0.9874 0.7847 0.1086
0.9900 0.7845 0.1088
0.9925 0.7971 0.1110
0.9950 0.7983 0.1108
0.9976 0.8005 0.1113
1.0001 0.7864 0.1097
1.0027 0.7807 0.1093
1.0053 0.8035 0.1120
1.0078 0.8048 0.1123
1.0104 0.7998 0.1119
1.0130 0.7810 0.1092
1.0156 0.8008 0.1122
1.0182 0.8087 0.1136
1.0208 0.7887 0.1111
1.0234 0.7944 0.1118
1.0260 0.7914 0.1117
1.0287 0.7857 0.1110
1.0313 0.8052 0.1132
1.0339 0.7909 0.1120
1.0365 0.7899 0.1115
1.0392 0.7931 0.1114
1.0418 0.7859 0.1099
1.0445 0.8070 0.1121
1.0471 0.8216 0.1137
1.0498 0.7953 0.1099
1.0525 0.8117 0.1114
1.0552 0.7899 0.1081
1.0578 0.7958 0.1088
1.0605 0.7897 0.1087
1.0632 0.8045 0.1110
1.0659 0.8102 0.1121
1.0686 0.8194 0.1145
1.0713 0.8142 0.1148
1.0740 0.8050 0.1145
1.0767 0.8080 0.1149
1.0794 0.8119 0.1167
1.0821 0.8134 0.1173
1.0849 0.8179 0.1182
1.0876 0.8305 0.1195
1.0903 0.8265 0.1198
1.0931 0.8369 0.1210
1.0958 0.8349 0.1198
1.0985 0.8483 0.1212
1.1013 0.8342 0.1195
1.1040 0.8312 0.1186
1.1068 0.8226 0.1170
1.1096 0.8399 0.1180
1.1123 0.8362 0.1171
1.1151 0.8510 0.1185
1.1179 0.8478 0.1196
1.1206 0.8523 0.1217
1.1234 0.8443 0.1220
1.1262 0.8357 0.1211
1.1290 0.8099 0.1195
1.1318 0.8490 0.1267
1.1346 0.8518 0.1280
1.1374 0.8233 0.1249
1.1402 0.8688 0.1304
1.1430 0.8481 0.1277
1.1458 0.8604 0.1288
1.1486 0.8748 0.1304
1.1514 0.8649 0.1303
1.1542 0.8639 0.1293
1.1570 0.8914 0.1314
1.1598 0.8654 0.1266
1.1626 0.8629 0.1258
1.1655 0.8790 0.1280
1.1683 0.8567 0.1232
1.1711 0.8844 0.1255
1.1740 0.8731 0.1225
1.1768 0.8790 0.1219
1.1796 0.8810 0.1215
1.1825 0.8948 0.1231
1.1853 0.8825 0.1227
1.1881 0.8963 0.1261
1.1910 0.8943 0.1270
1.1938 0.8879 0.1267
1.1967 0.8995 0.1292
1.1995 0.8953 0.1314
1.2024 0.8795 0.1312
1.2052 0.9124 0.1355
1.2081 0.8874 0.1334
1.2109 0.9087 0.1357
1.2138 0.8844 0.1329
1.2166 0.9018 0.1357
1.2195 0.8839 0.1341
1.2224 0.8872 0.1347
1.2252 0.9042 0.1348
1.2281 0.8985 0.1339
1.2309 0.9315 0.1372
1.2338 0.8919 0.1321
1.2367 0.9220 0.1345
1.2395 0.8731 0.1275
1.2424 0.9003 0.1294
1.2453 0.9089 0.1299
1.2482 0.9035 0.1292
1.2510 0.9134 0.1312
1.2539 0.9265 0.1350
1.2568 0.9176 0.1378
1.2596 0.9191 0.1412
1.2625 0.9512 0.1488
1.2654 0.9265 0.1509
1.2683 0.8931 0.1509
1.2712 0.9020 0.1524
1.2740 0.9305 0.1554
1.2769 0.9183 0.1553
1.2798 0.9263 0.1553
1.2827 0.9406 0.1537
1.2855 0.9327 0.1505
1.2884 0.9453 0.1498
1.2913 0.9102 0.1436
1.2942 0.9344 0.1455
1.2971 0.9169 0.1445
1.2999 0.9676 0.1508
1.3028 0.9253 0.1444
1.3057 0.9285 0.1433
1.3086 0.9406 0.1455
1.3114 0.9446 0.1460
1.3143 0.8886 0.1490
1.3172 0.9631 0.1459
1.3201 0.9567 0.1421
1.3230 0.9332 0.1386
1.3258 0.9465 0.1379
1.3287 0.9406 0.1359
1.3316 0.9520 0.1370
1.3344 0.9644 0.1373
1.3373 0.9743 0.1377
1.3402 0.9604 0.1371
1.3431 0.9399 0.1385
1.3459 0.9861 0.1428
1.3488 0.9886 0.1477
1.3545 0.9532 0.1634
1.3574 0.9710 0.1717
1.3603 0.9639 0.1847
1.3632 0.9139 0.1869
1.3689 0.9441 0.1980
1.3718 0.9448 0.2034
1.3775 0.9245 0.1947
1.3803 0.9594 0.1918
1.3832 0.9805 0.1924
1.3861 0.9562 0.1969
1.3889 0.9240 0.2065
1.3918 0.9074 0.2108
1.3946 0.9129 0.2089
1.4003 0.9324 0.2179
1.4032 0.9364 0.2225
1.4060 0.9391 0.2236
1.4089 0.9401 0.2162
1.4117 0.9384 0.2045
1.4145 0.9644 0.1945
1.4174 1.0015 0.1911
1.4202 0.9362 0.1788
1.4231 0.9404 0.1772
1.4259 1.0007 0.1788
1.4287 0.9488 0.1657
1.4316 0.9753 0.1612
1.4344 1.0062 0.1625
1.4372 0.9651 0.1610
1.4401 0.9864 0.1700
1.4429 0.9723 0.1703
1.4457 0.9285 0.1667
1.4513 0.9856 0.1731
1.4542 0.9478 0.1704
1.4598 1.0084 0.1817
1.4626 0.9401 0.1773
1.4654 0.9864 0.1781
1.4682 0.9651 0.1794
1.4738 0.9856 0.1835
1.4794 0.9861 0.1874
1.4822 0.9839 0.1841
1.4850 1.0057 0.1809
1.4878 0.9443 0.1722
1.4906 0.9938 0.1750
1.4934 0.9312 0.1788
1.4962 0.9490 0.1851
1.4990 1.0101 0.1878
1.5017 1.0000 0.1820
1.5073 0.9748 0.1778
1.5128 0.9621 0.1869
1.5184 1.0134 0.1810
1.5211 1.0131 0.1821
1.5239 1.0104 0.1845
1.5267 1.0000 0.1857
1.5294 1.0252 0.1915
1.5322 1.0054 0.1925
1.5349 1.0020 0.1911
1.5404 0.9822 0.1944
1.5431 0.9970 0.1879
1.5459 1.0047 0.1852
1.5486 1.0161 0.1855
1.5541 1.0198 0.1901
1.5595 0.9814 0.1855
1.5623 1.0290 0.1894
1.5677 0.9824 0.1771
1.5704 1.0134 0.1858
1.5731 1.0230 0.2050
1.5758 0.9342 0.1961
1.5785 0.9765 0.1953
1.5812 0.9874 0.1932
1.5839 0.9673 0.1919
1.5866 1.0106 0.1965
1.5893 0.9510 0.1937
1.5920 0.9827 0.2058
1.5947 1.0101 0.1998
1.5974 0.9918 0.1882
1.6001 0.9869 0.1898
1.6054 1.0077 0.2045
1.6081 1.0054 0.2070
1.6135 0.9993 0.2128
1.6188 0.9319 0.1959
1.6214 0.9597 0.1968
1.6241 0.9834 0.1964
1.6268 1.0111 0.1954
1.6294 1.0059 0.1957
1.6321 0.9842 0.1952
1.6347 0.9572 0.1914
1.6373 0.9861 0.1955
1.6400 0.9750 0.1992
1.6426 0.9654 0.1988
1.6453 0.9837 0.1972
1.6479 0.9980 0.1954
1.6531 0.9649 0.1817
1.6558 0.9656 0.1801
1.6584 0.9785 0.1924
1.6610 1.0059 0.2021
1.6636 0.9762 0.2002
1.6662 0.9921 0.2005
1.6688 0.9426 0.1962
1.6714 0.9710 0.1998
1.6740 1.0049 0.2052
1.6766 0.9505 0.2031
1.6792 0.9562 0.2059
1.6818 0.9248 0.1907
1.6844 0.9911 0.1907
1.6870 0.9344 0.1882
1.6896 0.9787 0.2022
1.6922 0.9146 0.2058
1.6947 0.9767 0.2168
1.6973 0.9441 0.2106
1.7025 0.9508 0.2139
1.7076 0.9362 0.2053
1.7127 0.9903 0.2017
1.7152 0.9673 0.2016
1.7178 0.9327 0.1979
1.7204 0.9663 0.2112
1.7229 0.9352 0.1940
1.7254 0.9577 0.1943
1.7280 0.9473 0.2024
1.7330 0.9263 0.2086
1.7356 0.9230 0.2082
1.7381 0.8983 0.2042
1.7406 0.9953 0.2158
1.7431 0.9191 0.2055
1.7457 0.9319 0.1996
1.7482 0.9312 0.1902
1.7507 0.8872 0.1771
1.7532 0.9349 0.1884
1.7557 0.9032 0.2035
1.7582 0.9305 0.2173
1.7607 0.8911 0.2133
1.7632 0.8726 0.2112
1.7657 0.9965 0.2195
1.7682 0.9869 0.2220
1.7707 0.9713 0.2258
1.7732 0.9973 0.2336
1.7757 0.9072 0.2093
1.7782 0.9579 0.2028
1.7806 0.9431 0.1993
1.7831 0.9550 0.1999
1.7856 0.9376 0.2015
1.7881 0.9169 0.2214
1.7905 0.9342 0.2440
1.7930 0.9060 0.2516
1.8004 0.9151 0.2703
1.8028 0.9483 0.2961
1.8053 0.9015 0.3105
1.8151 0.8580 0.3122
1.8175 0.9287 0.3286
1.8199 0.9040 0.3314
1.8224 0.8844 0.3058
1.8248 0.9191 0.3034
1.8321 0.9822 0.3938
1.8393 0.8822 0.4647
1.8417 0.9547 0.5044
1.8442 0.8505 0.5279
1.8586 0.8820 0.4188
1.8610 0.9082 0.4330
1.8634 0.9332 0.4711
1.8681 0.9117 0.5115
1.8705 0.9572 0.5045
1.8729 0.8958 0.5067
1.8753 0.8872 0.4776
1.8776 0.9495 0.4281
1.8847 0.9191 0.2961
1.8871 0.9211 0.2773
1.8895 0.9196 0.2718
1.8918 0.8815 0.2806
1.8942 0.9451 0.3058
1.8965 0.8904 0.3250
1.9177 0.9480 0.4195
1.9246 0.9364 0.3804
1.9316 0.9634 0.3633
1.9339 0.9255 0.2937
1.9386 0.9042 0.2845
1.9409 0.9386 0.2536
1.9432 0.9470 0.2532
1.9455 0.9161 0.2502
1.9478 0.9468 0.2584
1.9501 0.9134 0.2639
1.9524 0.9626 0.3307
1.9547 0.8941 0.2892
1.9570 0.9037 0.2978
1.9593 0.9018 0.3082
1.9685 0.8976 0.2939
1.9708 0.9614 0.2856
1.9730 0.9359 0.2699
1.9753 0.9312 0.2603
1.9776 0.9272 0.2472
1.9799 0.8708 0.2299
1.9822 0.8862 0.2210
1.9844 0.9436 0.2107
1.9867 0.9307 0.1933
1.9890 0.9035 0.2053
1.9912 0.9389 0.2523
1.9935 0.9431 0.2834
1.9958 0.9089 0.3070
1.9980 0.9265 0.3329
2.0003 0.9255 0.3551
2.0025 0.9827 0.3870
2.0048 0.9018 0.4074
2.0071 0.8778 0.4105
2.0116 0.8951 0.2894
2.0138 0.9374 0.2557
2.0160 0.9126 0.2610
2.0183 0.9421 0.2865
2.0205 0.9352 0.3044
2.0228 0.9555 0.2785
2.0250 0.8961 0.2750
2.0272 0.9213 0.2682
2.0362 0.9889 0.2895
2.0384 0.9567 0.2742
2.0406 0.9156 0.2750
2.0428 0.9255 0.2726
2.0450 0.9787 0.2896
2.0473 0.8795 0.3106
2.0495 0.9087 0.3036
2.0561 0.9074 0.3049
2.0583 0.8763 0.2717
2.0605 0.9062 0.2684
2.0627 0.9102 0.2745
2.0671 0.8750 0.2314
2.0715 0.9710 0.2301
2.0737 0.8780 0.2222
2.0759 0.9503 0.2312
2.0781 0.9782 0.2354
2.0803 0.9837 0.2476
2.0825 0.9401 0.2164
2.0847 0.9139 0.2098
2.0869 0.8775 0.2068
2.0890 0.8933 0.2065
2.0912 0.9243 0.2069
2.0956 0.9864 0.2100
2.0977 0.9104 0.2069
2.0999 0.9208 0.2156
2.1021 0.9463 0.2158
2.1042 0.9164 0.2211
2.1064 0.9884 0.2347
2.1086 0.9329 0.2428
2.1107 0.9522 0.2494
2.1129 0.9817 0.2715
2.1151 0.9394 0.2547
2.1172 0.8852 0.2524
2.1193 0.8800 0.2430
2.1215 0.9010 0.2376
2.1237 0.9765 0.2442
2.1279 0.9710 0.2283
2.1301 0.9686 0.2291
2.1322 0.9661 0.2134
2.1344 0.9052 0.1944
2.1365 0.9446 0.1913
2.1387 0.9508 0.1916
2.1408 0.9176 0.2129
2.1450 0.9683 0.2604
2.1472 0.9354 0.2683
2.1493 0.9582 0.2756
2.1514 0.9998 0.2829
2.1578 0.9629 0.2810
2.1599 0.9191 0.2520
2.1620 1.0000 0.2328
2.1641 0.9911 0.2221
2.1662 0.9592 0.2149
2.1683 0.9908 0.2153
2.1704 0.9188 0.2230
2.1726 0.9107 0.2462
2.1747 0.9206 0.2514
2.1768 0.9874 0.2586
2.1789 0.9324 0.2628
2.1809 0.9357 0.2630
2.1830 0.8797 0.2603
2.1851 0.9263 0.2684
2.1872 0.9856 0.2887
2.1893 0.9173 0.2854
2.1935 0.9099 0.2767
2.1955 0.9178 0.2755
2.1976 0.9832 0.2817
2.1997 0.9938 0.2856
2.2039 0.9416 0.3082
2.2059 0.9691 0.2831
2.2080 0.9176 0.2742
2.2100 0.9946 0.2766
2.2121 0.9159 0.2687
2.2142 0.9819 0.2634
2.2162 0.9515 0.2574
2.2183 0.9861 0.2652
2.2203 0.9968 0.2579
2.2224 0.9621 0.2436
2.2245 0.9414 0.2518
2.2265 0.9955 0.2619
2.2285 0.9055 0.2635
2.2306 1.0064 0.2686
2.2326 1.0097 0.2641
2.2347 0.9614 0.2563
2.2367 1.0141 0.2569
2.2408 0.9619 0.2371
2.2428 0.9923 0.2304
2.2448 0.9864 0.2536
2.2469 0.9616 0.2402
2.2489 1.0082 0.2459
2.2509 0.9817 0.2454
2.2529 0.9052 0.2396
2.2549 0.9517 0.2406
2.2569 1.0087 0.2423
2.2590 0.9495 0.2373
2.2610 1.0178 0.2357
2.2630 0.9782 0.2302
2.2650 0.8988 0.2282
2.2670 0.9760 0.2403
2.2690 0.9629 0.2454
2.2710 0.9384 0.2430
2.2730 0.9936 0.2474
2.2750 0.9876 0.2462
2.2770 0.9235 0.2416
2.2790 0.9765 0.2404
2.2809 0.9955 0.2383
2.2829 0.8914 0.2273
2.2849 0.9894 0.2306
2.2869 0.9837 0.2341
2.2889 0.9297 0.2341
2.2908 0.9322 0.2411
2.2928 0.9431 0.2536
2.2948 0.9319 0.2464
2.2967 0.9861 0.2533
2.2987 0.8852 0.2482
2.3007 0.9733 0.2529
2.3046 0.9569 0.2487
2.3065 0.9923 0.2488
2.3085 1.0369 0.2503
2.3104 0.9631 0.2473
2.3124 0.9916 0.2550
2.3143 0.9649 0.2578
2.3163 0.9988 0.2632
2.3201 0.9859 0.2693
2.3221 1.0223 0.2757
2.3240 0.9463 0.2705
2.3259 0.9728 0.2698
2.3279 1.0376 0.2723
2.3298 0.9641 0.2720
2.3317 1.0299 0.2757
2.3336 0.9990 0.2756
2.3356 1.0416 0.2814
2.3375 1.0398 0.2839
2.3394 1.0079 0.2853
2.3413 0.9908 0.2917
2.3432 1.0431 0.3062
2.3451 0.9903 0.3125
2.3489 0.9983 0.3224
2.3527 0.9770 0.3277
2.3546 0.9691 0.3282
2.3565 0.9438 0.3273
2.3584 0.9446 0.3232
2.3603 0.9809 0.3234
2.3622 0.9661 0.3286
2.3659 0.9730 0.3450
2.3678 0.9795 0.3527
2.3697 1.0586 0.3656
2.3716 0.9817 0.3855
2.3734 1.0455 0.3841
2.3753 0.9552 0.3905
2.3772 1.0235 0.3995
2.3790 0.9676 0.3967
2.3809 0.9683 0.3998
2.3828 1.0161 0.4109
2.3846 1.0406 0.4149
2.3865 1.0428 0.4160
2.3902 1.0099 0.4179
2.3920 0.9762 0.4481
2.3939 0.9122 0.4070
2.3957 1.0225 0.4123
2.3976 0.9572 0.4147
2.4068 1.0651 0.4810
2.4086 0.9866 0.5138
2.4122 1.0428 0.5703
2.4141 1.0205 0.5697
2.4177 0.9243 0.5887
2.4195 0.9785 0.5745
2.4232 0.9607 0.5325
2.4250 1.0045 0.5264
2.4268 0.9792 0.5480
2.4286 1.0074 0.5895
2.4322 0.9458 0.5973
2.4341 0.9772 0.5998
2.4359 0.9592 0.6267
2.4449 0.9238 0.7562
2.4467 1.0280 0.7921
2.4521 1.0228 0.7674
2.4611 0.9750 0.6995
2.4664 1.0668 0.8818