0.6896 0.8066 0.0309
0.6911 0.7842 0.0322
0.6925 0.8713 0.0307
0.6940 0.8711 0.0303
0.6955 0.8292 0.0288
0.6970 0.8179 0.0285
0.6985 0.8704 0.0287
0.7000 0.7929 0.0274
0.7015 0.7933 0.0272
0.7029 0.7981 0.0270
0.7045 0.8161 0.0267
0.7075 0.8672 0.0269
0.7089 0.8773 0.0268
0.7105 0.8591 0.0264
0.7120 0.8116 0.0254
0.7135 0.8592 0.0257
0.7150 0.8213 0.0252
0.7165 0.8497 0.0250
0.7180 0.8046 0.0244
0.7196 0.8638 0.0249
0.7211 0.8674 0.0255
0.7242 0.8424 0.0242
0.7257 0.8435 0.0244
0.7273 0.8242 0.0239
0.7288 0.8106 0.0233
0.7304 0.8210 0.0235
0.7320 0.8324 0.0234
0.7335 0.8280 0.0233
0.7351 0.8877 0.0242
0.7367 0.8304 0.0234
0.7383 0.8629 0.0239
0.7415 0.8530 0.0229
0.7431 0.9031 0.0238
0.7447 0.8573 0.0227
0.7463 0.8357 0.0223
0.7479 0.8311 0.0223
0.7495 0.8088 0.0217
0.7512 0.8166 0.0218
0.7528 0.8348 0.0220
0.7545 0.8316 0.0219
0.7561 0.8603 0.0224
0.7578 0.8454 0.0221
0.7594 0.8682 0.0227
0.7611 0.8453 0.0224
0.7628 0.8242 0.0221
0.7645 0.8193 0.0219
0.7662 0.8439 0.0224
0.7679 0.8395 0.0222
0.7696 0.8785 0.0228
0.7713 0.8229 0.0216
0.7731 0.8688 0.0223
0.7748 0.8339 0.0215
0.7765 0.8947 0.0226
0.7783 0.8742 0.0220
0.7800 0.8261 0.0211
0.7818 0.8522 0.0216
0.7836 0.8404 0.0214
0.7853 0.8506 0.0214
0.7871 0.8400 0.0212
0.7889 0.8443 0.0213
0.7907 0.8447 0.0212
0.7925 0.8267 0.0208
0.7944 0.8376 0.0210
0.7962 0.8268 0.0207
0.7980 0.8434 0.0210
0.7999 0.8295 0.0207
0.8017 0.8242 0.0205
0.8036 0.8240 0.0204
0.8054 0.8467 0.0208
0.8073 0.8282 0.0203
0.8092 0.8028 0.0198
0.8111 0.8316 0.0203
0.8130 0.7950 0.0196
0.8149 0.8453 0.0205
0.8168 0.8017 0.0197
0.8188 0.8159 0.0200
0.8207 0.8090 0.0198
0.8226 0.7819 0.0193
0.8246 0.7918 0.0195
0.8266 0.8268 0.0203
0.8285 0.8084 0.0199
0.8305 0.8372 0.0205
0.8325 0.8114 0.0200
0.8345 0.8015 0.0198
0.8365 0.7901 0.0195
0.8385 0.8107 0.0199
0.8405 0.8084 0.0198
0.8426 0.8130 0.0199
0.8446 0.7846 0.0192
0.8467 0.8033 0.0195
0.8487 0.8103 0.0197
0.8508 0.7830 0.0190
0.8528 0.7852 0.0191
0.8549 0.7851 0.0191
0.8570 0.7895 0.0191
0.8591 0.7717 0.0187
0.8612 0.7992 0.0194
0.8633 0.7801 0.0189
0.8655 0.7757 0.0187
0.8676 0.7850 0.0191
0.8697 0.7635 0.0186
0.8719 0.7579 0.0184
0.8740 0.7759 0.0187
0.8762 0.7783 0.0188
0.8784 0.7822 0.0188
0.8806 0.7655 0.0186
0.8828 0.7753 0.0187
0.8850 0.7899 0.0189
0.8872 0.7560 0.0182
0.8894 0.7934 0.0189
0.8916 0.7906 0.0188
0.8938 0.7772 0.0185
0.8961 0.7701 0.0182
0.8983 0.7660 0.0181
0.9006 0.7547 0.0177
0.9028 0.7622 0.0179
0.9051 0.7522 0.0175
0.9074 0.7709 0.0179
0.9097 0.7684 0.0178
0.9120 0.7510 0.0174
0.9143 0.7524 0.0175
0.9166 0.7744 0.0179
0.9189 0.7617 0.0176
0.9213 0.7560 0.0176
0.9236 0.7477 0.0175
0.9259 0.7666 0.0179
0.9283 0.7424 0.0175
0.9306 0.7614 0.0180
0.9330 0.7822 0.0184
0.9354 0.7726 0.0183
0.9378 0.7637 0.0182
0.9402 0.7798 0.0185
0.9425 0.7736 0.0183
0.9450 0.7721 0.0182
0.9474 0.7810 0.0183
0.9498 0.7936 0.0186
0.9522 0.7930 0.0184
0.9546 0.7866 0.0183
0.9571 0.7910 0.0182
0.9595 0.7456 0.0174
0.9620 0.7752 0.0178
0.9645 0.7772 0.0179
0.9669 0.7893 0.0182
0.9694 0.7836 0.0181
0.9719 0.7775 0.0179
0.9744 0.7840 0.0179
0.9769 0.8189 0.0187
0.9794 0.8025 0.0185
0.9819 0.8053 0.0185
0.9844 0.8020 0.0185
0.9869 0.8185 0.0189
0.9894 0.8037 0.0185
0.9920 0.7850 0.0182
0.9945 0.7894 0.0183
0.9971 0.8138 0.0187
0.9996 0.7962 0.0184
1.0022 0.7940 0.0184
1.0048 0.8056 0.0186
1.0073 0.8057 0.0187
1.0099 0.7944 0.0184
1.0125 0.8026 0.0185
1.0151 0.8080 0.0187
1.0177 0.8214 0.0190
1.0203 0.8138 0.0188
1.0229 0.8142 0.0188
1.0255 0.8171 0.0189
1.0281 0.8036 0.0186
1.0307 0.8199 0.0189
1.0334 0.8073 0.0187
1.0360 0.7956 0.0184
1.0387 0.8070 0.0185
1.0413 0.8061 0.0184
1.0439 0.8158 0.0186
1.0466 0.8348 0.0190
1.0493 0.8202 0.0186
1.0519 0.7917 0.0180
1.0546 0.8217 0.0185
1.0573 0.8132 0.0183
1.0600 0.8103 0.0183
1.0627 0.8213 0.0186
1.0653 0.8148 0.0184
1.0680 0.8273 0.0189
1.0707 0.8165 0.0188
1.0735 0.8370 0.0193
1.0762 0.8262 0.0190
1.0789 0.8220 0.0191
1.0816 0.8339 0.0194
1.0843 0.8265 0.0193
1.0870 0.8293 0.0194
1.0898 0.8250 0.0192
1.0925 0.8380 0.0195
1.0953 0.8603 0.0198
1.0980 0.8477 0.0195
1.1007 0.8664 0.0199
1.1035 0.8247 0.0189
1.1062 0.8706 0.0198
1.1090 0.8384 0.0190
1.1118 0.8362 0.0189
1.1145 0.8659 0.0195
1.1173 0.8649 0.0196
1.1201 0.8616 0.0197
1.1229 0.8563 0.0197
1.1256 0.8516 0.0197
1.1284 0.8734 0.0203
1.1312 0.8788 0.0206
1.1340 0.8826 0.0207
1.1368 0.8822 0.0207
1.1396 0.9045 0.0212
1.1424 0.8737 0.0206
1.1452 0.8940 0.0210
1.1480 0.8899 0.0208
1.1508 0.8589 0.0203
1.1536 0.8801 0.0207
1.1564 0.8840 0.0206
1.1592 0.9007 0.0209
1.1621 0.9047 0.0209
1.1649 0.8971 0.0207
1.1677 0.8819 0.0202
1.1705 0.8903 0.0202
1.1734 0.8771 0.0199
1.1762 0.8849 0.0199
1.1790 0.8935 0.0200
1.1819 0.8857 0.0199
1.1847 0.8782 0.0198
1.1876 0.8920 0.0203
1.1904 0.9187 0.0209
1.1932 0.8960 0.0205
1.1961 0.8966 0.0206
1.1989 0.9019 0.0209
1.2018 0.9101 0.0212
1.2046 0.9258 0.0216
1.2075 0.9094 0.0213
1.2103 0.9496 0.0221
1.2132 0.8989 0.0211
1.2161 0.9145 0.0214
1.2189 0.9263 0.0217
1.2218 0.9020 0.0211
1.2246 0.9353 0.0217
1.2275 0.9244 0.0215
1.2304 0.9289 0.0215
1.2332 0.9319 0.0215
1.2361 0.9532 0.0218
1.2390 0.9615 0.0219
1.2418 0.8989 0.0205
1.2447 0.9240 0.0210
1.2476 0.9181 0.0209
1.2505 0.9300 0.0213
1.2533 0.8999 0.0210
1.2562 0.9180 0.0216
1.2591 0.9217 0.0220
1.2619 0.9381 0.0227
1.2648 0.9357 0.0231
1.2677 0.9523 0.0237
1.2706 0.9511 0.0236
1.2734 0.9539 0.0237
1.2763 0.9688 0.0241
1.2792 0.9424 0.0235
1.2821 0.9371 0.0231
1.2850 0.9662 0.0233
1.2878 0.9223 0.0223
1.2907 0.9303 0.0222
1.2936 0.9401 0.0224
1.2965 0.9701 0.0230
1.2994 0.9716 0.0230
1.3022 0.9314 0.0220
1.3051 0.9587 0.0225
1.3080 0.9294 0.0220
1.3109 0.9425 0.0222
1.3137 0.9358 0.0219
1.3166 0.9797 0.0227
1.3195 0.9676 0.0223
1.3224 0.9287 0.0214
1.3252 0.9452 0.0216
1.3281 0.9567 0.0218
1.3310 0.9610 0.0218
1.3339 0.9586 0.0216
1.3367 0.9548 0.0214
1.3396 0.9589 0.0216
1.3425 0.9550 0.0214
1.3454 0.9455 0.0213
1.3482 0.9374 0.0213
1.3511 0.9690 0.0221
1.3540 0.9535 0.0221
1.3568 0.9326 0.0222
1.3654 0.9282 0.0239
1.3683 0.9705 0.0253
1.3712 0.9802 0.0260
1.3912 0.9847 0.0268
1.3940 0.9886 0.0271
1.3997 0.9768 0.0270
1.4026 0.9507 0.0269
1.4054 0.9872 0.0279
1.4111 1.0044 0.0270
1.4140 0.9941 0.0261
1.4168 0.9455 0.0247
1.4197 0.9985 0.0253
1.4225 0.9642 0.0245
1.4253 1.0102 0.0249
1.4282 1.0266 0.0248
1.4310 1.0140 0.0241
1.4338 0.9633 0.0230
1.4367 0.9761 0.0235
1.4395 1.0294 0.0250
1.4423 1.0075 0.0247
1.4451 1.0138 0.0249
1.4480 1.0285 0.0253
1.4508 0.9751 0.0242
1.4536 0.9864 0.0244
1.4564 1.0285 0.0255
1.4592 1.0181 0.0253
1.4620 1.0191 0.0251
1.4648 0.9755 0.0242
1.4677 0.9864 0.0245
1.4705 0.9512 0.0238
1.4733 0.9887 0.0246
1.4761 0.9694 0.0245
1.4789 0.9868 0.0248
1.4817 1.0177 0.0251
1.4845 1.0312 0.0252
1.4872 0.9815 0.0242
1.4900 1.0047 0.0244
1.4928 0.9976 0.0250
1.4956 1.0098 0.0258
1.4984 1.0024 0.0253
1.5012 0.9516 0.0240
1.5039 1.0000 0.0248
1.5095 0.9895 0.0249
1.5123 0.9587 0.0247
1.5150 0.9552 0.0244
1.5178 0.9890 0.0245
1.5206 1.0304 0.0254
1.5261 0.9657 0.0245
1.5288 0.9981 0.0253
1.5316 0.9942 0.0254
1.5344 0.9384 0.0241
1.5371 0.9847 0.0250
1.5398 0.9929 0.0248
1.5426 0.9751 0.0244
1.5453 1.0276 0.0251
1.5481 0.9922 0.0245
1.5535 0.9626 0.0241
1.5562 1.0131 0.0250
1.5590 0.9694 0.0242
1.5617 0.9480 0.0236
1.5644 0.9755 0.0239
1.5671 0.9424 0.0232
1.5699 1.0032 0.0249
1.5726 0.9984 0.0257
1.5753 0.9601 0.0249
1.5780 0.9656 0.0249
1.5807 0.9193 0.0239
1.5834 0.9680 0.0251
1.5861 0.9932 0.0255
1.5888 0.9970 0.0257
1.5915 1.0238 0.0264
1.5942 0.9646 0.0248
1.5969 0.9898 0.0247
1.5995 0.9571 0.0244
1.6022 0.9556 0.0249
1.6049 0.9817 0.0256
1.6076 0.9578 0.0252
1.6102 0.9579 0.0256
1.6129 0.9742 0.0261
1.6156 0.9980 0.0257
1.6182 0.9475 0.0246
1.6209 0.9649 0.0250
1.6236 0.9388 0.0242
1.6262 0.9477 0.0241
1.6289 0.9610 0.0245
1.6315 0.9784 0.0248
1.6342 0.9046 0.0235
1.6368 0.9252 0.0238
1.6395 0.9449 0.0245
1.6421 0.9899 0.0253
1.6447 0.9538 0.0245
1.6474 0.9378 0.0238
1.6500 0.9075 0.0230
1.6526 0.9477 0.0234
1.6552 0.9451 0.0235
1.6579 0.9464 0.0244
1.6605 0.9205 0.0243
1.6631 0.9227 0.0242
1.6657 0.9637 0.0249
1.6683 0.9535 0.0247
1.6709 0.9417 0.0247
1.6735 0.9678 0.0253
1.6761 0.9547 0.0253
1.6787 0.9388 0.0250
1.6813 0.9133 0.0237
1.6839 0.9365 0.0238
1.6865 0.9285 0.0239
1.6890 0.9108 0.0244
1.6916 0.9591 0.0256
1.6942 0.9238 0.0250
1.6968 0.9615 0.0261
1.6994 0.9287 0.0254
1.7019 0.9294 0.0254
1.7045 0.9169 0.0249
1.7071 0.9528 0.0260
1.7096 0.9534 0.0251
1.7122 0.9606 0.0248
1.7147 0.9039 0.0238
1.7173 0.9566 0.0248
1.7198 0.9043 0.0238
1.7224 0.9311 0.0241
1.7249 0.9232 0.0239
1.7275 0.8870 0.0239
1.7300 0.9394 0.0251
1.7325 0.9466 0.0253
1.7351 0.9066 0.0247
1.7376 0.9225 0.0246
1.7401 0.9651 0.0254
1.7426 0.8975 0.0241
1.7452 0.8814 0.0234
1.7477 0.9495 0.0241
1.7502 0.9484 0.0236
1.7527 0.9196 0.0239
1.7552 0.9354 0.0256
1.7577 0.8934 0.0251
1.7602 0.9183 0.0258
1.7627 0.9330 0.0257
1.7652 0.9576 0.0260
1.7677 0.8501 0.0244
1.7702 0.9358 0.0262
1.7727 0.9388 0.0261
1.7752 0.8934 0.0245
1.7776 0.9263 0.0246
1.7801 0.8867 0.0237
1.7826 0.8686 0.0233
1.7851 0.9058 0.0249
1.7876 0.8974 0.0256
1.7925 0.9563 0.0274
1.7950 0.9199 0.0272
1.7974 0.9408 0.0273
1.7999 0.9161 0.0275
1.8023 0.8915 0.0282
1.8048 0.9238 0.0294
1.8072 0.9669 0.0299
1.8121 0.9101 0.0283
1.8170 0.9177 0.0297
1.8194 0.9256 0.0297
1.8219 0.8885 0.0277
1.8243 0.9221 0.0285
1.8267 0.8873 0.0285
1.8292 0.8939 0.0297
1.8316 0.9163 0.0314
1.8340 0.8664 0.0319
1.8413 0.8912 0.0385
1.8437 0.8529 0.0411
1.8461 0.8773 0.0442
1.8485 0.8557 0.0422
1.8509 0.9409 0.0431
1.8533 0.8328 0.0388
1.8557 0.8710 0.0363
1.8605 0.8731 0.0350
1.8629 0.9221 0.0381
1.8653 0.9776 0.0427
1.8676 0.9705 0.0442
1.8724 0.9104 0.0447
1.8772 0.8864 0.0435
1.8795 0.9669 0.0421
1.8819 0.9844 0.0377
1.8843 0.9936 0.0326
1.8890 0.8738 0.0273
1.8914 0.8549 0.0272
1.8937 0.9197 0.0295
1.8961 0.8682 0.0306
1.8984 0.8494 0.0307
1.9008 0.9618 0.0324
1.9031 0.8603 0.0319
1.9055 0.8574 0.0332
1.9078 0.8384 0.0352
1.9102 0.9256 0.0368
1.9125 0.9552 0.0386
1.9148 0.9105 0.0393
1.9172 0.8691 0.0379
1.9195 0.8591 0.0370
1.9219 0.9105 0.0370
1.9242 0.9672 0.0372
1.9265 0.9672 0.0360
1.9288 1.0193 0.0362
1.9311 0.9150 0.0329
1.9335 0.8789 0.0293
1.9358 0.8758 0.0273
1.9381 0.9049 0.0274
1.9404 0.9446 0.0283
1.9427 0.9013 0.0274
1.9497 0.8938 0.0288
1.9520 0.8379 0.0289
1.9543 0.9000 0.0312
1.9566 0.8777 0.0318
1.9588 0.9495 0.0338
1.9611 0.8375 0.0324
1.9634 0.9337 0.0334
1.9657 0.9401 0.0338
1.9680 0.9475 0.0333
1.9703 0.9285 0.0317
1.9726 0.8481 0.0295
1.9749 0.9179 0.0294
1.9771 0.8783 0.0279
1.9794 0.9173 0.0274
1.9817 0.8956 0.0265
1.9840 0.9129 0.0254
1.9863 0.9299 0.0248
1.9885 0.8390 0.0248
1.9908 0.8700 0.0274
1.9930 0.9214 0.0297
1.9953 0.8773 0.0307
1.9976 0.9243 0.0328
1.9998 0.9678 0.0355
2.0021 0.9260 0.0374
2.0043 0.8509 0.0395
2.0066 0.8768 0.0416
2.0088 0.9022 0.0393
2.0111 0.8461 0.0343
2.0133 0.9962 0.0343
2.0156 0.8896 0.0339
2.0201 0.9145 0.0343
2.0223 0.8687 0.0332
2.0246 0.9343 0.0331
2.0268 0.9247 0.0318
2.0290 0.9230 0.0318
2.0312 0.9289 0.0330
2.0335 0.9546 0.0329
2.0357 0.9204 0.0309
2.0379 0.8880 0.0302
2.0402 0.8678 0.0294
2.0446 0.8662 0.0306
2.0468 0.9144 0.0329
2.0490 0.9448 0.0325
2.0513 0.9558 0.0314
2.0535 0.8526 0.0305
2.0601 0.9405 0.0315
2.0623 0.8506 0.0307
2.0645 0.9721 0.0309
2.0667 0.8872 0.0281
2.0689 0.8432 0.0270
2.0711 0.8603 0.0273
2.0733 0.9059 0.0280
2.0755 0.8989 0.0280
2.0777 0.9669 0.0292
2.0798 0.9468 0.0283
2.0820 0.9930 0.0282
2.0842 0.8984 0.0264
2.0864 0.9018 0.0263
2.0886 0.8706 0.0256
2.0908 0.8684 0.0256
2.0929 0.8867 0.0258
2.0951 0.8723 0.0254
2.0973 0.9176 0.0264
2.0995 0.9397 0.0268
2.1016 0.9094 0.0269
2.1038 0.9106 0.0275
2.1081 0.9046 0.0289
2.1103 0.8679 0.0286
2.1124 0.8588 0.0286
2.1146 0.9109 0.0296
2.1168 0.8849 0.0293
2.1189 0.8976 0.0293
2.1211 0.9245 0.0292
2.1232 0.9318 0.0292
2.1254 0.9026 0.0282
2.1275 0.9149 0.0279
2.1297 0.9172 0.0276
2.1318 0.9757 0.0279
2.1339 0.8806 0.0255
2.1361 0.9156 0.0258
2.1404 0.9081 0.0273
2.1425 0.9987 0.0306
2.1446 0.9397 0.0310
2.1489 0.9078 0.0318
2.1510 0.8576 0.0314
2.1531 0.9219 0.0323
2.1552 0.8505 0.0320
2.1595 0.9100 0.0296
2.1616 0.8623 0.0276
2.1637 0.9459 0.0282
2.1658 0.8905 0.0272
2.1679 0.8355 0.0264
2.1700 0.9026 0.0286
2.1721 0.8508 0.0294
2.1742 0.8710 0.0303
2.1763 0.8829 0.0309
2.1784 0.8528 0.0307
2.1805 0.9323 0.0318
2.1826 0.8903 0.0322
2.1847 0.9686 0.0334
2.1868 0.9180 0.0334
2.1889 0.8979 0.0329
2.1910 0.8804 0.0323
2.1930 0.8376 0.0320
2.1951 0.8662 0.0327
2.1972 0.9132 0.0334
2.1993 0.9004 0.0337
2.2014 0.9787 0.0350
2.2034 0.9020 0.0341
2.2055 0.9172 0.0338
2.2076 0.8976 0.0343
2.2117 0.8447 0.0323
2.2138 0.8773 0.0322
2.2158 0.8797 0.0322
2.2179 0.8755 0.0322
2.2199 0.8561 0.0314
2.2220 0.9104 0.0315
2.2240 0.9661 0.0332
2.2261 0.9290 0.0332
2.2281 0.8687 0.0326
2.2322 0.9767 0.0341
2.2343 0.9678 0.0336
2.2363 0.9720 0.0337
2.2404 0.8691 0.0313
2.2424 0.9544 0.0323
2.2444 0.8762 0.0325
2.2485 0.9038 0.0327
2.2505 0.9108 0.0330
2.2525 0.9335 0.0334
2.2545 0.8688 0.0326
2.2565 0.9204 0.0332
2.2606 0.8786 0.0325
2.2626 0.8947 0.0329
2.2646 0.8340 0.0325
2.2666 0.9547 0.0347
2.2686 0.9452 0.0351
2.2706 0.8477 0.0340
2.2726 0.8437 0.0338
2.2746 0.8859 0.0343
2.2766 0.8632 0.0342
2.2785 0.9657 0.0352
2.2805 0.9451 0.0351
2.2825 0.9753 0.0352
2.2845 0.8928 0.0344
2.2865 0.9120 0.0352
2.2904 0.8659 0.0357
2.2924 0.8904 0.0365
2.2944 0.9384 0.0375
2.2963 1.0340 0.0393
2.2983 0.9461 0.0384
2.3003 0.9255 0.0384
2.3022 0.8743 0.0379
2.3042 0.9388 0.0385
2.3061 0.9176 0.0378
2.3081 1.0057 0.0391
2.3120 0.9718 0.0391
2.3139 0.9013 0.0387
2.3159 0.8533 0.0393
2.3178 1.0314 0.0415
2.3197 0.9161 0.0407
2.3217 0.9840 0.0423
2.3236 0.8984 0.0418
2.3255 0.9769 0.0425
2.3275 0.9243 0.0421
2.3294 0.9737 0.0424
2.3313 0.9905 0.0430
2.3371 0.8572 0.0425
2.3390 0.8817 0.0436
2.3409 0.9029 0.0444
2.3485 0.9879 0.0493
2.3504 0.8889 0.0490
2.3542 0.9428 0.0510
2.3561 0.9250 0.0509
2.3599 0.9858 0.0510
2.3618 1.0289 0.0517
2.3693 0.9607 0.0548
2.3712 1.0352 0.0574
2.3731 0.8660 0.0599
2.3749 1.0130 0.0585
2.3768 1.0028 0.0590
2.3805 0.8554 0.0582
2.3861 0.8534 0.0600
2.3898 0.8991 0.0615
2.3916 0.9745 0.0613
2.3935 0.8454 0.0615
2.3972 0.9780 0.0609
2.4027 0.9512 0.0655
2.4100 0.9398 0.0725
2.4137 0.9381 0.0762
2.4155 1.0013 0.0788
2.4283 0.8980 0.0784
2.4301 0.9149 0.0802
2.4319 0.9380 0.0809
2.4337 1.0021 0.0823
2.4373 0.8857 0.0883
2.4445 0.8463 0.0962
2.4553 0.8834 0.1001
2.4607 0.9460 0.0946
2.4643 0.8801 0.1074
2.4661 1.0312 0.1119
2.4697 0.9716 0.1167
2.4714 0.9721 0.1219
2.4768 1.0333 0.1424
2.4786 0.8938 0.1530
2.4822 1.0245 0.1674
2.4840 0.9100 0.1789
2.4858 0.9335 0.1907
2.4876 0.8537 0.1916
2.4929 1.0238 0.1854
