0.6871 0.7415 0.0328
0.6886 0.7568 0.0328
0.6901 0.6744 0.0304
0.6916 0.7192 0.0308
0.6931 0.7536 0.0319
0.6945 0.7206 0.0306
0.6960 0.7201 0.0303
0.6975 0.7649 0.0311
0.6990 0.7050 0.0290
0.7005 0.7215 0.0294
0.7020 0.6923 0.0285
0.7035 0.7319 0.0296
0.7050 0.7287 0.0292
0.7065 0.7134 0.0284
0.7080 0.7256 0.0289
0.7095 0.7470 0.0294
0.7110 0.7071 0.0281
0.7125 0.7253 0.0286
0.7140 0.7256 0.0283
0.7155 0.7322 0.0282
0.7171 0.7313 0.0282
0.7186 0.7519 0.0289
0.7201 0.7204 0.0279
0.7217 0.7490 0.0287
0.7232 0.7212 0.0279
0.7247 0.7337 0.0281
0.7263 0.7311 0.0280
0.7278 0.7331 0.0280
0.7294 0.7403 0.0282
0.7309 0.7363 0.0279
0.7325 0.7342 0.0279
0.7341 0.7319 0.0277
0.7357 0.7342 0.0276
0.7372 0.7423 0.0277
0.7388 0.7360 0.0275
0.7404 0.7406 0.0275
0.7420 0.7435 0.0275
0.7436 0.7513 0.0277
0.7452 0.7429 0.0274
0.7469 0.7574 0.0279
0.7485 0.7574 0.0278
0.7501 0.7591 0.0279
0.7518 0.7496 0.0274
0.7534 0.7377 0.0271
0.7550 0.7368 0.0271
0.7567 0.7539 0.0277
0.7584 0.7666 0.0281
0.7600 0.7869 0.0289
0.7617 0.7877 0.0290
0.7634 0.7869 0.0292
0.7651 0.7490 0.0279
0.7668 0.7270 0.0271
0.7685 0.7114 0.0265
0.7702 0.7322 0.0271
0.7719 0.7689 0.0282
0.7737 0.7684 0.0281
0.7754 0.7623 0.0278
0.7771 0.7675 0.0279
0.7789 0.7715 0.0280
0.7806 0.7559 0.0275
0.7824 0.7556 0.0275
0.7842 0.7542 0.0275
0.7860 0.7600 0.0276
0.7878 0.7452 0.0271
0.7896 0.7663 0.0278
0.7914 0.7701 0.0280
0.7932 0.7669 0.0279
0.7950 0.7669 0.0278
0.7968 0.7660 0.0277
0.7987 0.7611 0.0276
0.8005 0.7614 0.0275
0.8024 0.7487 0.0271
0.8042 0.7490 0.0271
0.8061 0.7588 0.0273
0.8080 0.7597 0.0272
0.8099 0.7455 0.0268
0.8118 0.7562 0.0270
0.8137 0.7556 0.0270
0.8156 0.7501 0.0268
0.8175 0.7423 0.0266
0.8195 0.7478 0.0267
0.8214 0.7496 0.0269
0.8233 0.7519 0.0271
0.8253 0.7447 0.0268
0.8273 0.7383 0.0268
0.8292 0.7426 0.0269
0.8312 0.7429 0.0269
0.8332 0.7452 0.0271
0.8352 0.7553 0.0274
0.8372 0.7342 0.0267
0.8392 0.7473 0.0271
0.8413 0.7342 0.0266
0.8433 0.7493 0.0271
0.8453 0.7305 0.0264
0.8474 0.7305 0.0264
0.8494 0.7290 0.0263
0.8515 0.7296 0.0263
0.8536 0.7296 0.0262
0.8557 0.7215 0.0259
0.8578 0.7368 0.0264
0.8599 0.7296 0.0262
0.8620 0.7126 0.0255
0.8641 0.7244 0.0259
0.8662 0.7273 0.0261
0.8683 0.7186 0.0258
0.8705 0.7209 0.0259
0.8727 0.7166 0.0259
0.8748 0.7050 0.0255
0.8770 0.7311 0.0264
0.8791 0.7241 0.0262
0.8813 0.7137 0.0261
0.8835 0.7117 0.0259
0.8857 0.7227 0.0264
0.8880 0.7267 0.0265
0.8902 0.7212 0.0262
0.8924 0.7287 0.0265
0.8946 0.7134 0.0259
0.8969 0.7146 0.0258
0.8991 0.7131 0.0258
0.9014 0.7094 0.0255
0.9036 0.7079 0.0254
0.9059 0.7024 0.0251
0.9082 0.6958 0.0248
0.9105 0.7013 0.0249
0.9128 0.7045 0.0250
0.9151 0.7102 0.0252
0.9174 0.7062 0.0249
0.9197 0.7001 0.0247
0.9221 0.7114 0.0253
0.9244 0.7206 0.0257
0.9268 0.7134 0.0257
0.9291 0.7212 0.0261
0.9315 0.7264 0.0265
0.9338 0.7218 0.0265
0.9362 0.7160 0.0265
0.9386 0.7180 0.0268
0.9410 0.6862 0.0260
0.9434 0.7056 0.0266
0.9458 0.7045 0.0264
0.9482 0.7363 0.0275
0.9506 0.7285 0.0270
0.9531 0.7120 0.0262
0.9555 0.7192 0.0263
0.9580 0.7175 0.0261
0.9604 0.7201 0.0261
0.9629 0.7192 0.0259
0.9653 0.7328 0.0263
0.9678 0.7279 0.0260
0.9703 0.7279 0.0260
0.9728 0.7435 0.0265
0.9752 0.7470 0.0267
0.9778 0.7348 0.0263
0.9803 0.7513 0.0268
0.9828 0.7455 0.0267
0.9853 0.7418 0.0268
0.9878 0.7603 0.0274
0.9903 0.7533 0.0274
0.9929 0.7655 0.0277
0.9954 0.7623 0.0276
0.9980 0.7629 0.0277
1.0005 0.7568 0.0275
1.0031 0.7649 0.0279
1.0057 0.7689 0.0280
1.0082 0.7634 0.0279
1.0108 0.7721 0.0283
1.0134 0.7770 0.0284
1.0160 0.7530 0.0275
1.0186 0.7718 0.0284
1.0212 0.7750 0.0286
1.0238 0.7741 0.0284
1.0264 0.7750 0.0286
1.0291 0.7756 0.0286
1.0317 0.7831 0.0289
1.0343 0.7736 0.0285
1.0370 0.7762 0.0286
1.0396 0.7796 0.0287
1.0422 0.7831 0.0286
1.0449 0.7765 0.0283
1.0475 0.7799 0.0284
1.0502 0.7802 0.0282
1.0529 0.7834 0.0282
1.0556 0.7727 0.0275
1.0582 0.7741 0.0275
1.0609 0.7779 0.0277
1.0636 0.7822 0.0280
1.0663 0.7950 0.0286
1.0690 0.7863 0.0284
1.0717 0.7990 0.0291
1.0744 0.7906 0.0291
1.0771 0.7906 0.0293
1.0798 0.7802 0.0291
1.0826 0.8039 0.0301
1.0853 0.8097 0.0304
1.0880 0.8224 0.0309
1.0907 0.8112 0.0307
1.0935 0.8184 0.0310
1.0962 0.8172 0.0307
1.0990 0.8010 0.0300
1.1017 0.8285 0.0308
1.1045 0.8149 0.0303
1.1072 0.8282 0.0306
1.1100 0.8308 0.0304
1.1127 0.8305 0.0302
1.1155 0.8271 0.0298
1.1183 0.8213 0.0298
1.1211 0.8421 0.0309
1.1239 0.8230 0.0306
1.1266 0.8022 0.0303
1.1294 0.8224 0.0310
1.1322 0.8057 0.0312
1.1350 0.8112 0.0321
1.1378 0.8326 0.0330
1.1406 0.8499 0.0335
1.1434 0.8236 0.0328
1.1462 0.8433 0.0332
1.1490 0.8508 0.0337
1.1518 0.8250 0.0328
1.1546 0.8326 0.0333
1.1574 0.8265 0.0324
1.1603 0.8453 0.0327
1.1631 0.8355 0.0324
1.1659 0.8658 0.0328
1.1687 0.8476 0.0320
1.1716 0.8551 0.0316
1.1744 0.8658 0.0316
1.1772 0.8635 0.0312
1.1801 0.8511 0.0306
1.1829 0.8531 0.0306
1.1857 0.8586 0.0307
1.1886 0.8670 0.0314
1.1914 0.8670 0.0317
1.1943 0.8690 0.0320
1.1971 0.8650 0.0320
1.2000 0.8843 0.0333
1.2028 0.8939 0.0342
1.2057 0.8702 0.0338
1.2085 0.8791 0.0344
1.2114 0.9115 0.0353
1.2142 0.8866 0.0346
1.2171 0.8901 0.0347
1.2199 0.8895 0.0347
1.2228 0.8968 0.0352
1.2257 0.8791 0.0345
1.2285 0.9089 0.0349
1.2314 0.8959 0.0344
1.2343 0.9083 0.0348
1.2371 0.8933 0.0341
1.2400 0.9020 0.0340
1.2429 0.9034 0.0336
1.2457 0.9118 0.0336
1.2486 0.8904 0.0328
1.2515 0.9228 0.0337
1.2543 0.9092 0.0334
1.2572 0.9104 0.0339
1.2601 0.9127 0.0346
1.2630 0.9179 0.0355
1.2658 0.9002 0.0360
1.2687 0.9338 0.0381
1.2716 0.9005 0.0377
1.2745 0.9234 0.0383
1.2773 0.9037 0.0381
1.2802 0.9294 0.0393
1.2831 0.9456 0.0396
1.2860 0.9248 0.0385
1.2889 0.9338 0.0384
1.2917 0.9453 0.0383
1.2946 0.9167 0.0370
1.2975 0.9419 0.0378
1.3004 0.9234 0.0375
1.3033 0.9505 0.0382
1.3061 0.9349 0.0372
1.3090 0.9384 0.0371
1.3119 0.9335 0.0371
1.3148 0.9361 0.0374
1.3176 0.9439 0.0368
1.3205 0.9358 0.0363
1.3234 0.9182 0.0352
1.3263 0.9584 0.0360
1.3291 0.9474 0.0353
1.3349 0.9586 0.0351
1.3378 0.9407 0.0341
1.3406 0.9436 0.0342
1.3435 0.9537 0.0346
1.3665 0.9370 0.0529
1.3808 0.9445 0.0587
1.3865 0.9280 0.0553
1.3893 0.9508 0.0581
1.3979 0.9884 0.0639
1.4007 0.9751 0.0642
1.4093 0.9890 0.0672
1.4121 0.9546 0.0628
1.4178 0.9636 0.0543
1.4207 0.9618 0.0515
1.4235 0.9182 0.0486
1.4263 0.9433 0.0480
1.4292 0.9265 0.0455
1.4320 1.0098 0.0451
1.4348 0.9549 0.0418
1.4377 0.9789 0.0423
1.4405 0.9702 0.0437
1.4433 0.9734 0.0454
1.4461 0.9688 0.0461
1.4490 0.9665 0.0462
1.4518 0.9786 0.0463
1.4546 0.9774 0.0459
1.4574 0.9957 0.0463
1.4602 1.0205 0.0481
1.4630 0.9948 0.0471
1.4687 1.0061 0.0470
1.4715 1.0098 0.0479
1.4743 1.0072 0.0482
1.4771 0.9821 0.0485
1.4799 0.9980 0.0506
1.4827 1.0202 0.0502
1.4854 1.0338 0.0493
1.4882 0.9954 0.0471
1.4910 1.0228 0.0470
1.4938 0.9673 0.0461
1.4966 1.0301 0.0504
1.4994 1.0069 0.0503
1.5022 1.0335 0.0509
1.5049 1.0000 0.0474
1.5077 1.0266 0.0473
1.5105 1.0090 0.0472
1.5133 1.0263 0.0493
1.5160 1.0023 0.0500
1.5188 1.0165 0.0493
1.5215 1.0318 0.0470
1.5243 1.0014 0.0469
1.5271 1.0110 0.0479
1.5298 0.9705 0.0476
1.5326 1.0471 0.0504
1.5353 0.9760 0.0490
1.5381 0.9907 0.0480
1.5408 1.0124 0.0479
1.5436 1.0388 0.0486
1.5463 1.0333 0.0482
1.5490 1.0613 0.0485
1.5518 1.0581 0.0486
1.5545 1.0318 0.0484
1.5572 1.0307 0.0484
1.5599 1.0422 0.0485
1.5627 1.0119 0.0477
1.5654 1.0393 0.0478
1.5681 1.0321 0.0466
1.5708 1.0101 0.0463
1.5735 1.0483 0.0498
1.5762 1.0211 0.0522
1.5790 1.0110 0.0511
1.5817 1.0318 0.0515
1.5843 1.0281 0.0504
1.5871 1.0495 0.0511
1.5897 1.0254 0.0516
1.5924 1.0283 0.0525
1.5951 1.0307 0.0535
1.5978 1.0610 0.0514
1.6005 1.0399 0.0500
1.6032 1.0408 0.0509
1.6058 1.0460 0.0529
1.6085 1.0509 0.0539
1.6112 1.0197 0.0532
1.6165 1.0095 0.0537
1.6192 1.0364 0.0527
1.6219 1.0275 0.0519
1.6245 1.0194 0.0512
1.6272 0.9806 0.0491
1.6298 0.9980 0.0491
1.6325 0.9922 0.0489
1.6351 1.0324 0.0503
1.6378 1.0084 0.0491
1.6404 1.0304 0.0504
1.6430 0.9957 0.0507
1.6457 0.9751 0.0509
1.6483 1.0283 0.0502
1.6509 1.0133 0.0486
1.6535 0.9957 0.0475
1.6562 1.0171 0.0470
1.6588 1.0202 0.0475
1.6614 1.0101 0.0506
1.6640 0.9876 0.0510
1.6666 0.9873 0.0514
1.6692 0.9988 0.0512
1.6718 0.9951 0.0509
1.6744 0.9864 0.0514
1.6770 1.0165 0.0525
1.6796 1.0234 0.0535
1.6822 1.0176 0.0527
1.6848 0.9540 0.0478
1.6874 0.9754 0.0479
1.6900 0.9734 0.0491
1.6925 0.9734 0.0529
1.6951 0.9829 0.0533
1.6977 0.9667 0.0532
1.7003 0.9832 0.0545
1.7028 0.9760 0.0543
1.7054 0.9665 0.0537
1.7080 0.9673 0.0530
1.7105 0.9639 0.0520
1.7131 0.9644 0.0509
1.7156 0.9656 0.0496
1.7182 0.9986 0.0517
1.7207 0.9705 0.0506
1.7233 0.9627 0.0493
1.7258 0.9925 0.0489
1.7284 0.9688 0.0488
1.7309 0.9589 0.0510
1.7334 1.0032 0.0526
1.7360 0.9636 0.0527
1.7385 0.9303 0.0523
1.7410 0.9881 0.0528
1.7435 0.9688 0.0524
1.7461 0.9615 0.0518
1.7486 0.9257 0.0490
1.7511 0.9239 0.0463
1.7536 0.9951 0.0469
1.7561 0.9641 0.0503
1.7586 0.9693 0.0533
1.7611 0.9375 0.0543
1.7636 0.9653 0.0544
1.7661 0.9731 0.0548
1.7686 0.9815 0.0554
1.7711 0.9584 0.0566
1.7736 0.9277 0.0553
1.7760 0.9491 0.0550
1.7785 0.9471 0.0515
1.7810 0.9586 0.0506
1.7835 0.9578 0.0497
1.7860 0.9372 0.0497
1.7884 0.9190 0.0511
1.7909 0.9653 0.0579
1.7934 0.9636 0.0610
1.7983 0.9728 0.0657
1.8008 0.9413 0.0649
1.8056 0.9772 0.0755
1.8106 0.9763 0.0783
1.8130 0.9777 0.0729
1.8154 0.9717 0.0754
1.8179 0.9734 0.0791
1.8203 0.9294 0.0803
1.8227 0.8991 0.0789
1.8252 0.9670 0.0727
1.8276 0.9774 0.0744
1.8300 0.9355 0.0817
1.8397 0.9456 0.1272
1.8613 0.9693 0.1218
1.8661 0.9390 0.1286
1.8756 0.9390 0.1670
1.8827 0.8603 0.1184
1.8851 0.8965 0.1003
1.8875 0.9890 0.0875
1.8898 0.9465 0.0792
1.8922 0.9014 0.0752
1.8946 0.8988 0.0778
1.8969 0.9847 0.0896
1.9016 0.9907 0.1008
1.9063 0.8791 0.1090
1.9110 0.8875 0.1228
1.9133 0.8667 0.1212
1.9204 0.8543 0.1248
1.9250 0.8913 0.1130
1.9273 0.9636 0.1118
1.9297 0.9028 0.1048
1.9320 0.9665 0.0989
1.9343 0.8895 0.0904
1.9366 0.9636 0.0773
1.9389 0.8985 0.0709
1.9412 0.9757 0.0685
1.9436 0.8890 0.0677
1.9459 0.8892 0.0653
1.9482 0.9138 0.0652
1.9505 0.9855 0.0684
1.9528 0.9867 0.0709
1.9574 0.9534 0.0780
1.9597 0.9482 0.0800
1.9620 0.9740 0.0820
1.9643 0.8927 0.0799
1.9665 0.8757 0.0786
1.9688 0.8994 0.0786
1.9711 0.9072 0.0750
1.9734 0.8652 0.0712
1.9757 0.8835 0.0678
1.9780 0.9008 0.0647
1.9802 0.9222 0.0608
1.9825 0.9858 0.0585
1.9848 0.9497 0.0555
1.9870 0.9020 0.0499
1.9893 0.9263 0.0481
1.9916 0.9300 0.0532
1.9938 0.9031 0.0602
1.9961 0.8930 0.0654
2.0074 0.9263 0.0987
2.0119 0.8502 0.0856
2.0141 0.8441 0.0723
2.0164 0.9670 0.0694
2.0186 0.9127 0.0732
2.0209 0.8398 0.0754
2.0231 0.8939 0.0748
2.0276 0.8809 0.0709
2.0298 0.8916 0.0677
2.0320 0.9523 0.0707
2.0343 0.8702 0.0737
2.0365 0.9520 0.0725
2.0387 0.9346 0.0673
2.0410 0.9581 0.0667
2.0432 0.9809 0.0675
2.0454 0.8994 0.0657
2.0476 0.9543 0.0712
2.0520 0.9766 0.0713
2.0564 0.9595 0.0682
2.0587 0.9618 0.0693
2.0609 0.9150 0.0665
2.0653 0.9358 0.0681
2.0675 0.9662 0.0626
2.0697 0.9109 0.0579
2.0719 0.8864 0.0567
2.0741 0.9280 0.0577
2.0762 0.9144 0.0567
2.0784 0.9705 0.0587
2.0806 0.9358 0.0578
2.0828 0.9344 0.0556
2.0850 0.9708 0.0536
2.0872 0.9549 0.0528
2.0894 0.9205 0.0514
2.0915 0.9370 0.0515
2.0937 0.9601 0.0517
2.0959 0.9853 0.0518
2.0981 0.9511 0.0520
2.1002 0.9636 0.0518
2.1024 0.9610 0.0524
2.1046 1.0043 0.0552
2.1067 1.0127 0.0569
2.1089 0.9702 0.0582
2.1111 0.9780 0.0630
2.1132 0.9737 0.0615
2.1154 0.9743 0.0622
2.1175 0.9719 0.0631
2.1197 0.9968 0.0633
2.1218 0.9829 0.0609
2.1240 1.0052 0.0606
2.1261 0.9346 0.0593
2.1283 0.9662 0.0584
2.1304 0.9372 0.0552
2.1326 0.9841 0.0550
2.1347 0.9884 0.0521
2.1368 0.9627 0.0487
2.1390 0.9853 0.0490
2.1411 0.9425 0.0485
2.1432 0.9913 0.0556
2.1454 0.9485 0.0613
2.1475 0.9685 0.0653
2.1496 0.9144 0.0662
2.1517 0.9740 0.0705
2.1539 1.0040 0.0707
2.1560 1.0159 0.0709
2.1581 0.9575 0.0697
2.1602 0.9653 0.0668
2.1623 0.9341 0.0605
2.1644 0.9341 0.0561
2.1665 0.9711 0.0545
2.1687 0.9916 0.0538
2.1708 0.9679 0.0544
2.1729 0.9734 0.0597
2.1750 1.0567 0.0654
2.1771 0.9824 0.0651
2.1792 0.9711 0.0659
2.1813 1.0038 0.0669
2.1833 0.9728 0.0659
2.1854 0.9876 0.0667
2.1875 1.0038 0.0702
2.1896 1.0046 0.0735
2.1980 1.0376 0.0713
2.2000 0.9592 0.0710
2.2021 0.9335 0.0712
2.2042 0.9777 0.0729
2.2062 1.0202 0.0728
2.2104 0.9482 0.0693
2.2124 0.9774 0.0693
2.2145 1.0214 0.0682
2.2268 0.9358 0.0643
2.2289 0.9566 0.0659
2.2329 0.9902 0.0672
2.2451 1.0061 0.0592
2.2472 1.0127 0.0614
2.2492 0.9896 0.0620
2.2512 0.9757 0.0620
2.2532 0.9931 0.0625
2.2552 1.0359 0.0631
2.2572 0.9803 0.0613
2.2593 0.9971 0.0611
2.2613 0.9960 0.0611
2.2633 1.0468 0.0609
2.2653 1.0012 0.0600
2.2673 0.9780 0.0615
2.2693 1.0324 0.0637
2.2713 1.0197 0.0642
2.2733 1.0052 0.0640
2.2753 0.9818 0.0636
2.2773 1.0428 0.0644
2.2793 1.0168 0.0634
2.2812 1.0518 0.0631
2.2832 0.9795 0.0616
2.2852 1.0067 0.0616
2.2872 1.0046 0.0608
2.2891 0.9997 0.0617
2.2911 0.9800 0.0635
2.2931 1.0367 0.0655
2.2951 1.0153 0.0656
2.2970 1.0012 0.0664
2.2990 1.0061 0.0670
2.3010 1.0729 0.0684
2.3049 1.0185 0.0679
2.3068 1.0700 0.0683
2.3088 1.0295 0.0661
2.3107 1.0179 0.0654
2.3127 1.0538 0.0678
2.3166 1.0335 0.0699
2.3185 1.0208 0.0715
2.3204 1.0067 0.0723
2.3243 1.0949 0.0752
2.3262 1.0599 0.0754
2.3282 1.0503 0.0758
2.3301 1.0419 0.0739
2.3339 1.0327 0.0735
2.3397 1.0711 0.0787
2.3416 1.0133 0.0794
2.3492 1.0223 0.0906
2.3549 1.0763 0.0956
2.3568 1.0789 0.0953
2.3587 1.1064 0.0952
2.3606 1.0839 0.0938
2.3624 1.0243 0.0930
2.3662 1.0665 0.0984
2.3681 1.0882 0.1006
2.3793 1.0833 0.1207
2.3812 1.0567 0.1207
2.3830 1.0691 0.1217
2.3923 1.0943 0.1269
2.3997 1.0723 0.1258
2.4089 1.0761 0.1499
2.4162 1.0709 0.1868
2.4398 1.0014 0.2140
2.4828 1.0723 0.4632