0.6856 0.6642 0.0477
0.6871 0.6777 0.0472
0.6886 0.6703 0.0462
0.6901 0.6566 0.0458
0.6916 0.6646 0.0448
0.6931 0.6816 0.0448
0.6945 0.6781 0.0441
0.6960 0.6760 0.0434
0.6975 0.6701 0.0425
0.6990 0.6691 0.0419
0.7005 0.6624 0.0414
0.7020 0.6730 0.0413
0.7035 0.6912 0.0417
0.7050 0.6877 0.0411
0.7065 0.6848 0.0407
0.7080 0.6825 0.0403
0.7095 0.6845 0.0402
0.7110 0.6978 0.0407
0.7125 0.6843 0.0405
0.7140 0.6923 0.0397
0.7155 0.6809 0.0391
0.7171 0.6919 0.0393
0.7186 0.6898 0.0394
0.7201 0.6844 0.0386
0.7217 0.6985 0.0389
0.7232 0.6968 0.0392
0.7247 0.6918 0.0384
0.7263 0.6918 0.0380
0.7278 0.6986 0.0382
0.7294 0.6979 0.0379
0.7309 0.6966 0.0377
0.7325 0.6994 0.0375
0.7341 0.7033 0.0377
0.7357 0.7120 0.0378
0.7372 0.7046 0.0372
0.7388 0.7048 0.0370
0.7404 0.7042 0.0368
0.7420 0.7062 0.0365
0.7436 0.7026 0.0362
0.7452 0.7025 0.0361
0.7469 0.7193 0.0368
0.7485 0.7144 0.0364
0.7501 0.7230 0.0367
0.7518 0.7151 0.0366
0.7534 0.7168 0.0369
0.7550 0.7284 0.0377
0.7567 0.7231 0.0379
0.7584 0.7160 0.0377
0.7600 0.7191 0.0378
0.7617 0.7082 0.0372
0.7634 0.7175 0.0376
0.7651 0.7036 0.0367
0.7668 0.7146 0.0367
0.7685 0.7176 0.0364
0.7702 0.7271 0.0364
0.7719 0.7166 0.0359
0.7737 0.7215 0.0360
0.7754 0.7213 0.0359
0.7771 0.7229 0.0360
0.7789 0.7211 0.0358
0.7806 0.7201 0.0358
0.7824 0.7147 0.0355
0.7842 0.7113 0.0354
0.7860 0.7157 0.0354
0.7878 0.7139 0.0353
0.7896 0.7101 0.0352
0.7914 0.7129 0.0354
0.7932 0.7117 0.0350
0.7950 0.7186 0.0351
0.7968 0.7074 0.0346
0.7987 0.7141 0.0348
0.8005 0.7099 0.0345
0.8024 0.7148 0.0346
0.8042 0.7117 0.0344
0.8061 0.7104 0.0343
0.8080 0.7135 0.0343
0.8099 0.7239 0.0347
0.8118 0.7157 0.0344
0.8137 0.7082 0.0343
0.8156 0.7102 0.0342
0.8175 0.7088 0.0342
0.8195 0.7078 0.0342
0.8214 0.7111 0.0344
0.8233 0.7091 0.0343
0.8253 0.7027 0.0341
0.8273 0.7090 0.0345
0.8292 0.7052 0.0342
0.8312 0.7001 0.0341
0.8332 0.7117 0.0345
0.8352 0.7058 0.0342
0.8372 0.7057 0.0342
0.8392 0.7000 0.0338
0.8413 0.7040 0.0339
0.8433 0.7019 0.0337
0.8453 0.6943 0.0334
0.8474 0.7003 0.0334
0.8494 0.6924 0.0330
0.8515 0.6921 0.0330
0.8536 0.6918 0.0330
0.8557 0.6948 0.0330
0.8578 0.6936 0.0331
0.8599 0.6899 0.0327
0.8620 0.6913 0.0327
0.8641 0.6862 0.0326
0.8662 0.6834 0.0325
0.8683 0.6785 0.0323
0.8705 0.6774 0.0323
0.8727 0.6851 0.0326
0.8748 0.6787 0.0323
0.8770 0.6785 0.0324
0.8791 0.6852 0.0328
0.8813 0.6804 0.0325
0.8835 0.6829 0.0326
0.8857 0.6795 0.0325
0.8880 0.6875 0.0328
0.8902 0.6847 0.0325
0.8924 0.6754 0.0320
0.8946 0.6774 0.0320
0.8969 0.6766 0.0319
0.8991 0.6965 0.0338
0.9014 0.6788 0.0317
0.9036 0.6721 0.0313
0.9059 0.6749 0.0313
0.9082 0.6817 0.0314
0.9105 0.6770 0.0312
0.9128 0.6712 0.0309
0.9151 0.6727 0.0309
0.9174 0.6765 0.0312
0.9197 0.6745 0.0314
0.9221 0.6823 0.0320
0.9244 0.6850 0.0323
0.9268 0.6856 0.0327
0.9291 0.6841 0.0328
0.9315 0.6771 0.0329
0.9338 0.6740 0.0330
0.9362 0.6811 0.0335
0.9386 0.6803 0.0334
0.9410 0.6835 0.0333
0.9434 0.6918 0.0341
0.9458 0.6915 0.0333
0.9482 0.6935 0.0332
0.9506 0.6864 0.0328
0.9531 0.6865 0.0323
0.9555 0.6858 0.0322
0.9580 0.6917 0.0321
0.9604 0.6995 0.0323
0.9629 0.6954 0.0320
0.9653 0.6990 0.0321
0.9678 0.6938 0.0318
0.9703 0.7013 0.0321
0.9728 0.7035 0.0323
0.9752 0.7023 0.0323
0.9778 0.7051 0.0322
0.9803 0.7032 0.0323
0.9828 0.7035 0.0324
0.9853 0.7113 0.0328
0.9878 0.7145 0.0331
0.9903 0.7346 0.0349
0.9929 0.7162 0.0332
0.9954 0.7201 0.0333
0.9980 0.7217 0.0334
1.0005 0.7197 0.0333
1.0031 0.7261 0.0337
1.0057 0.7221 0.0335
1.0082 0.7277 0.0337
1.0108 0.7343 0.0338
1.0134 0.7287 0.0338
1.0160 0.7304 0.0340
1.0186 0.7315 0.0340
1.0212 0.7290 0.0339
1.0238 0.7285 0.0340
1.0264 0.7423 0.0351
1.0291 0.7341 0.0342
1.0317 0.7368 0.0343
1.0343 0.7350 0.0342
1.0370 0.7326 0.0340
1.0396 0.7362 0.0339
1.0422 0.7494 0.0343
1.0449 0.7399 0.0338
1.0475 0.7523 0.0342
1.0502 0.7497 0.0337
1.0529 0.7539 0.0339
1.0556 0.7539 0.0337
1.0582 0.7567 0.0341
1.0609 0.7551 0.0341
1.0636 0.7505 0.0340
1.0663 0.7583 0.0345
1.0690 0.7605 0.0350
1.0717 0.7561 0.0351
1.0744 0.7605 0.0355
1.0771 0.7656 0.0359
1.0798 0.7719 0.0364
1.0826 0.7953 0.0385
1.0853 0.7733 0.0366
1.0880 0.7723 0.0367
1.0907 0.7758 0.0367
1.0935 0.7788 0.0365
1.0962 0.7743 0.0363
1.0990 0.7752 0.0363
1.1017 0.7861 0.0365
1.1045 0.7896 0.0365
1.1072 0.8003 0.0368
1.1100 0.8026 0.0370
1.1127 0.8070 0.0371
1.1155 0.8048 0.0374
1.1183 0.8017 0.0379
1.1211 0.8072 0.0386
1.1239 0.8041 0.0386
1.1266 0.8010 0.0389
1.1294 0.8078 0.0399
1.1322 0.8032 0.0400
1.1350 0.8239 0.0410
1.1378 0.8190 0.0409
1.1406 0.8263 0.0409
1.1434 0.8253 0.0408
1.1462 0.8274 0.0408
1.1490 0.8283 0.0409
1.1518 0.8244 0.0403
1.1546 0.8321 0.0400
1.1574 0.8285 0.0396
1.1603 0.8350 0.0397
1.1631 0.8382 0.0393
1.1659 0.8340 0.0387
1.1687 0.8327 0.0382
1.1716 0.8386 0.0381
1.1744 0.8394 0.0378
1.1772 0.8398 0.0376
1.1801 0.8433 0.0377
1.1829 0.8457 0.0382
1.1857 0.8563 0.0390
1.1886 0.8495 0.0391
1.1914 0.8518 0.0392
1.1943 0.8489 0.0395
1.1971 0.8571 0.0406
1.2000 0.8531 0.0408
1.2028 0.8604 0.0413
1.2057 0.8657 0.0417
1.2085 0.8624 0.0417
1.2114 0.8669 0.0417
1.2142 0.8713 0.0421
1.2171 0.8788 0.0424
1.2199 0.8593 0.0417
1.2228 0.8687 0.0415
1.2257 0.8650 0.0413
1.2285 0.8685 0.0413
1.2314 0.8626 0.0408
1.2343 0.8749 0.0410
1.2371 0.8724 0.0406
1.2400 0.8783 0.0405
1.2429 0.8759 0.0404
1.2457 0.8792 0.0406
1.2486 0.8821 0.0413
1.2515 0.8922 0.0423
1.2543 0.8853 0.0434
1.2572 0.8975 0.0450
1.2601 0.9020 0.0466
1.2630 0.8892 0.0477
1.2658 0.8848 0.0482
1.2687 0.8878 0.0484
1.2716 0.8896 0.0483
1.2745 0.8973 0.0491
1.2773 0.9135 0.0491
1.2802 0.9106 0.0478
1.2831 0.9103 0.0472
1.2860 0.9105 0.0463
1.2889 0.8985 0.0452
1.2917 0.9122 0.0454
1.2946 0.9000 0.0451
1.2975 0.9038 0.0452
1.3004 0.9218 0.0452
1.3033 0.9082 0.0445
1.3061 0.9149 0.0448
1.3090 0.9234 0.0451
1.3119 0.9264 0.0452
1.3148 0.9189 0.0441
1.3176 0.9218 0.0436
1.3205 0.9195 0.0431
1.3234 0.9265 0.0434
1.3263 0.9354 0.0435
1.3291 0.9284 0.0430
1.3320 0.9309 0.0427
1.3349 0.9399 0.0434
1.3378 0.9415 0.0436
1.3406 0.9562 0.0447
1.3579 0.9630 0.0643
1.3607 0.9368 0.0677
1.3693 0.9410 0.0744
1.3722 0.9569 0.0740
1.3751 0.9475 0.0712
1.3779 0.9658 0.0686
1.3808 0.9722 0.0683
1.3836 0.9717 0.0689
1.3865 0.9334 0.0720
1.3893 0.9648 0.0755
1.3979 0.9752 0.0749
1.4007 0.9562 0.0754
1.4036 0.9382 0.0785
1.4064 0.9793 0.0730
1.4093 0.9657 0.0685
1.4121 0.9476 0.0634
1.4150 0.9618 0.0614
1.4178 0.9762 0.0602
1.4207 0.9666 0.0589
1.4235 0.9727 0.0575
1.4263 0.9615 0.0547
1.4292 0.9817 0.0531
1.4320 0.9733 0.0525
1.4348 0.9791 0.0535
1.4377 0.9777 0.0558
1.4405 0.9719 0.0562
1.4433 0.9813 0.0564
1.4461 0.9822 0.0564
1.4490 0.9589 0.0552
1.4518 0.9821 0.0559
1.4546 0.9709 0.0564
1.4574 0.9786 0.0571
1.4602 0.9827 0.0565
1.4630 0.9868 0.0560
1.4659 0.9880 0.0564
1.4687 0.9829 0.0566
1.4715 0.9707 0.0562
1.4743 0.9786 0.0579
1.4771 0.9743 0.0576
1.4799 0.9818 0.0568
1.4827 0.9883 0.0566
1.4854 0.9817 0.0543
1.4882 0.9899 0.0546
1.4910 0.9894 0.0582
1.4938 0.9784 0.0591
1.4966 0.9922 0.0585
1.4994 0.9968 0.0570
1.5022 0.9959 0.0568
1.5049 1.0000 0.0565
1.5077 0.9861 0.0572
1.5105 0.9918 0.0591
1.5133 1.0015 0.0588
1.5160 1.0028 0.0559
1.5188 1.0034 0.0563
1.5215 0.9958 0.0568
1.5243 1.0062 0.0577
1.5271 1.0101 0.0587
1.5298 1.0034 0.0592
1.5326 0.9923 0.0586
1.5353 0.9891 0.0561
1.5381 1.0079 0.0566
1.5408 1.0152 0.0567
1.5436 0.9993 0.0549
1.5463 1.0087 0.0554
1.5490 0.9942 0.0553
1.5518 1.0005 0.0557
1.5545 0.9970 0.0551
1.5572 0.9983 0.0555
1.5599 0.9964 0.0550
1.5627 0.9948 0.0543
1.5654 0.9951 0.0539
1.5681 1.0137 0.0570
1.5708 0.9893 0.0596
1.5735 0.9812 0.0600
1.5762 0.9814 0.0592
1.5790 0.9811 0.0593
1.5817 1.0023 0.0597
1.5843 0.9885 0.0591
1.5871 0.9763 0.0595
1.5897 0.9983 0.0617
1.5924 0.9912 0.0590
1.5951 0.9697 0.0561
1.5978 1.0113 0.0583
1.6005 1.0170 0.0609
1.6032 0.9934 0.0608
1.6058 1.0068 0.0618
1.6085 1.0197 0.0660
1.6112 0.9972 0.0623
1.6139 0.9915 0.0601
1.6165 1.0057 0.0614
1.6192 0.9918 0.0588
1.6219 0.9791 0.0572
1.6245 0.9909 0.0566
1.6272 0.9896 0.0565
1.6298 0.9970 0.0577
1.6325 0.9940 0.0564
1.6351 0.9870 0.0564
1.6378 0.9989 0.0580
1.6404 0.9805 0.0577
1.6430 0.9896 0.0571
1.6457 0.9859 0.0558
1.6483 0.9847 0.0547
1.6509 0.9979 0.0544
1.6535 0.9932 0.0544
1.6562 0.9874 0.0577
1.6588 0.9599 0.0584
1.6614 0.9791 0.0590
1.6640 0.9675 0.0586
1.6666 0.9805 0.0602
1.6692 0.9935 0.0598
1.6718 0.9837 0.0603
1.6744 0.9926 0.0612
1.6770 0.9941 0.0616
1.6796 0.9871 0.0580
1.6822 0.9771 0.0564
1.6848 0.9683 0.0568
1.6874 0.9856 0.0601
1.6900 0.9835 0.0618
1.6925 0.9703 0.0626
1.6951 0.9801 0.0625
1.6977 0.9769 0.0630
1.7003 0.9805 0.0625
1.7028 0.9981 0.0651
1.7054 0.9695 0.0606
1.7080 0.9819 0.0599
1.7105 0.9769 0.0579
1.7131 0.9722 0.0581
1.7156 0.9721 0.0590
1.7182 0.9687 0.0577
1.7207 0.9740 0.0566
1.7233 0.9714 0.0562
1.7258 0.9577 0.0578
1.7284 0.9656 0.0590
1.7309 0.9617 0.0604
1.7334 0.9707 0.0599
1.7360 0.9632 0.0592
1.7385 0.9736 0.0598
1.7410 0.9693 0.0592
1.7435 0.9501 0.0576
1.7461 0.9671 0.0560
1.7486 0.9614 0.0542
1.7511 0.9651 0.0581
1.7536 0.9495 0.0610
1.7561 0.9547 0.0652
1.7586 0.9703 0.0641
1.7611 0.9660 0.0631
1.7636 0.9473 0.0630
1.7661 0.9590 0.0641
1.7686 0.9597 0.0650
1.7711 0.9436 0.0644
1.7736 0.9573 0.0619
1.7760 0.9397 0.0594
1.7785 0.9412 0.0588
1.7810 0.9411 0.0604
1.7835 0.9377 0.0606
1.7860 0.9470 0.0668
1.7884 0.9251 0.0701
1.7909 0.9476 0.0730
1.7934 0.9523 0.0757
1.7958 0.9573 0.0752
1.7983 0.9256 0.0766
1.8008 0.9363 0.0831
1.8032 0.9487 0.0885
1.8056 0.9613 0.0938
1.8130 0.9579 0.0893
1.8154 0.9636 0.0920
1.8179 0.9644 0.0948
1.8324 0.9617 0.1326
1.8349 0.9681 0.1427
1.8373 0.9360 0.1534
1.8397 0.9029 0.1640
1.8421 0.9519 0.1794
1.8469 0.9319 0.1743
1.8517 0.9613 0.1526
1.8541 0.9306 0.1398
1.8733 0.9087 0.1538
1.8756 0.9012 0.1384
1.8780 0.9326 0.1238
1.8804 0.9534 0.1122
1.8827 0.9588 0.0993
1.8851 0.9452 0.0928
1.8922 0.9475 0.1022
1.8946 0.9463 0.1103
1.8993 0.9475 0.1182
1.9016 0.9477 0.1242
1.9063 0.9061 0.1290
1.9087 0.9541 0.1245
1.9110 0.9399 0.1285
1.9133 0.9628 0.1343
1.9157 0.9212 0.1288
1.9180 0.9154 0.1240
1.9204 0.9505 0.1190
1.9273 0.9550 0.1071
1.9297 0.9087 0.1002
1.9320 0.9016 0.0876
1.9343 0.9458 0.0800
1.9366 0.9494 0.0771
1.9389 0.9581 0.0772
1.9412 0.9491 0.0761
1.9436 0.9372 0.0761
1.9459 0.9236 0.0780
1.9482 0.9432 0.0797
1.9505 0.9487 0.0838
1.9528 0.9300 0.0866
1.9551 0.9139 0.0879
1.9574 0.9385 0.0896
1.9597 0.9204 0.0873
1.9620 0.9196 0.0855
1.9643 0.9259 0.0861
1.9665 0.9098 0.0837
1.9688 0.9283 0.0802
1.9711 0.9206 0.0766
1.9734 0.9259 0.0737
1.9757 0.9413 0.0705
1.9780 0.9668 0.0679
1.9802 0.9281 0.0649
1.9825 0.9765 0.0644
1.9848 0.9499 0.0592
1.9870 0.9600 0.0628
1.9893 0.9599 0.0718
1.9916 0.9582 0.0793
1.9938 0.9731 0.0869
1.9961 0.9979 0.0945
1.9984 0.9873 0.1022
2.0006 0.9905 0.1115
2.0029 0.9527 0.1200
2.0051 0.9203 0.1226
2.0074 0.9403 0.1100
2.0097 0.9257 0.0915
2.0119 0.9441 0.0826
2.0141 0.9264 0.0831
2.0164 0.9371 0.0884
2.0186 0.9385 0.0855
2.0209 0.9343 0.0836
2.0231 0.9371 0.0820
2.0253 0.9782 0.0794
2.0276 0.9672 0.0794
2.0298 0.9930 0.0844
2.0320 0.9518 0.0838
2.0343 0.9781 0.0812
2.0365 0.9542 0.0766
2.0387 0.9673 0.0779
2.0410 0.9683 0.0780
2.0432 0.9760 0.0821
2.0454 0.9705 0.0879
2.0476 0.9824 0.0849
2.0498 0.9765 0.0801
2.0520 0.9755 0.0805
2.0542 0.9686 0.0814
2.0564 0.9656 0.0799
2.0587 0.9850 0.0793
2.0609 0.9736 0.0803
2.0631 0.9697 0.0754
2.0653 0.9760 0.0701
2.0675 0.9746 0.0689
2.0697 0.9522 0.0676
2.0719 0.9495 0.0673
2.0741 0.9657 0.0682
2.0762 0.9779 0.0687
2.0784 0.9727 0.0671
2.0806 0.9577 0.0638
2.0828 0.9655 0.0626
2.0850 0.9670 0.0625
2.0872 0.9863 0.0632
2.0894 0.9691 0.0619
2.0915 0.9700 0.0613
2.0937 0.9491 0.0607
2.0959 0.9793 0.0619
2.0981 0.9757 0.0622
2.1002 0.9729 0.0636
2.1024 0.9593 0.0669
2.1046 0.9560 0.0664
2.1067 0.9764 0.0696
2.1089 0.9569 0.0701
2.1111 0.9775 0.0712
2.1132 0.9595 0.0722
2.1154 0.9633 0.0725
2.1175 1.0076 0.0719
2.1197 0.9887 0.0704
2.1218 0.9683 0.0705
2.1240 0.9978 0.0693
2.1261 0.9854 0.0670
2.1283 0.9783 0.0662
2.1304 1.0086 0.0693
2.1326 0.9997 0.0612
2.1347 0.9892 0.0597
2.1368 0.9939 0.0602
2.1390 0.9925 0.0645
2.1411 0.9977 0.0718
2.1432 1.0025 0.0766
2.1454 1.0148 0.0795
2.1475 0.9997 0.0804
2.1496 0.9950 0.0814
2.1517 0.9943 0.0840
2.1539 1.0273 0.0838
2.1560 1.0234 0.0814
2.1581 0.9864 0.0742
2.1602 0.9903 0.0689
2.1623 1.0062 0.0671
2.1644 0.9905 0.0657
2.1665 1.0041 0.0658
2.1687 0.9991 0.0696
2.1708 0.9893 0.0747
2.1729 0.9849 0.0773
2.1750 0.9865 0.0768
2.1771 0.9744 0.0777
2.1792 1.0079 0.0817
2.1813 0.9922 0.0790
2.1833 1.0106 0.0804
2.1854 0.9872 0.0840
2.1875 0.9840 0.0833
2.1896 0.9936 0.0815
2.1917 0.9911 0.0823
2.1938 1.0372 0.0833
2.1959 0.9950 0.0838
2.1980 1.0102 0.0852
2.2000 1.0026 0.0855
2.2021 1.0309 0.0857
2.2042 1.0387 0.0934
2.2062 0.9933 0.0826
2.2083 1.0260 0.0824
2.2104 0.9900 0.0818
2.2124 1.0174 0.0798
2.2145 0.9999 0.0788
2.2165 1.0319 0.0807
2.2186 1.0046 0.0785
2.2207 1.0083 0.0759
2.2227 1.0149 0.0777
2.2248 1.0261 0.0801
2.2268 1.0097 0.0801
2.2289 1.0040 0.0797
2.2309 1.0241 0.0798
2.2329 0.9959 0.0783
2.2350 1.0196 0.0788
2.2370 1.0124 0.0780
2.2391 1.0301 0.0748
2.2411 1.0199 0.0750
2.2431 1.0026 0.0749
2.2451 0.9968 0.0754
2.2472 1.0060 0.0761
2.2492 0.9936 0.0760
2.2512 1.0368 0.0772
2.2532 1.0034 0.0763
2.2552 1.0307 0.0764
2.2572 1.0181 0.0760
2.2593 0.9907 0.0746
2.2613 1.0143 0.0748
2.2633 1.0057 0.0754
2.2653 0.9899 0.0763
2.2673 0.9951 0.0778
2.2693 1.0152 0.0779
2.2713 1.0295 0.0781
2.2733 1.0300 0.0786
2.2753 1.0032 0.0773
2.2773 1.0082 0.0767
2.2793 1.0052 0.0761
2.2832 1.0236 0.0765
2.2852 1.0254 0.0767
2.2872 1.0091 0.0775
2.2891 1.0020 0.0790
2.2911 1.0348 0.0807
2.2931 1.0400 0.0814
2.2951 1.0343 0.0818
2.2970 1.0226 0.0820
2.2990 1.0023 0.0816
2.3010 1.0269 0.0819
2.3029 1.0009 0.0806
2.3049 1.0097 0.0807
2.3068 1.0267 0.0802
2.3088 1.0115 0.0805
2.3107 1.0238 0.0822
2.3127 1.0478 0.0870
2.3146 1.0115 0.0849
2.3166 1.0136 0.0859
2.3185 1.0297 0.0869
2.3204 1.0152 0.0909
2.3224 1.0216 0.0882
2.3243 1.0350 0.0880
2.3262 1.0394 0.0873
2.3282 1.0356 0.0867
2.3301 1.0186 0.0870
2.3320 1.0269 0.0880
2.3339 1.0288 0.0898
2.3359 1.0157 0.0910
2.3378 1.0293 0.0931
2.3397 1.0570 0.0960
2.3416 1.0241 0.0988
2.3435 1.0481 0.1025
2.3454 1.0153 0.1045
2.3473 1.0160 0.1055
2.3492 1.0440 0.1068
2.3511 1.0207 0.1070
2.3530 0.9989 0.1061
2.3549 1.0258 0.1086
2.3568 1.0449 0.1049
2.3587 1.0295 0.1037
2.3606 1.0146 0.1048
2.3624 1.0042 0.1100
2.3643 1.0222 0.1126
2.3662 1.0296 0.1149
2.3681 1.0103 0.1189
2.3718 1.0288 0.1247
2.3737 1.0223 0.1268
2.3756 1.0192 0.1291
2.3775 1.0115 0.1290
2.3793 1.0419 0.1288
2.3812 1.0372 0.1300
2.3830 1.0482 0.1318
2.3849 1.0311 0.1367
2.3868 1.0474 0.1314
2.3886 1.0174 0.1312
2.3905 1.0265 0.1322
2.3923 1.0117 0.1269
2.3941 1.0035 0.1270
2.3960 1.0550 0.1301
2.3978 1.0495 0.1336
2.3997 1.0737 0.1396
2.4015 1.0668 0.1404
2.4034 1.0202 0.1430
2.4052 1.0256 0.1488
2.4070 1.0089 0.1584
2.4089 1.0336 0.1693
2.4107 1.0278 0.1765
2.4125 1.0203 0.1792
2.4144 1.0807 0.1966
2.4180 1.0584 0.1991
2.4198 1.0406 0.2037
2.4216 1.0465 0.1638
2.4235 1.0619 0.1591
2.4253 1.0620 0.1659
2.4289 1.0333 0.1813
2.4307 1.0431 0.1808
2.4325 1.0063 0.1818
2.4361 1.0687 0.2025
2.4416 1.0626 0.2203
2.4434 1.0759 0.2302
2.4470 1.0517 0.2464
2.4506 1.0336 0.2346
2.4524 1.0440 0.2283
2.4541 1.0633 0.2217
2.4560 1.0468 0.2136
2.4577 1.0819 0.2078
2.4595 1.0542 0.2100
2.4613 1.0830 0.2219
2.4631 1.0817 0.2476
2.4685 1.0730 0.2732
2.4703 1.0364 0.2911
2.4721 1.0217 0.3269
2.4757 1.0515 0.3704
2.4792 1.0145 0.4090
2.4846 1.0218 0.5171
2.4882 1.0696 0.5187
2.4954 1.0662 0.4944
2.4972 1.0261 0.4952
