    0.6800   -1.0000   -1.0000         0
    0.6850   -1.0000   -1.0000         0
    0.6900   -1.0000   -1.0000         0
    0.6950   -1.0000   -1.0000         0
    0.7000   -1.0000   -1.0000         0
    0.7050   -1.0000   -1.0000         0
    0.7100   -1.0000   -1.0000         0
    0.7150   -1.0000   -1.0000         0
    0.7200   -1.0000   -1.0000         0
    0.7250   -1.0000   -1.0000         0
    0.7300   -1.0000   -1.0000         0
    0.7350   -1.0000   -1.0000         0
    0.7400   -1.0000   -1.0000         0
    0.7450   -1.0000   -1.0000         0
    0.7500   -1.0000   -1.0000         0
    0.7550   -1.0000   -1.0000         0
    0.7600   -1.0000   -1.0000         0
    0.7650   -1.0000   -1.0000         0
    0.7700   -1.0000   -1.0000         0
    0.7750   -1.0000   -1.0000         0
    0.7800   -1.0000   -1.0000         0
    0.7850   -1.0000   -1.0000         0
    0.7900   -1.0000   -1.0000         0
    0.7950   -1.0000   -1.0000         0
    0.8000   -1.0000   -1.0000         0
    0.8050   -1.0000   -1.0000         0
    0.8100   -1.0000   -1.0000         0
    0.8150   -1.0000   -1.0000         0
    0.8200   -1.0000   -1.0000         0
    0.8250   -1.0000   -1.0000         0
    0.8300   -1.0000   -1.0000         0
    0.8350   -1.0000   -1.0000         0
    0.8400   -1.0000   -1.0000         0
    0.8450   -1.0000   -1.0000         0
    0.8500   -1.0000   -1.0000         0
    0.8550    1.0107    0.0118         1
    0.8600    0.9950    0.0117         1
    0.8650    0.9979    0.0100         1
    0.8700    0.9762    0.0099         1
    0.8750    0.9738    0.0094         1
    0.8800    0.9670    0.0097         1
    0.8850    0.9636    0.0089         1
    0.8900    0.9657    0.0086         1
    0.8950    0.9701    0.0092         1
    0.9000    0.9461    0.0096         1
    0.9050    0.9682    0.0084         1
    0.9100    0.9633    0.0086         1
    0.9150    0.9524    0.0084         1
    0.9200    0.9368    0.0088         1
    0.9250    0.9454    0.0089         1
    0.9300    0.9625    0.0091         1
    0.9350    0.9406    0.0094         1
    0.9400    0.9505    0.0095         1
    0.9450    0.9573    0.0092         1
    0.9500    0.9666    0.0090         1
    0.9550    0.9578    0.0086         1
    0.9600    0.9626    0.0090         1
    0.9650    0.9659    0.0098         1
    0.9700    0.9600    0.0084         1
    0.9750    0.9723    0.0087         1
    0.9800    0.9755    0.0087         1
    0.9850    0.9711    0.0093         1
    0.9900    0.9767    0.0087         1
    0.9950    0.9783    0.0092         1
    1.0000    0.9932    0.0105         1
    1.0050   -1.0000   -1.0000         0
    1.0100    0.9913    0.0098         1
    1.0150    0.9849    0.0102         1
    1.0200    0.9843    0.0115         1
    1.0250    0.9918    0.0102         1
    1.0300    0.9924    0.0094         1
    1.0350    1.0025    0.0104         1
    1.0400    1.0030    0.0099         1
    1.0450    0.9987    0.0095         1
    1.0500    1.0096    0.0088         1
    1.0550    0.9967    0.0094         1
    1.0600    1.0057    0.0102         1
    1.0650    1.0071    0.0095         1
    1.0700    0.9988    0.0103         1
    1.0750    1.0187    0.0104         1
    1.0800    1.0224    0.0101         1
    1.0850    1.0214    0.0101         1
    1.0900    1.0081    0.0099         1
    1.0950    1.0265    0.0107         1
    1.1000    1.0292    0.0096         1
    1.1050    1.0164    0.0100         1
    1.1100    1.0254    0.0104         1
    1.1150    1.0500    0.0106         1
    1.1200    1.0328    0.0110         1
    1.1250    1.0421    0.0108         1
    1.1300    1.0322    0.0113         1
    1.1350    1.0413    0.0110         1
    1.1400    1.0598    0.0115         1
    1.1450    1.0760    0.0111         1
    1.1500    1.0364    0.0108         1
    1.1550    1.0693    0.0108         1
    1.1600    1.0746    0.0101         1
    1.1650    1.0781    0.0097         1
    1.1700    1.0683    0.0097         1
    1.1750    1.0774    0.0096         1
    1.1800    1.0645    0.0095         1
    1.1850    1.0700    0.0100         1
    1.1900    1.0779    0.0105         1
    1.1950    1.0800    0.0108         1
    1.2000    1.0745    0.0110         1
    1.2050    1.0709    0.0111         1
    1.2100    1.0886    0.0118         1
    1.2150    1.0846    0.0119         1
    1.2200    1.0755    0.0116         1
    1.2250    1.0842    0.0119         1
    1.2300    1.0828    0.0116         1
    1.2350   -1.0000   -1.0000         0
    1.2400    1.0778    0.0112         1
    1.2450   -1.0000   -1.0000         0
    1.2500    1.0848    0.0115         1
    1.2550    1.1101    0.0107         1
    1.2600    1.1060    0.0134         1
    1.2650    1.0958    0.0146         1
    1.2700    1.0958    0.0151         1
    1.2750    1.1246    0.0170         1
    1.2800   -1.0000   -1.0000         0
    1.2850    1.0990    0.0133         1
    1.2900    1.0985    0.0131         1
    1.2950    1.1153    0.0114         1
    1.3000    1.1153    0.0126         1
    1.3050    1.1038    0.0121         1
    1.3100    1.1282    0.0126         1
    1.3150    1.0881    0.0113         1
    1.3200    1.0933    0.0123         1
    1.3250    1.1167    0.0129         1
    1.3300    1.1144    0.0114         1
    1.3350    1.1052    0.0116         1
    1.3400    1.1210    0.0134         1
    1.3450   -1.0000   -1.0000         0
    1.3500   -1.0000   -1.0000         0
    1.3550    1.1396    0.0257         1
    1.3600    1.0932    0.0290         1
    1.3650   -1.0000   -1.0000         0
    1.3700   -1.0000   -1.0000         0
    1.3750    1.1242    0.0258         1
    1.3800   -1.0000   -1.0000         0
    1.3850    1.1711    0.0243         1
    1.3900    1.1625    0.0294         1
    1.3950   -1.0000   -1.0000         0
    1.4000    1.1882    0.0259         1
    1.4050    1.1655    0.0277         1
    1.4100    1.1494    0.0233         1
    1.4150    1.1318    0.0213         1
    1.4200    1.1671    0.0161         1
    1.4250    1.1990    0.0159         1
    1.4300    1.1948    0.0151         1
    1.4350    1.1437    0.0154         1
    1.4400    1.1741    0.0165         1
    1.4450    1.1694    0.0161         1
    1.4500    1.1935    0.0160         1
    1.4550    1.1686    0.0174         1
    1.4600    1.2204    0.0176         1
    1.4650   -1.0000   -1.0000         0
    1.4700    1.1723    0.0181         1
    1.4750    1.1742    0.0178         1
    1.4800    1.2096    0.0163         1
    1.4850   -1.0000   -1.0000         0
    1.4900    1.2203    0.0173         1
    1.4950    1.1888    0.0200         1
    1.5000    1.1846    0.0168         1
    1.5050    1.1659    0.0173         1
    1.5100    1.1995    0.0233         1
    1.5150    1.2096    0.0195         1
    1.5200    1.1789    0.0195         1
    1.5250    1.2084    0.0224         1
    1.5300    1.1896    0.0203         1
    1.5350    1.2318    0.0219         1
    1.5400    1.2328    0.0201         1
    1.5450    1.2140    0.0171         1
    1.5500    1.1739    0.0171         1
    1.5550    1.1961    0.0167         1
    1.5600    1.1808    0.0158         1
    1.5650    1.1971    0.0155         1
    1.5700    1.2429    0.0210         1
    1.5750    1.2073    0.0184         1
    1.5800    1.1907    0.0181         1
    1.5850    1.2193    0.0183         1
    1.5900    1.1635    0.0188         1
    1.5950    1.1956    0.0191         1
    1.6000    1.2222    0.0154         1
    1.6050    1.1959    0.0175         1
    1.6100    1.1764    0.0206         1
    1.6150    1.1905    0.0186         1
    1.6200    1.1838    0.0175         1
    1.6250    1.1707    0.0172         1
    1.6300    1.1891    0.0160         1
    1.6350    1.2216    0.0152         1
    1.6400    1.1441    0.0175         1
    1.6450    1.1359    0.0166         1
    1.6500    1.1353    0.0148         1
    1.6550    1.1585    0.0159         1
    1.6600    1.1767    0.0160         1
    1.6650    1.1830    0.0187         1
    1.6700    1.1415    0.0181         1
    1.6750    1.1717    0.0175         1
    1.6800    1.1765    0.0162         1
    1.6850    1.1668    0.0161         1
    1.6900    1.1474    0.0195         1
    1.6950    1.1579    0.0195         1
    1.7000    1.1584    0.0189         1
    1.7050    1.1320    0.0181         1
    1.7100    1.1304    0.0162         1
    1.7150    1.1261    0.0170         1
    1.7200    1.1280    0.0161         1
    1.7250    1.1164    0.0171         1
    1.7300    1.1369    0.0186         1
    1.7350    1.1382    0.0184         1
    1.7400    1.1175    0.0178         1
    1.7450    1.1129    0.0164         1
    1.7500    1.1152    0.0156         1
    1.7550    1.0898    0.0172         1
    1.7600    1.1286    0.0200         1
    1.7650    1.1065    0.0191         1
    1.7700    1.1038    0.0180         1
    1.7750    1.1350    0.0179         1
    1.7800    1.0885    0.0191         1
    1.7850    1.0847    0.0188         1
    1.7900    1.1192    0.0217         1
    1.7950    1.1141    0.0270         1
    1.8000    1.0308    0.0260         1
    1.8050    1.0317    0.0337         1
    1.8100    1.0800    0.0310         1
    1.8150    1.1378    0.0294         1
    1.8200    1.1322    0.0338         1
    1.8250    1.0440    0.0345         1
    1.8300    1.1020    0.0472         1
    1.8350   -1.0000   -1.0000         0
    1.8400   -1.0000   -1.0000         0
    1.8450    1.1434    0.0717         1
    1.8500   -1.0000   -1.0000         0
    1.8550   -1.0000   -1.0000         0
    1.8600    1.0984    0.0615         1
    1.8650   -1.0000   -1.0000         0
    1.8700   -1.0000   -1.0000         0
    1.8750    1.1059    0.0785         1
    1.8800    1.0833    0.0522         1
    1.8850    1.1184    0.0361         1
    1.8900    1.0511    0.0333         1
    1.8950    1.0626    0.0438         1
    1.9000    1.0337    0.0450         1
    1.9050    1.1437    0.0544         1
    1.9100   -1.0000   -1.0000         0
    1.9150    1.0526    0.0521         1
    1.9200    1.0727    0.0457         1
    1.9250    1.1001    0.0441         1
    1.9300    1.0843    0.0397         1
    1.9350    1.1438    0.0305         1
    1.9400    1.0918    0.0244         1
    1.9450    1.0993    0.0260         1
    1.9500    1.1132    0.0318         1
    1.9550    1.1243    0.0312         1
    1.9600    1.1128    0.0386         1
    1.9650    1.1319    0.0332         1
    1.9700    1.1334    0.0291         1
    1.9750    1.0981    0.0249         1
    1.9800    1.1351    0.0232         1
    1.9850    1.0851    0.0201         1
    1.9900    1.0587    0.0239         1
    1.9950    1.0798    0.0284         1
    2.0000    1.1102    0.0348         1
    2.0050    1.0706    0.0422         1
    2.0100    1.1011    0.0360         1
    2.0150    1.0969    0.0331         1
    2.0200   -1.0000   -1.0000         0
    2.0250   -1.0000   -1.0000         0
    2.0300    1.1102    0.0295         1
    2.0350    1.0767    0.0323         1
    2.0400    1.1513    0.0251         1
    2.0450    1.1521    0.0284         1
    2.0500    1.0747    0.0265         1
    2.0550    1.0696    0.0275         1
    2.0600    1.1266    0.0301         1
    2.0650    1.1363    0.0259         1
    2.0700    1.1568    0.0229         1
    2.0750    1.1207    0.0216         1
    2.0800    1.0778    0.0225         1
    2.0850    1.1103    0.0204         1
    2.0900    1.1022    0.0185         1
    2.0950    1.1290    0.0173         1
    2.1000    1.1636    0.0190         1
    2.1050    1.0926    0.0220         1
    2.1100    1.0927    0.0261         1
    2.1150    1.1453    0.0233         1
    2.1200    1.0993    0.0232         1
    2.1250    1.1063    0.0224         1
    2.1300    1.1062    0.0238         1
    2.1350    1.1149    0.0195         1
    2.1400    1.1070    0.0225         1
    2.1450    1.0921    0.0275         1
    2.1500    1.1384    0.0276         1
    2.1550    1.1360    0.0354         1
    2.1600    1.1299    0.0246         1
    2.1650    1.1723    0.0199         1
    2.1700    1.1702    0.0259         1
    2.1750    1.1345    0.0245         1
    2.1800    1.1464    0.0250         1
    2.1850    1.1115    0.0284         1
    2.1900    1.1054    0.0272         1
    2.1950    1.1860    0.0281         1
    2.2000    1.1488    0.0289         1
    2.2050    1.1257    0.0255         1
    2.2100    1.1428    0.0292         1
    2.2150    1.1509    0.0268         1
    2.2200    1.1660    0.0270         1
    2.2250    1.2144    0.0271         1
    2.2300    1.1566    0.0255         1
    2.2350    1.1174    0.0267         1
    2.2400    1.1639    0.0246         1
    2.2450    1.1495    0.0319         1
    2.2500    1.1953    0.0270         1
    2.2550    1.1603    0.0269         1
    2.2600    1.1605    0.0240         1
    2.2650    1.2054    0.0312         1
    2.2700    1.1793    0.0287         1
    2.2750    1.1814    0.0262         1
    2.2800    1.1931    0.0255         1
    2.2850    1.1990    0.0268         1
    2.2900    1.1869    0.0280         1
    2.2950    1.1714    0.0276         1
    2.3000    1.1888    0.0289         1
    2.3050    1.2320    0.0285         1
    2.3100    1.2559    0.0306         1
    2.3150    1.2575    0.0351         1
    2.3200    1.2670    0.0280         1
    2.3250    1.2110    0.0321         1
    2.3300    1.1715    0.0355         1
    2.3350    1.2418    0.0367         1
    2.3400    1.2441    0.0414         1
    2.3450    1.2059    0.0445         1
    2.3500    1.2246    0.0420         1