    0.6500    0.2994    9.2842         3
    0.6550   -0.8128    2.8212         4
    0.6600    0.6102    1.0939         4
    0.6650   -1.0000   -1.0000         0
    0.6700    0.9867    0.2238         4
    0.6750    0.9752    0.1356         4
    0.6800    0.9940    0.1060         4
    0.6850    1.0044    0.0851         4
    0.6900    1.0114    0.0662         4
    0.6950    1.0398    0.0555         4
    0.7000    1.0002    0.0479         4
    0.7050    1.0340    0.0448         4
    0.7100    1.0362    0.0411         4
    0.7150    1.0433    0.0383         4
    0.7200    1.0330    0.0353         4
    0.7250    1.0212    0.0327         4
    0.7300    1.0350    0.0317         4
    0.7350    1.0436    0.0304         4
    0.7400    1.0586    0.0294         4
    0.7450    1.0663    0.0295         4
    0.7500    1.0695    0.0313         4
    0.7550    1.0731    0.0310         4
    0.7600    1.0652    0.0290         4
    0.7650    1.0511    0.0259         4
    0.7700    1.0669    0.0250         4
    0.7750    1.0669    0.0244         4
    0.7800    1.0561    0.0239         4
    0.7850    1.0562    0.0236         4
    0.7900    1.0386    0.0231         4
    0.7950    1.0470    0.0230         4
    0.8000    1.0603    0.0228         4
    0.8050    1.0368    0.0225         4
    0.8100    1.0284    0.0223         4
    0.8150    1.0283    0.0222         4
    0.8200    1.0332    0.0221         4
    0.8250    1.0127    0.0215         4
    0.8300    1.0073    0.0212         4
    0.8350    1.0005    0.0211         4
    0.8400    1.0027    0.0208         4
    0.8450    1.0159    0.0211         4
    0.8500    1.0086    0.0206         4
    0.8550    0.9918    0.0199         4
    0.8600    0.9917    0.0197         4
    0.8650    0.9882    0.0194         4
    0.8700    0.9898    0.0193         4
    0.8750    0.9751    0.0188         4
    0.8800    0.9595    0.0183         4
    0.8850    0.9688    0.0184         4
    0.8900    0.9685    0.0180         4
    0.8950    0.9681    0.0178         4
    0.9000    0.9658    0.0176         4
    0.9050    0.9601    0.0173         4
    0.9100    0.9597    0.0170         4
    0.9150    0.9666    0.0169         4
    0.9200    0.9602    0.0166         4
    0.9250    0.9637    0.0167         4
    0.9300    0.9494    0.0166         4
    0.9350    0.9402    0.0165         4
    0.9400    0.9519    0.0167         4
    0.9450    0.9619    0.0167         4
    0.9500    0.9733    0.0169         4
    0.9550    0.9578    0.0160         4
    0.9600    0.9513    0.0157         4
    0.9650    0.9558    0.0154         4
    0.9700    0.9699    0.0157         4
    0.9750    0.9639    0.0152         4
    0.9800    0.9793    0.0153         4
    0.9850    0.9805    0.0152         4
    0.9900    0.9685    0.0147         4
    0.9950    0.9825    0.0148         4
    1.0000    0.9896    0.0147         4
    1.0050    0.9852    0.0146         4
    1.0100    0.9975    0.0145         4
    1.0150    0.9980    0.0152         4
    1.0200    0.9925    0.0147         4
    1.0250    1.0069    0.0143         4
    1.0300    1.0116    0.0154         3
    1.0350    0.9864    0.0146         3
    1.0400    0.9962    0.0144         4
    1.0450    1.0013    0.0143         4
    1.0500    1.0013    0.0145         4
    1.0550    1.0009    0.0145         4
    1.0600    0.9973    0.0146         4
    1.0650    0.9923    0.0147         4
    1.0700    1.0044    0.0148         4
    1.0750    1.0159    0.0151         4
    1.0800    1.0036    0.0154         4
    1.0850    0.9935    0.0154         4
    1.0900    1.0052    0.0157         4
    1.0950    1.0160    0.0157         4
    1.1000    1.0224    0.0157         4
    1.1050    1.0175    0.0156         4
    1.1100    1.0135    0.0163         4
    1.1150    1.0212    0.0163         4
    1.1200    1.0225    0.0166         4
    1.1250    1.0252    0.0173         4
    1.1300    1.0160    0.0174         4
    1.1350    1.0272    0.0169         4
    1.1400    1.0355    0.0171         4
    1.1450    1.0206    0.0164         4
    1.1500    1.0157    0.0167         4
    1.1550    1.0237    0.0164         4
    1.1600    1.0319    0.0158         4
    1.1650    1.0386    0.0158         4
    1.1700    1.0275    0.0158         4
    1.1750    1.0430    0.0161         4
    1.1800    1.0491    0.0160         4
    1.1850    1.0405    0.0161         4
    1.1900    1.0295    0.0159         4
    1.1950    1.0227    0.0165         4
    1.2000    1.0379    0.0166         4
    1.2050    1.0393    0.0166         4
    1.2100    1.0351    0.0166         4
    1.2150    1.0477    0.0165         4
    1.2200    1.0491    0.0169         4
    1.2250    1.0490    0.0167         4
    1.2300    1.0439    0.0172         4
    1.2350    1.0522    0.0170         4
    1.2400    1.0502    0.0171         4
    1.2450    1.0512    0.0169         4
    1.2500    1.0523    0.0172         4
    1.2550    1.0573    0.0172         4
    1.2600    1.0589    0.0178         4
    1.2650    1.0496    0.0175         3
    1.2700    1.0569    0.0197         1
    1.2750    1.0720    0.0186         3
    1.2800    1.0690    0.0179         4
    1.2850    1.0621    0.0177         4
    1.2900    1.0472    0.0174         4
    1.2950    1.0597    0.0172         4
    1.3000    1.0580    0.0168         4
    1.3050    1.0573    0.0169         4
    1.3100    1.0646    0.0177         4
    1.3150    1.0576    0.0170         4
    1.3200    1.0649    0.0174         4
    1.3250    1.0570    0.0175         4
    1.3300    1.0505    0.0171         4
    1.3350    1.0636    0.0180         4
    1.3400    1.0426    0.0188         4
    1.3450   -1.0000   -1.0000         0
    1.3500    1.0217    0.0196         3
    1.3550    1.0725    0.0311         3
    1.3600    1.0480    0.0324         4
    1.3650    1.0421    0.0334         4
    1.3700    1.0352    0.0326         4
    1.3750    1.0286    0.0343         2
    1.3800    1.0426    0.0325         3
    1.3850    1.0737    0.0272         2
    1.3900   -1.0000   -1.0000         0
    1.3950    1.0454    0.0281         4
    1.4000    1.0531    0.0273         4
    1.4050    1.0876    0.0286         3
    1.4100    1.0959    0.0279         3
    1.4150    1.0409    0.0242         4
    1.4200    1.0342    0.0241         4
    1.4250    1.0388    0.0238         2
    1.4300    1.0480    0.0222         4
    1.4350    1.0489    0.0223         4
    1.4400    1.0611    0.0216         4
    1.4450   -1.0000   -1.0000         0
    1.4500    1.0778    0.0207         4
    1.4550    1.1039    0.0185         1
    1.4600    1.0705    0.0205         4
    1.4650    1.0422    0.0212         4
    1.4700    1.0471    0.0202         4
    1.4750    1.0581    0.0208         4
    1.4800    1.0521    0.0206         4
    1.4850    1.0365    0.0199         4
    1.4900    1.0394    0.0205         4
    1.4950   -1.0000   -1.0000         0
    1.5000   -1.0000   -1.0000         0
    1.5050    1.0494    0.0198         4
    1.5100    1.0644    0.0191         4
    1.5150    1.0770    0.0199         4
    1.5200    1.0815    0.0191         4
    1.5250    1.0606    0.0186         4
    1.5300    1.0613    0.0187         4
    1.5350    1.0602    0.0191         4
    1.5400    1.0408    0.0190         4
    1.5450    1.0569    0.0199         4
    1.5500    1.0448    0.0200         4
    1.5550    1.0311    0.0182         4
    1.5600    1.0361    0.0183         4
    1.5650    1.0453    0.0188         4
    1.5700    1.0212    0.0198         4
    1.5750    1.0442    0.0202         4
    1.5800    1.0421    0.0193         4
    1.5850    1.0510    0.0196         4
    1.5900    1.0532    0.0203         4
    1.5950    1.0327    0.0196         4
    1.6000    1.0350    0.0194         4
    1.6050    1.0354    0.0212         4
    1.6100    1.0380    0.0208         4
    1.6150    1.0216    0.0207         4
    1.6200    1.0290    0.0203         4
    1.6250    1.0310    0.0197         4
    1.6300    0.9983    0.0205         4
    1.6350    1.0284    0.0206         4
    1.6400    1.0400    0.0205         4
    1.6450    1.0338    0.0215         4
    1.6500    1.0087    0.0200         4
    1.6550    1.0196    0.0201         4
    1.6600    1.0198    0.0201         4
    1.6650    1.0033    0.0213         4
    1.6700    1.0212    0.0210         4
    1.6750    1.0353    0.0222         4
    1.6800    0.9939    0.0224         4
    1.6850    1.0236    0.0218         4
    1.6900    1.0089    0.0227         4
    1.6950    0.9717    0.0213         4
    1.7000    0.9785    0.0212         4
    1.7050    0.9716    0.0233         4
    1.7100    0.9794    0.0218         4
    1.7150    1.0381    0.0232         4
    1.7200    0.9984    0.0235         4
    1.7250    0.9719    0.0220         4
    1.7300    0.9812    0.0230         4
    1.7350    0.9829    0.0223         4
    1.7400    0.9840    0.0253         4
    1.7450    0.9986    0.0232         4
    1.7500    0.9611    0.0235         4
    1.7550    0.9733    0.0230         4
    1.7600   -1.0000   -1.0000         0
    1.7650    1.0109    0.0255         4
    1.7700    0.9861    0.0226         4
    1.7750    0.9959    0.0259         4
    1.7800    0.9795    0.0234         4
    1.7850    0.9866    0.0238         4
    1.7900    0.9816    0.0254         4
    1.7950    0.9526    0.0265         4
    1.8000    0.9540    0.0298         4
    1.8050    0.9593    0.0295         4
    1.8100    0.9631    0.0326         4
    1.8150    0.9407    0.0319         4
    1.8200    0.9522    0.0361         4
    1.8250    0.9258    0.0377         4
    1.8300    0.9642    0.0439         4
    1.8350    0.9379    0.0477         4
    1.8400    0.9589    0.0518         4
    1.8450    0.9717    0.0563         4
    1.8500    0.9511    0.0541         4
    1.8550    0.9371    0.0512         4
    1.8600    0.9444    0.0582         3
    1.8650    0.9500    0.0546         4
    1.8700    0.9685    0.0436         3
    1.8750    0.9510    0.0441         3
    1.8800    0.9440    0.0479         4
    1.8850   -1.0000   -1.0000         0
    1.8900   -1.0000   -1.0000         0
    1.8950    0.9329    0.0430         4
    1.9000    0.9315    0.0457         4
    1.9050    0.9496    0.0501         4
    1.9100    0.9603    0.0476         4
    1.9150    0.9275    0.0457         4
    1.9200    0.9066    0.0409         4
    1.9250    0.9361    0.0395         4
    1.9300    0.9792    0.0406         4
    1.9350    0.9460    0.0394         4
    1.9400    0.9396    0.0360         4
    1.9450    0.9648    0.0388         4
    1.9500    0.9522    0.0325         3
    1.9550    0.9085    0.0316         1
    1.9600    0.9236    0.0340         2
    1.9650    0.9746    0.0397         4
    1.9700    0.9223    0.0360         4
    1.9750    0.9300    0.0321         4
    1.9800    0.9547    0.0305         4
    1.9850    0.9476    0.0308         4
    1.9900    0.9830    0.0347         3
    1.9950    0.9987    0.0401         3
    2.0000   -1.0000   -1.0000         0
    2.0050   -1.0000   -1.0000         0
    2.0100    0.9582    0.0573         3
    2.0150    0.9863    0.0484         3
    2.0200    0.9522    0.0428         4
    2.0250    0.9306    0.0381         3
    2.0300   -1.0000   -1.0000         0
    2.0350    0.9770    0.0366         2
    2.0400    0.9731    0.0394         2
    2.0450    0.9742    0.0308         2
    2.0500   -1.0000   -1.0000         0
    2.0550    0.9206    0.0406         4
    2.0600    0.9408    0.0385         4
    2.0650    0.9111    0.0381         4
    2.0700    0.9343    0.0364         4
    2.0750    0.9629    0.0354         4
    2.0800    0.9450    0.0338         4
    2.0850    0.9254    0.0335         4
    2.0900    0.9611    0.0339         4
    2.0950    0.9491    0.0345         4
    2.1000    0.9619    0.0340         4
    2.1050    0.9539    0.0335         4
    2.1100    0.9219    0.0343         4
    2.1150    0.9747    0.0360         4
    2.1200    0.9604    0.0350         4
    2.1250    0.9259    0.0350         4
    2.1300    0.9178    0.0346         4
    2.1350    0.9235    0.0336         4
    2.1400    0.9221    0.0340         4
    2.1450    0.9559    0.0359         4
    2.1500    0.9750    0.0401         3
    2.1550    0.9377    0.0401         3
    2.1600    0.9255    0.0359         4
    2.1650    0.8983    0.0389         4
    2.1700    0.9450    0.0384         4
    2.1750    0.9678    0.0383         4
    2.1800    0.9434    0.0376         4
    2.1850    0.9539    0.0377         4
    2.1900    0.9822    0.0396         4
    2.1950    0.9651    0.0385         4
    2.2000    0.9509    0.0396         4
    2.2050    0.9360    0.0408         4
    2.2100    0.9623    0.0386         4
    2.2150    0.9703    0.0397         4
    2.2200    0.9540    0.0392         4
    2.2250    0.9515    0.0401         4
    2.2300    0.9284    0.0397         4
    2.2350    0.9450    0.0426         4
    2.2400    0.9347    0.0385         4
    2.2450    0.9497    0.0409         4
    2.2500    0.9505    0.0417         4
    2.2550    0.9540    0.0418         4
    2.2600    0.9746    0.0424         4
    2.2650    0.9432    0.0417         4
    2.2700    0.9246    0.0423         4
    2.2750    0.9238    0.0423         3
    2.2800    0.9431    0.0450         4
    2.2850    0.9479    0.0440         4
    2.2900    0.9184    0.0443         4
    2.2950    0.9125    0.0438         4
    2.3000    0.9301    0.0443         4
    2.3050    0.9605    0.0449         4
    2.3100    0.9540    0.0450         4
    2.3150    0.9303    0.0440         4
    2.3200    0.9459    0.0443         4
    2.3250    0.9632    0.0479         4
    2.3300    0.9375    0.0450         4
    2.3350    0.9391    0.0448         4
    2.3400    0.9432    0.0459         4
    2.3450    0.9527    0.0477         4
    2.3500    0.9562    0.0514         4
    2.3550    0.9508    0.0505         4
    2.3600    0.9534    0.0485         4
    2.3650    0.9755    0.0492         4
    2.3700   -1.0000   -1.0000         0
    2.3750    0.9558    0.0594         2
    2.3800    0.9669    0.0535         4
    2.3850    0.9847    0.0549         4
    2.3900    0.9622    0.0500         4
    2.3950    0.9321    0.0468         2
    2.4000    0.9033    0.0568         2
    2.4050    0.9676    0.0523         4
    2.4100    1.0104    0.0564         3
    2.4150    1.0031    0.0617         3
    2.4200    0.9308    0.0542         4
    2.4250    0.9356    0.0568         4
    2.4300    0.9224    0.0543         4
    2.4350    0.9166    0.0535         4
    2.4400   -1.0000   -1.0000         0
    2.4450    0.9220    0.0532         4
    2.4500    0.9780    0.0547         2
    2.4550    0.9817    0.0547         2
    2.4600   -1.0000   -1.0000         0
    2.4650   -1.0000   -1.0000         0
    2.4700   -1.0000   -1.0000         0
    2.4750   -1.0000   -1.0000         0
    2.4800   -1.0000   -1.0000         0
    2.4850   -1.0000   -1.0000         0
    2.4900   -1.0000   -1.0000         0
