    0.6916   -1.0000   -1.0000         0
    0.6931   -1.0000   -1.0000         0
    0.6946   -1.0000   -1.0000         0
    0.6961   -1.0000   -1.0000         0
    0.6975   -1.0000   -1.0000         0
    0.6990   -1.0000   -1.0000         0
    0.7005   -1.0000   -1.0000         0
    0.7020   -1.0000   -1.0000         0
    0.7035   -1.0000   -1.0000         0
    0.7050   -1.0000   -1.0000         0
    0.7065   -1.0000   -1.0000         0
    0.7080   -1.0000   -1.0000         0
    0.7095   -1.0000   -1.0000         0
    0.7110   -1.0000   -1.0000         0
    0.7125   -1.0000   -1.0000         0
    0.7141   -1.0000   -1.0000         0
    0.7156   -1.0000   -1.0000         0
    0.7171   -1.0000   -1.0000         0
    0.7186   -1.0000   -1.0000         0
    0.7201   -1.0000   -1.0000         0
    0.7217   -1.0000   -1.0000         0
    0.7232   -1.0000   -1.0000         0
    0.7248   -1.0000   -1.0000         0
    0.7263   -1.0000   -1.0000         0
    0.7279   -1.0000   -1.0000         0
    0.7294   -1.0000   -1.0000         0
    0.7310   -1.0000   -1.0000         0
    0.7325   -1.0000   -1.0000         0
    0.7341   -1.0000   -1.0000         0
    0.7357   -1.0000   -1.0000         0
    0.7373   -1.0000   -1.0000         0
    0.7389   -1.0000   -1.0000         0
    0.7405   -1.0000   -1.0000         0
    0.7421   -1.0000   -1.0000         0
    0.7437   -1.0000   -1.0000         0
    0.7453   -1.0000   -1.0000         0
    0.7469   -1.0000   -1.0000         0
    0.7485   -1.0000   -1.0000         0
    0.7502   -1.0000   -1.0000         0
    0.7518   -1.0000   -1.0000         0
    0.7534   -1.0000   -1.0000         0
    0.7551   -1.0000   -1.0000         0
    0.7567   -1.0000   -1.0000         0
    0.7584   -1.0000   -1.0000         0
    0.7601   -1.0000   -1.0000         0
    0.7618   -1.0000   -1.0000         0
    0.7634   -1.0000   -1.0000         0
    0.7651   -1.0000   -1.0000         0
    0.7668   -1.0000   -1.0000         0
    0.7685   -1.0000   -1.0000         0
    0.7702   -1.0000   -1.0000         0
    0.7720   -1.0000   -1.0000         0
    0.7737   -1.0000   -1.0000         0
    0.7754   -1.0000   -1.0000         0
    0.7772   -1.0000   -1.0000         0
    0.7789   -1.0000   -1.0000         0
    0.7807   -1.0000   -1.0000         0
    0.7825   -1.0000   -1.0000         0
    0.7842   -1.0000   -1.0000         0
    0.7860   -1.0000   -1.0000         0
    0.7878   -1.0000   -1.0000         0
    0.7896   -1.0000   -1.0000         0
    0.7914   -1.0000   -1.0000         0
    0.7932    0.8837    1.0000         1
    0.7950    0.8966    1.0000         1
    0.7969    0.8855    1.0000         1
    0.7987    0.8935    1.0000         1
    0.8006    0.8818    1.0000         1
    0.8024    0.8937    1.0000         1
    0.8043    0.9005    1.0000         1
    0.8062    0.9046    1.0000         1
    0.8080    0.9078    1.0000         1
    0.8099    0.9048    1.0000         1
    0.8118    0.8969    1.0000         1
    0.8137    0.8884    1.0000         1
    0.8156    0.9019    1.0000         1
    0.8176    0.8842    1.0000         1
    0.8195    0.8883    1.0000         1
    0.8214    0.8797    1.0000         1
    0.8234    0.8688    1.0000         1
    0.8253    0.8656    1.0000         1
    0.8273    0.8772    1.0000         1
    0.8293    0.8801    1.0000         1
    0.8313    0.8867    1.0000         1
    0.8332    0.8572    1.0000         1
    0.8352    0.8781    1.0000         1
    0.8373    0.8877    1.0000         1
    0.8393    0.8768    1.0000         1
    0.8413    0.8687    1.0000         1
    0.8433    0.8760    1.0000         1
    0.8454    0.8727    1.0000         1
    0.8474    0.8693    1.0000         1
    0.8495    0.8686    1.0000         1
    0.8515    0.8610    1.0000         1
    0.8536    0.8572    1.0000         1
    0.8557    0.8543    1.0000         1
    0.8578    0.8564    1.0000         1
    0.8599    0.8622    1.0000         1
    0.8620    0.8564    1.0000         1
    0.8641    0.8518    1.0000         1
    0.8663    0.8670    1.0000         1
    0.8684    0.8477    1.0000         1
    0.8705    0.8522    1.0000         1
    0.8727    0.8450    1.0000         1
    0.8749    0.8465    1.0000         1
    0.8770    0.8409    1.0000         1
    0.8792    0.8458    1.0000         1
    0.8814    0.8450    1.0000         1
    0.8836    0.8617    1.0000         1
    0.8858    0.8627    1.0000         1
    0.8880    0.8419    1.0000         1
    0.8902    0.8507    1.0000         1
    0.8924    0.8504    1.0000         1
    0.8947    0.8471    1.0000         1
    0.8969    0.8549    1.0000         1
    0.8992    0.8430    1.0000         1
    0.9014    0.8450    1.0000         1
    0.9037    0.8326    1.0000         1
    0.9060    0.8338    1.0000         1
    0.9083    0.8188    1.0000         1
    0.9106    0.8179    1.0000         1
    0.9129    0.8192    1.0000         1
    0.9152    0.8188    1.0000         1
    0.9175    0.8234    1.0000         1
    0.9198    0.8085    1.0000         1
    0.9221    0.8145    1.0000         1
    0.9245    0.8066    1.0000         1
    0.9268    0.8224    1.0000         1
    0.9292    0.8344    1.0000         1
    0.9315    0.8334    1.0000         1
    0.9339    0.8270    1.0000         1
    0.9363    0.8387    1.0000         1
    0.9387    0.8377    1.0000         1
    0.9411    0.8324    1.0000         1
    0.9435    0.8158    1.0000         1
    0.9459    0.8291    1.0000         1
    0.9483    0.8274    1.0000         1
    0.9507    0.8553    1.0000         1
    0.9531    0.8423    1.0000         1
    0.9556    0.8300    1.0000         1
    0.9580    0.8429    1.0000         1
    0.9605    0.8283    1.0000         1
    0.9629    0.8416    1.0000         1
    0.9654    0.8382    1.0000         1
    0.9679    0.8356    1.0000         1
    0.9703    0.8431    1.0000         1
    0.9728    0.8351    1.0000         1
    0.9753    0.8435    1.0000         1
    0.9778    0.8381    1.0000         1
    0.9803    0.8497    1.0000         1
    0.9828    0.8373    1.0000         1
    0.9853    0.8300    1.0000         1
    0.9879    0.8463    1.0000         1
    0.9904    0.8421    1.0000         1
    0.9929    0.8324    1.0000         1
    0.9955    0.8367    1.0000         1
    0.9980    0.8492    1.0000         1
    1.0006    0.8388    1.0000         1
    1.0031    0.8398    1.0000         1
    1.0057    0.8465    1.0000         1
    1.0083    0.8568    1.0000         1
    1.0109    0.8512    1.0000         1
    1.0135    0.8346    1.0000         1
    1.0160    0.8434    1.0000         1
    1.0187    0.8538    1.0000         1
    1.0213    0.8401    1.0000         1
    1.0239    0.8406    1.0000         1
    1.0265    0.8429    1.0000         1
    1.0291    0.8486    1.0000         1
    1.0317    0.8591    1.0000         1
    1.0344    0.8669    1.0000         1
    1.0370    0.8541    1.0000         1
    1.0396    0.8329    1.0000         1
    1.0423    0.8449    1.0000         1
    1.0450    0.8563    1.0000         1
    1.0476    0.8663    1.0000         1
    1.0503    0.8513    1.0000         1
    1.0529    0.8579    1.0000         1
    1.0556    0.8513    1.0000         1
    1.0583    0.8684    1.0000         1
    1.0610    0.8595    1.0000         1
    1.0637    0.8561    1.0000         1
    1.0664    0.8548    1.0000         1
    1.0691    0.8665    1.0000         1
    1.0718    0.8762    1.0000         1
    1.0745    0.8722    1.0000         1
    1.0772    0.8798    1.0000         1
    1.0799    0.8724    1.0000         1
    1.0826    0.8901    1.0000         1
    1.0853    0.8593    1.0000         1
    1.0881    0.8793    1.0000         1
    1.0908    0.8890    1.0000         1
    1.0935    0.8788    1.0000         1
    1.0963    0.9030    1.0000         1
    1.0990    0.8780    1.0000         1
    1.1018    0.8944    1.0000         1
    1.1045    0.8922    1.0000         1
    1.1073    0.8652    1.0000         1
    1.1100    0.8894    1.0000         1
    1.1128    0.8843    1.0000         1
    1.1156    0.8848    1.0000         1
    1.1183    0.9005    1.0000         1
    1.1211    0.8967    1.0000         1
    1.1239    0.8779    1.0000         1
    1.1267    0.8860    1.0000         1
    1.1295    0.8819    1.0000         1
    1.1323    0.8971    1.0000         1
    1.1350    0.9148    1.0000         1
    1.1379    0.9060    1.0000         1
    1.1406    0.9191    1.0000         1
    1.1434    0.9193    1.0000         1
    1.1462    0.9158    1.0000         1
    1.1491    0.9289    1.0000         1
    1.1519    0.9051    1.0000         1
    1.1547    0.9032    1.0000         1
    1.1575    0.9154    1.0000         1
    1.1603    0.9443    1.0000         1
    1.1631    0.9346    1.0000         1
    1.1660    0.9298    1.0000         1
    1.1688    0.9194    1.0000         1
    1.1716    0.9263    1.0000         1
    1.1744    0.9152    1.0000         1
    1.1773    0.9325    1.0000         1
    1.1801    0.9226    1.0000         1
    1.1829    0.9341    1.0000         1
    1.1858    0.9366    1.0000         1
    1.1886    0.9351    1.0000         1
    1.1915    0.9134    1.0000         1
    1.1943    0.9309    1.0000         1
    1.1972    0.9430    1.0000         1
    1.2000    0.9502    1.0000         1
    1.2029    0.9593    1.0000         1
    1.2057    0.9506    1.0000         1
    1.2086    0.9478    1.0000         1
    1.2114    0.9569    1.0000         1
    1.2143    0.9638    1.0000         1
    1.2171    0.9489    1.0000         1
    1.2200    0.9601    1.0000         1
    1.2228    0.9612    1.0000         1
    1.2257    0.9325    1.0000         1
    1.2286    0.9645    1.0000         1
    1.2314    0.9593    1.0000         1
    1.2343    0.9647    1.0000         1
    1.2372    0.9546    1.0000         1
    1.2401    0.9489    1.0000         1
    1.2429    0.9410    1.0000         1
    1.2458    0.9583    1.0000         1
    1.2487    0.9599    1.0000         1
    1.2515    0.9541    1.0000         1
    1.2544    0.9442    1.0000         1
    1.2573    0.9582    1.0000         1
    1.2602    0.9400    1.0000         1
    1.2630    0.9656    1.0000         1
    1.2659    0.9785    1.0000         1
    1.2688    0.9486    1.0000         1
    1.2716    0.9925    1.0000         1
    1.2745    0.9820    1.0000         1
    1.2774    0.9753    1.0000         1
    1.2803    0.9839    1.0000         1
    1.2832    0.9803    1.0000         1
    1.2860    1.0043    1.0000         1
    1.2889    0.9800    1.0000         1
    1.2918    0.9725    1.0000         1
    1.2947    0.9716    1.0000         1
    1.2975    1.0031    1.0000         1
    1.3004    0.9957    1.0000         1
    1.3033    0.9852    1.0000         1
    1.3062    1.0120    1.0000         1
    1.3091    1.0183    1.0000         1
    1.3119    1.0072    1.0000         1
    1.3148   -1.0000   -1.0000         0
    1.3177   -1.0000   -1.0000         0
    1.3206    1.0092    1.0000         1
    1.3235    1.0150    1.0000         1
    1.3263    1.0206    1.0000         1
    1.3292    1.0144    1.0000         1
    1.3321    1.0139    1.0000         1
    1.3350    1.0100    1.0000         1
    1.3378    1.0051    1.0000         1
    1.3407    0.9990    1.0000         1
    1.3436    0.9982    1.0000         1
    1.3464    1.0043    1.0000         1
    1.3493    0.9854    1.0000         1
    1.3522    1.0271    1.0000         1
    1.3551    0.9973    1.0000         1
    1.3579    1.0040    1.0000         1
    1.3608    1.0103    1.0000         1
    1.3637    0.9963    1.0000         1
    1.3665    1.0201    1.0000         1
    1.3694    0.9687    1.0000         1
    1.3722   -1.0000   -1.0000         0
    1.3751    0.9856    1.0000         1
    1.3780    0.9946    1.0000         1
    1.3808    0.9789    1.0000         1
    1.3837    1.0161    1.0000         1
    1.3865    1.0679    1.0000         1
    1.3894    1.0665    1.0000         1
    1.3923    0.9918    1.0000         1
    1.3951    0.9805    1.0000         1
    1.3980    1.0401    1.0000         1
    1.4008    1.0146    1.0000         1
    1.4037    1.0625    1.0000         1
    1.4065   -1.0000   -1.0000         0
    1.4094    1.0214    1.0000         1
    1.4122    0.9847    1.0000         1
    1.4150    1.0420    1.0000         1
    1.4179    0.9882    1.0000         1
    1.4207    1.0141    1.0000         1
    1.4236    1.0434    1.0000         1
    1.4264    1.0543    1.0000         1
    1.4292    1.0479    1.0000         1
    1.4321    1.0468    1.0000         1
    1.4349    1.0577    1.0000         1
    1.4377    1.0409    1.0000         1
    1.4405    1.0023    1.0000         1
    1.4434    1.0174    1.0000         1
    1.4462    1.0477    1.0000         1
    1.4490    1.0563    1.0000         1
    1.4518    1.0724    1.0000         1
    1.4547    1.0261    1.0000         1
    1.4575    1.0750    1.0000         1
    1.4547    1.0261    1.0000         1
    1.4575    1.0750    1.0000         1
    1.4603    1.0226    1.0000         1
    1.4631    1.0939    1.0000         1
    1.4659    1.0100    1.0000         1
    1.4687    1.0463    1.0000         1
    1.4715    1.0350    1.0000         1
    1.4743    1.0425    1.0000         1
    1.4771    1.0143    1.0000         1
    1.4799    1.0875    1.0000         1
    1.4827    1.0444    1.0000         1
    1.4855    1.0503    1.0000         1
    1.4883    1.0260    1.0000         1
    1.4911    1.0478    1.0000         1
    1.4939    1.0238    1.0000         1
    1.4967    1.0568    1.0000         1
    1.4994    1.0599    1.0000         1
    1.5022    1.0458    1.0000         1
    1.5050    1.0618    1.0000         1
    1.5078    1.0755    1.0000         1
    1.5106    1.0273    1.0000         1
    1.5133    1.0722    1.0000         1
    1.5161    1.0528    1.0000         1
    1.5189    1.0692    1.0000         1
    1.5216    1.0150    1.0000         1
    1.5244    1.0658    1.0000         1
    1.5271    1.0476    1.0000         1
    1.5299    1.0632    1.0000         1
    1.5326    1.0551    1.0000         1
    1.5354    1.0037    1.0000         1
    1.5381    1.0302    1.0000         1
    1.5409    1.0796    1.0000         1
    1.5436    1.0538    1.0000         1
    1.5463    1.0742    1.0000         1
    1.5491    1.0576    1.0000         1
    1.5518    1.0457    1.0000         1
    1.5546    1.0176    1.0000         1
    1.5573    1.0469    1.0000         1
    1.5600    1.0577    1.0000         1
    1.5627    1.0974    1.0000         1
    1.5655    1.0542    1.0000         1
    1.5682    1.0217    1.0000         1
    1.5709    1.0530    1.0000         1
    1.5736    0.9983    1.0000         1
    1.5763    1.0137    1.0000         1
    1.5790    1.0263    1.0000         1
    1.5817    1.0321    1.0000         1
    1.5844    1.0470    1.0000         1
    1.5871    1.0364    1.0000         1
    1.5898    1.0745    1.0000         1
    1.5925    1.0372    1.0000         1
    1.5952    1.0264    1.0000         1
    1.5979    1.0615    1.0000         1
    1.6005    1.0418    1.0000         1
    1.6032    1.0637    1.0000         1
    1.6059    1.0406    1.0000         1
    1.6086    1.0818    1.0000         1
    1.6113    1.0579    1.0000         1
    1.6139    1.0282    1.0000         1
    1.6166    1.0879    1.0000         1
    1.6193    1.0357    1.0000         1
    1.6219    1.0392    1.0000         1
    1.6246    1.0479    1.0000         1
    1.6272    1.0336    1.0000         1
    1.6299    1.0276    1.0000         1
    1.6325    1.0214    1.0000         1
    1.6352    1.0440    1.0000         1
    1.6378    1.0358    1.0000         1
    1.6404    1.1073    1.0000         1
    1.6431    1.0653    1.0000         1
    1.6457    1.0681    1.0000         1
    1.6483    1.0944    1.0000         1
    1.6510    1.0662    1.0000         1
    1.6536    1.0352    1.0000         1
    1.6562    1.0860    1.0000         1
    1.6588    1.0262    1.0000         1
    1.6615    1.0603    1.0000         1
    1.6641    1.1097    1.0000         1
    1.6667    1.0545    1.0000         1
    1.6693    1.0613    1.0000         1
    1.6719    1.0332    1.0000         1
    1.6745    1.0291    1.0000         1
    1.6771    0.9939    1.0000         1
    1.6797    1.0860    1.0000         1
    1.6823    1.0503    1.0000         1
    1.6848    1.0425    1.0000         1
    1.6874    1.0160    1.0000         1
    1.6900    1.0198    1.0000         1
    1.6926    1.0484    1.0000         1
    1.6952    1.0197    1.0000         1
    1.6978    1.0627    1.0000         1
    1.7003    0.9793    1.0000         1
    1.7029    1.0027    1.0000         1
    1.7055    0.9907    1.0000         1
    1.7080    0.9936    1.0000         1
    1.7106    1.0061    1.0000         1
    1.7131    1.0293    1.0000         1
    1.7157    1.0163    1.0000         1
    1.7182    1.0271    1.0000         1
    1.7208    0.9557    1.0000         1
    1.7233    1.0278    1.0000         1
    1.7259    1.0141    1.0000         1
    1.7284    1.0305    1.0000         1
    1.7309    0.9993    1.0000         1
    1.7335    0.9561    1.0000         1
    1.7360    1.0061    1.0000         1
    1.7385    1.0234    1.0000         1
    1.7411    1.0034    1.0000         1
    1.7436    1.0214    1.0000         1
    1.7461    0.9885    1.0000         1
    1.7486    1.0355    1.0000         1
    1.7511    1.0001    1.0000         1
    1.7536    1.0235    1.0000         1
    1.7562    0.9380    1.0000         1
    1.7587    0.9968    1.0000         1
    1.7611    1.0337    1.0000         1
    1.7636    0.9867    1.0000         1
    1.7662    1.0233    1.0000         1
    1.7686    1.0160    1.0000         1
    1.7711    1.0013    1.0000         1
    1.7736    1.0030    1.0000         1
    1.7761    0.9773    1.0000         1
    1.7786    0.9654    1.0000         1
    1.7811    0.9616    1.0000         1
    1.7835    0.9490    1.0000         1
    1.7860    0.9740    1.0000         1
    1.7885    0.9962    1.0000         1
    1.7910    0.9658    1.0000         1
    1.7934    0.9401    1.0000         1
    1.7959    0.9957    1.0000         1
    1.7983    0.9023    1.0000         1
    1.8008    0.9451    1.0000         1
    1.8033    0.9367    1.0000         1
    1.8057    1.0191    1.0000         1
    1.8081    0.9069    1.0000         1
    1.8106    0.9434    1.0000         1
    1.8130    1.0024    1.0000         1
    1.8155    1.0241    1.0000         1
    1.8179    1.0378    1.0000         1
    1.8204    1.0418    1.0000         1
    1.8228    0.9674    1.0000         1
    1.8252    1.0376    1.0000         1
    1.8276    0.9339    1.0000         1
    1.8301    0.8999    1.0000         1
    1.8325    0.9201    1.0000         1
    1.8349    0.9271    1.0000         1
    1.8373    0.8585    1.0000         1
    1.8397    0.9796    1.0000         1
    1.8422    0.9060    1.0000         1
    1.8446    0.8672    1.0000         1
    1.8470   -1.0000   -1.0000         0
    1.8494    0.9241    1.0000         1
    1.8518    1.0036    1.0000         1
    1.8542    0.9845    1.0000         1
    1.8566    0.9336    1.0000         1
    1.8590    0.9835    1.0000         1
    1.8614    0.8687    1.0000         1
    1.8638   -1.0000   -1.0000         0
    1.8661    0.9632    1.0000         1
    1.8685    1.0468    1.0000         1
    1.8709    0.9372    1.0000         1
    1.8733    1.0163    1.0000         1
    1.8757    0.9311    1.0000         1
    1.8780   -1.0000   -1.0000         0
    1.8804    1.0122    1.0000         1
    1.8828    1.0498    1.0000         1
    1.8852    1.0320    1.0000         1
    1.8875    1.0337    1.0000         1
    1.8899    0.9935    1.0000         1
    1.8922    0.9399    1.0000         1
    1.8946    0.9561    1.0000         1
    1.8970    0.9878    1.0000         1
    1.8993    1.0207    1.0000         1
    1.9017    0.9726    1.0000         1
    1.9040    0.9815    1.0000         1
    1.9064    0.9704    1.0000         1
    1.9087    1.0110    1.0000         1
    1.9110    0.9908    1.0000         1
    1.9134    0.9852    1.0000         1
    1.9157    0.8566    1.0000         1
    1.9181    0.9875    1.0000         1
    1.9204    0.9455    1.0000         1
    1.9227    0.9600    1.0000         1
    1.9250    1.0460    1.0000         1
    1.9274   -1.0000   -1.0000         0
    1.9297    0.9393    1.0000         1
    1.9320    0.8669    1.0000         1
    1.9343    0.9482    1.0000         1
    1.9367    1.0565    1.0000         1
    1.9390    0.9749    1.0000         1
    1.9413    0.9914    1.0000         1
    1.9436    0.9914    1.0000         1
    1.9459    1.0232    1.0000         1
    1.9482    1.0193    1.0000         1
    1.9505    1.0236    1.0000         1
    1.9528    0.9503    1.0000         1
    1.9551    1.0148    1.0000         1
    1.9574    1.0466    1.0000         1
    1.9597    1.0708    1.0000         1
    1.9620    1.0018    1.0000         1
    1.9643    0.9916    1.0000         1
    1.9666    0.9958    1.0000         1
    1.9689    0.9141    1.0000         1
    1.9712    0.9919    1.0000         1
    1.9734    1.0630    1.0000         1
    1.9757    0.9685    1.0000         1
    1.9780    1.0254    1.0000         1
    1.9803    0.9630    1.0000         1
    1.9826    1.0104    1.0000         1
    1.9848    0.9732    1.0000         1
    1.9871    0.9604    1.0000         1
    1.9894    0.9790    1.0000         1
    1.9916    0.9803    1.0000         1
    1.9939    0.9933    1.0000         1
    1.9962    1.0330    1.0000         1
    1.9984    1.0576    1.0000         1
    2.0007    1.0228    1.0000         1
    2.0029    1.0107    1.0000         1
    2.0052    1.0031    1.0000         1
    2.0074    1.0040    1.0000         1
    2.0097    0.8901    1.0000         1
    2.0119    1.0478    1.0000         1
    2.0142    0.9903    1.0000         1
    2.0164    1.0294    1.0000         1
    2.0187    0.9370    1.0000         1
    2.0209    1.0949    1.0000         1
    2.0231   -1.0000   -1.0000         0
    2.0254    1.0177    1.0000         1
    2.0276    1.0279    1.0000         1
    2.0299    1.0294    1.0000         1
    2.0321    1.0269    1.0000         1
    2.0343    0.9911    1.0000         1
    2.0365    1.0278    1.0000         1
    2.0388    1.0396    1.0000         1
    2.0410    1.0273    1.0000         1
    2.0432    1.0755    1.0000         1
    2.0454    0.9537    1.0000         1
    2.0476    1.0476    1.0000         1
    2.0499    0.9696    1.0000         1
    2.0521    1.0093    1.0000         1
    2.0543    1.0427    1.0000         1
    2.0565    1.0646    1.0000         1
    2.0587    0.9768    1.0000         1
    2.0609    0.9525    1.0000         1
    2.0631    1.0018    1.0000         1
    2.0653    1.0602    1.0000         1
    2.0675    1.0187    1.0000         1
    2.0697    1.0932    1.0000         1
    2.0719    1.0356    1.0000         1
    2.0741    1.0585    1.0000         1
    2.0763    1.0365    1.0000         1
    2.0785    0.9930    1.0000         1
    2.0807    1.0663    1.0000         1
    2.0829    1.0383    1.0000         1
    2.0850    1.0019    1.0000         1
    2.0872    1.0131    1.0000         1
    2.0894    1.0199    1.0000         1
    2.0916    0.9612    1.0000         1
    2.0938    1.0162    1.0000         1
    2.0959    1.0145    1.0000         1
    2.0981    1.0224    1.0000         1
    2.1003    1.0142    1.0000         1
    2.1025    1.0462    1.0000         1
    2.1046    1.0318    1.0000         1
    2.1068    1.0502    1.0000         1
    2.1089    0.9992    1.0000         1
    2.1111    0.9927    1.0000         1
    2.1133    1.0702    1.0000         1
    2.1154    0.9679    1.0000         1
    2.1176    1.0308    1.0000         1
    2.1197    1.0200    1.0000         1
    2.1219    1.0064    1.0000         1
    2.1240    1.0108    1.0000         1
    2.1262    1.0100    1.0000         1
    2.1283    1.0611    1.0000         1
    2.1305    1.0623    1.0000         1
    2.1326    0.9958    1.0000         1
    2.1347    1.0083    1.0000         1
    2.1369    1.0035    1.0000         1
    2.1390    1.0516    1.0000         1
    2.1412    1.0507    1.0000         1
    2.1433    1.0017    1.0000         1
    2.1454    1.0762    1.0000         1
    2.1475   -1.0000   -1.0000         0
    2.1497    1.0801    1.0000         1
    2.1518    1.0198    1.0000         1
    2.1539    1.0632    1.0000         1
    2.1560    1.0013    1.0000         1
    2.1582    1.0792    1.0000         1
    2.1603    1.0650    1.0000         1
    2.1624    1.0570    1.0000         1
    2.1645    1.1189    1.0000         1
    2.1666    1.0402    1.0000         1
    2.1687    1.0252    1.0000         1
    2.1708    1.0310    1.0000         1
    2.1729    1.0014    1.0000         1
    2.1750    1.0850    1.0000         1
    2.1771    1.1091    1.0000         1
    2.1792    0.9916    1.0000         1
    2.1813    1.0041    1.0000         1
    2.1834    1.0430    1.0000         1
    2.1855    1.0469    1.0000         1
    2.1876    0.9750    1.0000         1
    2.1897    1.0464    1.0000         1
    2.1917    1.0136    1.0000         1
    2.1938    1.0369    1.0000         1
    2.1959    0.9829    1.0000         1
    2.1980    1.0599    1.0000         1
    2.2001    1.0388    1.0000         1
    2.2021    1.0767    1.0000         1
    2.2042    1.0550    1.0000         1
    2.2063    1.0039    1.0000         1
    2.2083    1.1072    1.0000         1
    2.2104    1.0078    1.0000         1
    2.2125   -1.0000   -1.0000         0
    2.2145    1.0022    1.0000         1
    2.2166    1.1094    1.0000         1
    2.2186    1.0129    1.0000         1
    2.2207    1.0326    1.0000         1
    2.2228    1.0581    1.0000         1
    2.2248    1.0246    1.0000         1
    2.2269    1.1374    1.0000         1
    2.2289    1.0524    1.0000         1
    2.2309    1.0464    1.0000         1
    2.2330    1.0927    1.0000         1
    2.2350    1.0706    1.0000         1
    2.2371    1.0079    1.0000         1
    2.2391    1.0879    1.0000         1
    2.2411    1.0869    1.0000         1
    2.2431    1.1476    1.0000         1
    2.2452    1.0912    1.0000         1
    2.2472    1.0806    1.0000         1
    2.2492    1.1337    1.0000         1
    2.2513    1.1449    1.0000         1
    2.2533    1.1406    1.0000         1
    2.2553    1.1107    1.0000         1
    2.2573    1.1288    1.0000         1
    2.2593    1.0969    1.0000         1
    2.2613    1.0226    1.0000         1
    2.2633    1.1230    1.0000         1
    2.2653    1.0946    1.0000         1
    2.2673    1.1037    1.0000         1
    2.2693    1.1209    1.0000         1
    2.2713    1.0423    1.0000         1
    2.2733    1.0771    1.0000         1
    2.2753    1.0873    1.0000         1
    2.2773    1.0727    1.0000         1
    2.2793    1.1394    1.0000         1
    2.2813    1.1103    1.0000         1
    2.2833    1.0019    1.0000         1
    2.2852    1.1215    1.0000         1
    2.2872    1.1140    1.0000         1
    2.2892    1.1327    1.0000         1
    2.2912    1.0671    1.0000         1
    2.2931    1.1067    1.0000         1
    2.2951    1.1245    1.0000         1
    2.2971    1.1136    1.0000         1
    2.2990    1.0686    1.0000         1
    2.3010    1.1698    1.0000         1
    2.3030    1.0646    1.0000         1
    2.3049    1.2161    1.0000         1
    2.3069    1.2282    1.0000         1
    2.3088    1.1130    1.0000         1
    2.3108    1.1043    1.0000         1
    2.3127    1.1073    1.0000         1
    2.3147    1.1420    1.0000         1
    2.3166    1.2198    1.0000         1
    2.3185    1.1728    1.0000         1
    2.3205    1.1358    1.0000         1
    2.3224    1.0624    1.0000         1
    2.3243    1.1271    1.0000         1
    2.3263    1.1059    1.0000         1
    2.3282   -1.0000   -1.0000         0
    2.3301    1.1451    1.0000         1
    2.3321    1.1129    1.0000         1
    2.3340    1.0869    1.0000         1
    2.3359    1.1526    1.0000         1
    2.3378    1.1815    1.0000         1
    2.3397   -1.0000   -1.0000         0
    2.3416    1.0657    1.0000         1
    2.3435    1.0209    1.0000         1
    2.3454    1.2790    1.0000         1
    2.3474    1.2228    1.0000         1
    2.3493    1.1594    1.0000         1
    2.3512    1.2132    1.0000         1
    2.3530    1.2212    1.0000         1
    2.3549    1.1913    1.0000         1
    2.3568    1.1606    1.0000         1
    2.3587    1.1626    1.0000         1
    2.3606    1.1567    1.0000         1
    2.3625    1.2927    1.0000         1
    2.3644    1.1702    1.0000         1
    2.3662    1.1938    1.0000         1
    2.3681    1.2071    1.0000         1
    2.3700    1.3293    1.0000         1
    2.3719    1.3034    1.0000         1
    2.3737    1.1598    1.0000         1
    2.3756    1.1281    1.0000         1
    2.3775    1.2114    1.0000         1
    2.3794    1.2267    1.0000         1
    2.3812    1.1367    1.0000         1
    2.3831    1.1280    1.0000         1
    2.3849    1.2558    1.0000         1
    2.3868    1.2529    1.0000         1
    2.3886    1.3716    1.0000         1
    2.3905    1.3345    1.0000         1
    2.3923   -1.0000   -1.0000         0
    2.3942    1.1944    1.0000         1
    2.3960    1.2073    1.0000         1
    2.3979   -1.0000   -1.0000         0
    2.3997    1.2506    1.0000         1
    2.4016    1.3543    1.0000         1
    2.4034    1.0665    1.0000         1
    2.4052    1.0332    1.0000         1
    2.4071    1.2540    1.0000         1
    2.4089    1.2394    1.0000         1
    2.4107    1.0805    1.0000         1
    2.4126    1.2906    1.0000         1
    2.4144    1.3188    1.0000         1
    2.4162    1.1127    1.0000         1
    2.4180    1.3038    1.0000         1
    2.4199    1.0579    1.0000         1
    2.4217   -1.0000   -1.0000         0
    2.4235    1.3249    1.0000         1
    2.4253    1.3027    1.0000         1
    2.4271    1.3444    1.0000         1
    2.4289    1.2287    1.0000         1
    2.4308   -1.0000   -1.0000         0
    2.4326    1.2794    1.0000         1
    2.4344   -1.0000   -1.0000         0
    2.4362   -1.0000   -1.0000         0
    2.4380    1.2156    1.0000         1
    2.4398    1.3497    1.0000         1
    2.4416   -1.0000   -1.0000         0
    2.4434    1.2478    1.0000         1
    2.4452    1.2383    1.0000         1
    2.4470    1.1903    1.0000         1
    2.4488    1.3388    1.0000         1
    2.4506    1.1044    1.0000         1
    2.4524   -1.0000   -1.0000         0
    2.4542    1.2613    1.0000         1
    2.4560    1.3223    1.0000         1
    2.4578    1.2241    1.0000         1
    2.4596    1.3776    1.0000         1
    2.4614   -1.0000   -1.0000         0
    2.4632    1.3657    1.0000         1
    2.4649    1.0986    1.0000         1
    2.4668    1.1316    1.0000         1
    2.4685   -1.0000   -1.0000         0
    2.4703   -1.0000   -1.0000         0
    2.4721    1.2900    1.0000         1
    2.4739   -1.0000   -1.0000         0
    2.4757    1.3912    1.0000         1
    2.4775   -1.0000   -1.0000         0
    2.4793   -1.0000   -1.0000         0
    2.4811   -1.0000   -1.0000         0
    2.4829   -1.0000   -1.0000         0
    2.4846    1.3116    1.0000         1
    2.4864    1.4567    1.0000         1
    2.4882   -1.0000   -1.0000         0
    2.4900   -1.0000   -1.0000         0
    2.4918   -1.0000   -1.0000         0
    2.4936   -1.0000   -1.0000         0
    2.4954    1.3050    1.0000         1
    2.4972   -1.0000   -1.0000         0
    2.4990    1.1731    1.0000         1
