    0.6500   -1.0000   -1.0000         0
    0.6550   -1.0000   -1.0000         0
    0.6600   -0.1870    4.6958         4
    0.6650   -1.0000   -1.0000         0
    0.6700   -1.0000   -1.0000         0
    0.6750   -1.0000   -1.0000         0
    0.6800   -1.0000   -1.0000         0
    0.6850   -1.0000   -1.0000         0
    0.6900   -1.0000   -1.0000         0
    0.6950    0.8562    0.1719         4
    0.7000    0.8695    0.1637         4
    0.7050    0.9854    0.1566         4
    0.7100    0.8926    0.1409         4
    0.7150    1.0045    0.1298         4
    0.7200    0.8314    0.1315         4
    0.7250    0.8644    0.1095         4
    0.7300    0.9842    0.1156         4
    0.7350    0.9649    0.1063         4
    0.7400    0.9789    0.0924         4
    0.7450    1.0650    0.1015         4
    0.7500    1.0008    0.1068         4
    0.7550    0.9422    0.1026         4
    0.7600    1.1294    0.1109         4
    0.7650    1.1018    0.0971         4
    0.7700    1.1272    0.0947         4
    0.7750    1.0710    0.0822         4
    0.7800    1.0568    0.0813         4
    0.7850    0.9793    0.0787         4
    0.7900    1.0667    0.0812         4
    0.7950    1.0154    0.0789         4
    0.8000    1.0011    0.0844         4
    0.8050    0.9673    0.0782         4
    0.8100    1.0686    0.0755         4
    0.8150    1.0083    0.0769         4
    0.8200    1.0677    0.0782         4
    0.8250    1.0015    0.0759         4
    0.8300    1.0223    0.0793         4
    0.8350    1.0315    0.0796         4
    0.8400    0.9919    0.0755         4
    0.8450    0.9502    0.0712         4
    0.8500    0.9126    0.0698         4
    0.8550    0.9522    0.0784         4
    0.8600    0.9448    0.0682         4
    0.8650    0.8479    0.0655         4
    0.8700    0.8705    0.0677         4
    0.8750    0.9045    0.0674         4
    0.8800    0.8593    0.0614         4
    0.8850    0.8446    0.0620         4
    0.8900    0.9048    0.0647         4
    0.8950    0.9445    0.0652         4
    0.9000    0.8977    0.0601         4
    0.9050    0.8570    0.0615         4
    0.9100    0.8851    0.0612         4
    0.9150    0.9026    0.0560         4
    0.9200    0.9082    0.0563         4
    0.9250    0.9379    0.0622         4
    0.9300    0.9317    0.0630         4
    0.9350    0.8967    0.0643         4
    0.9400    0.8833    0.0614         4
    0.9450    0.9634    0.0680         4
    0.9500    0.9860    0.0633         4
    0.9550    0.9094    0.0536         4
    0.9600    0.8975    0.0588         4
    0.9650    0.8639    0.0555         4
    0.9700    0.9324    0.0559         4
    0.9750    0.9745    0.0565         4
    0.9800    0.9195    0.0541         4
    0.9850    0.9423    0.0587         4
    0.9900    0.9965    0.0597         4
    0.9950    0.9886    0.0632         4
    1.0000    0.9397    0.0553         4
    1.0050    0.9998    0.0580         4
    1.0100    1.0145    0.0567         4
    1.0150    0.9456    0.0557         4
    1.0200    0.9571    0.0572         4
    1.0250    1.0094    0.0602         4
    1.0300    0.9841    0.0535         4
    1.0350    1.0120    0.0587         4
    1.0400    1.0777    0.0597         4
    1.0450    1.0364    0.0570         4
    1.0500    0.9805    0.0516         4
    1.0550    0.9284    0.0535         4
    1.0600    0.9492    0.0553         4
    1.0650    1.0442    0.0556         4
    1.0700    1.0629    0.0599         4
    1.0750    1.0475    0.0639         4
    1.0800    1.0788    0.0595         4
    1.0850    1.0627    0.0606         4
    1.0900    1.0720    0.0608         4
    1.0950    1.1129    0.0652         4
    1.1000    1.0684    0.0588         4
    1.1050    1.0122    0.0643         4
    1.1100    1.0672    0.0644         4
    1.1150    1.1009    0.0591         4
    1.1200    1.0831    0.0650         4
    1.1250    1.0319    0.0617         4
    1.1300    1.0070    0.0641         4
    1.1350    1.0620    0.0696         4
    1.1400    0.9769    0.0686         4
    1.1450    0.9739    0.0667         3
    1.1500   -1.0000   -1.0000         0
    1.1550    1.1901    0.0631         4
    1.1600    1.0338    0.0634         4
    1.1650    1.1064    0.0635         4
    1.1700    1.0737    0.0590         4
    1.1750    1.1196    0.0699         4
    1.1800    1.2093    0.0645         4
    1.1850    1.0947    0.0596         4
    1.1900    1.1336    0.0647         4
    1.1950    1.1765    0.0619         4
    1.2000    1.1306    0.0645         4
    1.2050    1.2107    0.0641         4
    1.2100    1.1999    0.0676         4
    1.2150    1.1828    0.0641         4
    1.2200    1.0865    0.0646         3
    1.2250    1.0889    0.0660         1
    1.2300    1.0877    0.0668         4
    1.2350    1.1939    0.0642         4
    1.2400    1.1385    0.0661         4
    1.2450    1.1257    0.0637         4
    1.2500    1.1546    0.0610         4
    1.2550    1.1409    0.0681         4
    1.2600    1.1909    0.0663         4
    1.2650    1.2442    0.0686         4
    1.2700    1.2072    0.0715         3
    1.2750   -1.0000   -1.0000         0
    1.2800    1.0932    0.0622         3
    1.2850    1.1321    0.0704         1
    1.2900    1.1068    0.0688         4
    1.2950    1.2021    0.0710         4
    1.3000    1.1207    0.0653         4
    1.3050    1.0904    0.0699         4
    1.3100    1.1559    0.0640         4
    1.3150    1.1846    0.0719         4
    1.3200    1.2028    0.0690         4
    1.3250    1.1643    0.0694         4
    1.3300    1.1898    0.0669         4
    1.3350    1.1782    0.0675         4
    1.3400    1.2183    0.0745         4
    1.3450    1.2508    0.0794         4
    1.3500    1.2125    0.0930         4
    1.3550    1.1613    0.1083         4
    1.3600    1.2252    0.1264         4
    1.3650    1.1541    0.1238         4
    1.3700    1.1305    0.1651         1
    1.3750    1.0734    0.1280         4
    1.3800    1.3035    0.1286         4
    1.3850    1.2699    0.1178         4
    1.3900    1.1136    0.1107         4
    1.3950    1.1681    0.1168         4
    1.4000    1.2135    0.1084         4
    1.4050    1.2633    0.1030         4
    1.4100    1.1366    0.0987         4
    1.4150    1.1613    0.0998         4
    1.4200    1.2037    0.0963         4
    1.4250    1.1222    0.0836         4
    1.4300    1.2285    0.0971         4
    1.4350    1.2034    0.0845         4
    1.4400    1.1971    0.0887         4
    1.4450   -1.0000   -1.0000         0
    1.4500   -1.0000   -1.0000         0
    1.4550   -1.0000   -1.0000         0
    1.4600    1.1598    0.0737         4
    1.4650    1.0990    0.0880         4
    1.4700    1.2224    0.0750         4
    1.4750    1.3172    0.0815         4
    1.4800    1.0803    0.0767         4
    1.4850    1.1474    0.0904         4
    1.4900    1.3423    0.0808         4
    1.4950    1.0990    0.0768         4
    1.5000   -1.0000   -1.0000         0
    1.5050    1.2911    0.0641         4
    1.5100   -1.0000   -1.0000         0
    1.5150    1.2327    0.0768         4
    1.5200    1.3166    0.0734         4
    1.5250    1.2906    0.0721         4
    1.5300    1.3014    0.0828         4
    1.5350    1.2826    0.0730         4
    1.5400    1.2986    0.0727         4
    1.5450    1.3607    0.0801         4
    1.5500    1.2580    0.0811         4
    1.5550    1.2890    0.0807         4
    1.5600    1.2426    0.0668         4
    1.5650    1.0868    0.0758         4
    1.5700    1.1805    0.0801         4
    1.5750    1.1315    0.0777         4
    1.5800    1.0808    0.0796         4
    1.5850    1.1150    0.0779         4
    1.5900    1.1591    0.0820         4
    1.5950    1.1826    0.0761         4
    1.6000    1.2213    0.0851         4
    1.6050    1.3076    0.0844         4
    1.6100    1.2934    0.0826         4
    1.6150    1.2360    0.0773         4
    1.6200    1.2770    0.0796         4
    1.6250    1.2293    0.0759         4
    1.6300    1.2140    0.0738         4
    1.6350    1.2119    0.0758         4
    1.6400    1.2609    0.0843         4
    1.6450    1.3390    0.0833         4
    1.6500    1.3269    0.0860         4
    1.6550    1.4155    0.0900         4
    1.6600    1.3639    0.0864         4
    1.6650    1.3689    0.0877         4
    1.6700    1.2861    0.0810         4
    1.6750    1.3385    0.0929         4
    1.6800    1.4076    0.0900         4
    1.6850    1.3310    0.0910         4
    1.6900    1.3809    0.0843         4
    1.6950    1.2757    0.0889         4
    1.7000    1.2849    0.0961         4
    1.7050    1.2656    0.0802         4
    1.7100    1.1385    0.0807         4
    1.7150    1.2668    0.0891         4
    1.7200    1.2003    0.0838         4
    1.7250    1.2096    0.0919         4
    1.7300    1.1830    0.0836         4
    1.7350    1.0999    0.0970         4
    1.7400    1.1432    0.0766         4
    1.7450    1.0481    0.0835         4
    1.7500    1.1165    0.0864         4
    1.7550    1.1601    0.0912         4
    1.7600    1.0538    0.0911         4
    1.7650    1.1981    0.0937         4
    1.7700    1.2447    0.0805         4
    1.7750    1.2128    0.1060         4
    1.7800    1.3473    0.0867         4
    1.7850    1.1309    0.1070         4
    1.7900    1.1596    0.1007         4
    1.7950    1.3683    0.1029         4
    1.8000    1.4545    0.1058         4
    1.8050    1.2289    0.1296         4
    1.8100    1.1482    0.1262         3
    1.8150    1.2347    0.1251         4
    1.8200    1.2623    0.1321         4
    1.8250    1.2386    0.1525         4
    1.8300   -1.0000   -1.0000         0
    1.8350   -1.0000   -1.0000         0
    1.8400    0.9736    0.1642         4
    1.8450    1.4273    0.1736         3
    1.8500    1.3403    0.2153         4
    1.8550    1.0683    0.1944         4
    1.8600    1.3989    0.1931         1
    1.8650    1.0171    0.1907         4
    1.8700   -1.0000   -1.0000         0
    1.8750    1.3678    0.1840         3
    1.8800    1.2697    0.1981         4
    1.8850    0.9763    0.1459         4
    1.8900   -1.0000   -1.0000         0
    1.8950    1.2153    0.1617         4
    1.9000    1.0881    0.1819         4
    1.9050    1.1715    0.1947         4
    1.9100    1.0962    0.1824         4
    1.9150    1.2064    0.1812         4
    1.9200    1.3811    0.1616         4
    1.9250    1.1647    0.1626         4
    1.9300    1.2222    0.1485         4
    1.9350    1.3289    0.1445         4
    1.9400    1.4505    0.1516         4
    1.9450    1.4363    0.1554         4
    1.9500    1.3372    0.1648         3
    1.9550    1.5396    0.1726         4
    1.9600    1.5840    0.1699         2
    1.9650    1.5681    0.1667         4
    1.9700    1.5556    0.1575         4
    1.9750    1.6331    0.1387         4
    1.9800    1.2424    0.1331         4
    1.9850    1.6071    0.1567         1
    1.9900    1.1971    0.1312         4
    1.9950    1.4435    0.1296         3
    2.0000    1.5352    0.2988         2
    2.0050    1.2718    0.2296         3
    2.0100    1.6717    0.2397         4
    2.0150    1.6652    0.2075         4
    2.0200    1.1854    0.1781         4
    2.0250    1.2075    0.1621         4
    2.0300    1.6022    0.1152         3
    2.0350    1.3880    0.1433         4
    2.0400    1.1780    0.1505         4
    2.0450    1.1605    0.1606         4
    2.0500    1.2897    0.1492         4
    2.0550    1.4792    0.1681         4
    2.0600    1.5471    0.1856         4
    2.0650    1.4399    0.1904         4
    2.0700    1.3242    0.1521         4
    2.0750    1.2110    0.1496         4
    2.0800    1.2127    0.1429         4
    2.0850    1.3118    0.1411         4
    2.0900    1.3519    0.1343         4
    2.0950    1.3887    0.1594         4
    2.1000    1.1850    0.1339         4
    2.1050    1.4584    0.1719         1
    2.1100    1.0982    0.1179         4
    2.1150    0.9546    0.1294         3
    2.1200    1.1474    0.1325         4
    2.1250    1.2429    0.1320         4
    2.1300    1.3303    0.1414         4
    2.1350    1.3708    0.1552         4
    2.1400    1.3408    0.1645         4
    2.1450    1.4827    0.1628         4
    2.1500    1.4190    0.1555         4
    2.1550    1.2340    0.1750         4
    2.1600    1.0437    0.1714         4
    2.1650    0.9768    0.1490         4
    2.1700    1.1373    0.1478         4
    2.1750    1.1924    0.1402         4
    2.1800    1.2294    0.1614         4
    2.1850    1.3199    0.1535         4
    2.1900    1.2688    0.1653         4
    2.1950    1.3827    0.1572         4
    2.2000    1.2527    0.1575         4
    2.2050    1.1436    0.1793         4
    2.2100    1.2049    0.1620         4
    2.2150    1.1691    0.1498         4
    2.2200    1.3043    0.1622         4
    2.2250    1.3246    0.1543         4
    2.2300    1.2490    0.1851         4
    2.2350    1.2752    0.1604         4
    2.2400    1.3365    0.1660         4
    2.2450    1.3297    0.1684         4
    2.2500    1.3881    0.1745         4
    2.2550    1.4615    0.2115         1
    2.2600    1.2589    0.1944         4
    2.2650    1.1615    0.1662         3
    2.2700    1.2988    0.1754         4
    2.2750    1.2525    0.1877         4
    2.2800    1.0997    0.1833         4
    2.2850   -1.0000   -1.0000         0
    2.2900    1.1754    0.1695         4
    2.2950    1.0950    0.1677         4
    2.3000    1.0775    0.2013         4
    2.3050    1.0480    0.1630         4
    2.3100    0.9758    0.1826         4
    2.3150    1.0054    0.1630         4
    2.3200    1.0391    0.2178         1
    2.3250    1.1450    0.1709         4
    2.3300    1.3616    0.1847         3
    2.3350    1.1286    0.1927         4
    2.3400    1.0906    0.1981         4
    2.3450    1.0696    0.1771         4
    2.3500    1.2555    0.2000         4
    2.3550    1.1489    0.1924         4
    2.3600    1.3887    0.2603         1
    2.3650    1.1963    0.1827         4
    2.3700    1.3889    0.1758         3
    2.3750    1.2287    0.2064         4
    2.3800    1.5715    0.2759         1
    2.3850    1.3498    0.2323         1
    2.3900    1.3104    0.1630         3
    2.3950    1.3396    0.1720         3
    2.4000    1.1822    0.2555         4
    2.4050    1.3846    0.1928         4
    2.4100    1.3439    0.2316         4
    2.4150    1.2644    0.2147         4
    2.4200    1.4913    0.2688         1
    2.4250    1.0306    0.1899         4
    2.4300    1.2907    0.1601         3
    2.4350    1.0616    0.2347         3
    2.4400    1.2760    0.2090         4
    2.4450    0.9771    0.2183         4
    2.4500    1.1105    0.2373         4
    2.4550    1.0801    0.2562         1
    2.4600    1.1839    0.2914         1
    2.4650    1.0926    0.2419         3
    2.4700   -1.0000   -1.0000         0
    2.4750   -1.0000   -1.0000         0
    2.4800   -1.0000   -1.0000         0
    2.4850   -1.0000   -1.0000         0
    2.4900   -1.0000   -1.0000         0
