    0.6800   -1.0000   -1.0000         0
    0.6850   -1.0000   -1.0000         0
    0.6900   -0.9793    1.4511         1
    0.6950   -1.0000   -1.0000         0
    0.7000   -1.0000   -1.0000         0
    0.7050   -1.0000   -1.0000         0
    0.7100   -1.0000   -1.0000         0
    0.7150   -1.0000   -1.0000         0
    0.7200   -1.0000   -1.0000         0
    0.7250   -1.0000   -1.0000         0
    0.7300   -1.0000   -1.0000         0
    0.7350   -1.0000   -1.0000         0
    0.7400   -1.0000   -1.0000         0
    0.7450   -1.0000   -1.0000         0
    0.7500   -1.0000   -1.0000         0
    0.7550   -1.0000   -1.0000         0
    0.7600   -1.0000   -1.0000         0
    0.7650   -1.0000   -1.0000         0
    0.7700   -1.0000   -1.0000         0
    0.7750   -1.0000   -1.0000         0
    0.7800   -1.0000   -1.0000         0
    0.7850   -1.0000   -1.0000         0
    0.7900   -1.0000   -1.0000         0
    0.7950   -1.0000   -1.0000         0
    0.8000   -1.0000   -1.0000         0
    0.8050   -1.0000   -1.0000         0
    0.8100   -1.0000   -1.0000         0
    0.8150   -1.0000   -1.0000         0
    0.8200    1.0867    0.0072         1
    0.8250    1.0657    0.0062         1
    0.8300   -1.0000   -1.0000         0
    0.8350    1.0278    0.0071         1
    0.8400    1.0353    0.0060         1
    0.8450    1.0026    0.0060         1
    0.8500    0.9956    0.0058         1
    0.8550    0.9837    0.0055         1
    0.8600    0.9675    0.0057         1
    0.8650    0.9571    0.0056         1
    0.8700    0.9641    0.0058         1
    0.8750    0.9649    0.0063         1
    0.8800    0.9799    0.0062         1
    0.8850    0.9790    0.0058         1
    0.8900    0.9710    0.0054         1
    0.8950    0.9667    0.0056         1
    0.9000    0.9566    0.0058         1
    0.9050    0.9383    0.0056         1
    0.9100    0.9184    0.0053         1
    0.9150    0.9105    0.0050         1
    0.9200    0.9107    0.0053         1
    0.9250    0.9199    0.0058         1
    0.9300    0.9237    0.0061         1
    0.9350    0.9362    0.0065         1
    0.9400    0.9469    0.0064         1
    0.9450    0.9349    0.0057         1
    0.9500    0.9263    0.0054         1
    0.9550    0.9141    0.0051         1
    0.9600   -1.0000   -1.0000         0
    0.9650    0.9073    0.0049         1
    0.9700    0.9146    0.0051         1
    0.9750    0.9233    0.0048         1
    0.9800    0.9346    0.0048         1
    0.9850    0.9445    0.0049         1
    0.9900    0.9423    0.0051         1
    0.9950    0.9592    0.0053         1
    1.0000    0.9807    0.0053         1
    1.0050    0.9804    0.0053         1
    1.0100    0.9792    0.0057         1
    1.0150    0.9769    0.0052         1
    1.0200    0.9822    0.0057         1
    1.0250    0.9835    0.0056         1
    1.0300    0.9873    0.0059         1
    1.0350    0.9899    0.0059         1
    1.0400    0.9897    0.0053         1
    1.0450    0.9979    0.0051         1
    1.0500    1.0048    0.0051         1
    1.0550    1.0081    0.0050         1
    1.0600    1.0116    0.0058         1
    1.0650    1.0211    0.0051         1
    1.0700    1.0289    0.0051         1
    1.0750    1.0320    0.0059         1
    1.0800    1.0308    0.0057         1
    1.0850    1.0305    0.0054         1
    1.0900    1.0441    0.0055         1
    1.0950    1.0429    0.0057         1
    1.1000    1.0501    0.0056         1
    1.1050    1.0545    0.0054         1
    1.1100    1.0501    0.0057         1
    1.1150    1.0472    0.0054         1
    1.1200    1.0563    0.0060         1
    1.1250    1.0689    0.0059         1
    1.1300    1.0691    0.0067         1
    1.1350    1.0725    0.0068         1
    1.1400    1.0954    0.0066         1
    1.1450    1.0974    0.0067         1
    1.1500    1.0851    0.0067         1
    1.1550    1.0973    0.0071         1
    1.1600    1.0996    0.0064         1
    1.1650    1.0978    0.0061         1
    1.1700    1.0970    0.0059         1
    1.1750    1.1050    0.0056         1
    1.1800    1.1127    0.0058         1
    1.1850    1.1142    0.0056         1
    1.1900    1.1063    0.0060         1
    1.1950    1.1152    0.0061         1
    1.2000    1.1112    0.0061         1
    1.2050    1.1058    0.0059         1
    1.2100    1.1063    0.0062         1
    1.2150    1.1005    0.0062         1
    1.2200    1.1113    0.0066         1
    1.2250    1.1306    0.0062         1
    1.2300    1.1207    0.0059         1
    1.2350    1.1104    0.0059         1
    1.2400    1.1284    0.0062         1
    1.2450    1.1384    0.0059         1
    1.2500    1.1381    0.0061         1
    1.2550    1.1428    0.0063         1
    1.2600    1.1566    0.0066         1
    1.2650    1.1681    0.0070         1
    1.2700    1.1696    0.0068         1
    1.2750    1.1670    0.0073         1
    1.2800    1.1673    0.0070         1
    1.2850    1.1537    0.0070         1
    1.2900    1.1509    0.0072         1
    1.2950    1.1772    0.0067         1
    1.3000    1.1740    0.0065         1
    1.3050    1.1558    0.0066         1
    1.3100    1.1657    0.0062         1
    1.3150    1.1705    0.0062         1
    1.3200    1.1611    0.0067         1
    1.3250    1.1707    0.0063         1
    1.3300    1.1814    0.0059         1
    1.3350    1.1832    0.0062         1
    1.3400    1.1870    0.0066         1
    1.3450    1.1729    0.0072         1
    1.3500    1.1803    0.0073         1
    1.3550    1.2011    0.0083         1
    1.3600    1.1987    0.0108         1
    1.3650    1.2130    0.0119         1
    1.3700   -1.0000   -1.0000         0
    1.3750    1.1811    0.0118         1
    1.3800   -1.0000   -1.0000         0
    1.3850    1.1992    0.0131         1
    1.3900    1.1969    0.0119         1
    1.3950   -1.0000   -1.0000         0
    1.4000    1.1994    0.0126         1
    1.4050    1.2121    0.0112         1
    1.4100    1.2219    0.0104         1
    1.4150    1.1959    0.0104         1
    1.4200    1.1956    0.0110         1
    1.4250    1.1966    0.0094         1
    1.4300    1.2024    0.0088         1
    1.4350    1.2085    0.0101         1
    1.4400    1.2224    0.0096         1
    1.4450    1.2196    0.0113         1
    1.4500    1.2070    0.0106         1
    1.4550    1.2310    0.0111         1
    1.4600    1.2199    0.0101         1
    1.4650    1.2201    0.0103         1
    1.4700    1.2410    0.0096         1
    1.4750    1.2379    0.0096         1
    1.4800    1.2176    0.0084         1
    1.4850    1.2183    0.0086         1
    1.4900    1.2237    0.0096         1
    1.4950    1.2108    0.0097         1
    1.5000    1.2298    0.0091         1
    1.5050    1.2427    0.0099         1
    1.5100    1.2358    0.0104         1
    1.5150    1.2361    0.0085         1
    1.5200    1.2311    0.0095         1
    1.5250    1.2353    0.0099         1
    1.5300    1.2447    0.0109         1
    1.5350    1.2503    0.0093         1
    1.5400    1.2342    0.0086         1
    1.5450    1.2465    0.0084         1
    1.5500    1.2237    0.0091         1
    1.5550    1.2204    0.0084         1
    1.5600    1.2332    0.0087         1
    1.5650    1.2450    0.0091         1
    1.5700    1.2365    0.0106         1
    1.5750    1.2472    0.0102         1
    1.5800    1.2139    0.0088         1
    1.5850    1.2084    0.0089         1
    1.5900    1.2131    0.0094         1
    1.5950    1.2264    0.0100         1
    1.6000    1.2266    0.0110         1
    1.6050    1.2307    0.0102         1
    1.6100    1.2285    0.0099         1
    1.6150    1.2220    0.0094         1
    1.6200    1.2016    0.0102         1
    1.6250    1.2110    0.0090         1
    1.6300    1.2244    0.0089         1
    1.6350    1.1937    0.0088         1
    1.6400    1.2031    0.0091         1
    1.6450    1.1976    0.0082         1
    1.6500    1.2065    0.0085         1
    1.6550    1.2058    0.0099         1
    1.6600    1.2218    0.0105         1
    1.6650    1.2139    0.0093         1
    1.6700    1.1635    0.0088         1
    1.6750    1.1737    0.0108         1
    1.6800    1.2022    0.0100         1
    1.6850    1.2092    0.0103         1
    1.6900    1.1850    0.0107         1
    1.6950    1.1741    0.0097         1
    1.7000    1.1800    0.0096         1
    1.7050    1.2102    0.0095         1
    1.7100    1.2021    0.0098         1
    1.7150    1.1486    0.0095         1
    1.7200    1.1573    0.0103         1
    1.7250    1.1666    0.0103         1
    1.7300    1.1525    0.0109         1
    1.7350    1.1824    0.0110         1
    1.7400    1.1615    0.0112         1
    1.7450    1.1745    0.0097         1
    1.7500    1.1672    0.0108         1
    1.7550    1.1621    0.0098         1
    1.7600    1.1643    0.0110         1
    1.7650    1.1697    0.0101         1
    1.7700    1.1669    0.0101         1
    1.7750    1.1500    0.0089         1
    1.7800    1.1514    0.0090         1
    1.7850    1.1401    0.0100         1
    1.7900    1.1616    0.0109         1
    1.7950    1.1227    0.0112         1
    1.8000    1.1188    0.0121         1
    1.8050    1.1125    0.0116         1
    1.8100    1.1086    0.0139         1
    1.8150    1.1316    0.0127         1
    1.8200    1.1173    0.0106         1
    1.8250    1.1362    0.0127         1
    1.8300    1.1451    0.0153         1
    1.8350    1.1346    0.0168         1
    1.8400   -1.0000   -1.0000         0
    1.8450   -1.0000   -1.0000         0
    1.8500    1.1344    0.0232         1
    1.8550   -1.0000   -1.0000         0
    1.8600   -1.0000   -1.0000         0
    1.8650    1.1627    0.0218         1
    1.8700    1.1374    0.0275         1
    1.8750    1.0981    0.0283         1
    1.8800   -1.0000   -1.0000         0
    1.8850    1.1381    0.0135         1
    1.8900    1.1503    0.0150         1
    1.8950    1.1068    0.0151         1
    1.9000    1.1159    0.0151         1
    1.9050   -1.0000   -1.0000         0
    1.9100    1.1443    0.0222         1
    1.9150    1.0811    0.0166         1
    1.9200    1.0919    0.0171         1
    1.9250   -1.0000   -1.0000         0
    1.9300    1.0986    0.0143         1
    1.9350    1.1094    0.0124         1
    1.9400    1.1029    0.0124         1
    1.9450    1.1308    0.0128         1
    1.9500   -1.0000   -1.0000         0
    1.9550    1.1354    0.0149         1
    1.9600    1.1238    0.0152         1
    1.9650    1.1600    0.0162         1
    1.9700    1.1121    0.0146         1
    1.9750    1.0750    0.0128         1
    1.9800    1.0909    0.0124         1
    1.9850    1.1082    0.0099         1
    1.9900    1.1198    0.0124         1
    1.9950    1.1087    0.0127         1
    2.0000   -1.0000   -1.0000         0
    2.0050   -1.0000   -1.0000         0
    2.0100   -1.0000   -1.0000         0
    2.0150    1.1192    0.0192         1
    2.0200    1.0793    0.0190         1
    2.0250   -1.0000   -1.0000         0
    2.0300    1.0917    0.0147         1
    2.0350    1.1282    0.0127         1
    2.0400    1.1449    0.0132         1
    2.0450    1.1724    0.0134         1
    2.0500    1.1788    0.0134         1
    2.0550    1.1548    0.0133         1
    2.0600    1.1798    0.0147         1
    2.0650    1.1500    0.0133         1
    2.0700    1.1414    0.0179         1
    2.0750    1.1655    0.0135         1
    2.0800    1.1244    0.0138         1
    2.0850    1.1672    0.0113         1
    2.0900    1.1644    0.0110         1
    2.0950    1.1316    0.0121         1
    2.1000    1.1401    0.0112         1
    2.1050    1.1349    0.0109         1
    2.1100    1.1394    0.0136         1
    2.1150    1.1695    0.0118         1
    2.1200    1.1746    0.0109         1
    2.1250    1.1683    0.0104         1
    2.1300    1.1370    0.0096         1
    2.1350    1.1441    0.0089         1
    2.1400    1.1711    0.0108         1
    2.1450    1.1448    0.0130         1
    2.1500    1.1446    0.0132         1
    2.1550    1.1731    0.0131         1
    2.1600    1.1829    0.0124         1
    2.1650    1.1825    0.0096         1
    2.1700    1.1683    0.0125         1
    2.1750    1.1539    0.0119         1
    2.1800    1.1529    0.0121         1
    2.1850    1.1806    0.0144         1
    2.1900    1.2023    0.0145         1
    2.1950    1.1904    0.0149         1
    2.2000    1.1700    0.0123         1
    2.2050    1.1651    0.0137         1
    2.2100    1.1487    0.0140         1
    2.2150    1.1767    0.0138         1
    2.2200    1.1632    0.0138         1
    2.2250    1.1621    0.0136         1
    2.2300    1.1775    0.0170         1
    2.2350    1.1622    0.0127         1
    2.2400    1.1921    0.0170         1
    2.2450    1.1831    0.0152         1
    2.2500    1.1789    0.0148         1
    2.2550    1.2140    0.0149         1
    2.2600   -1.0000   -1.0000         0
    2.2650    1.1939    0.0123         1
    2.2700    1.1861    0.0178         1
    2.2750    1.1916    0.0176         1
    2.2800    1.1940    0.0148         1
    2.2850    1.1892    0.0152         1
    2.2900    1.1945    0.0155         1
    2.2950    1.2229    0.0161         1
    2.3000    1.2085    0.0146         1
    2.3050    1.2009    0.0165         1
    2.3100    1.2231    0.0155         1
    2.3150    1.2007    0.0163         1
    2.3200    1.2434    0.0181         1
    2.3250    1.2053    0.0161         1
    2.3300    1.1863    0.0186         1
    2.3350    1.1961    0.0203         1
    2.3400    1.2297    0.0191         1
    2.3450    1.2066    0.0236         1
    2.3500    1.1868    0.0229         1