    0.6800   -1.0000   -1.0000         0
    0.6850   -1.0000   -1.0000         0
    0.6900   -1.0000   -1.0000         0
    0.6950   -1.0000   -1.0000         0
    0.7000   -1.0000   -1.0000         0
    0.7050   -1.0000   -1.0000         0
    0.7100   -1.0000   -1.0000         0
    0.7150   -1.0000   -1.0000         0
    0.7200   -1.0000   -1.0000         0
    0.7250   -1.0000   -1.0000         0
    0.7300   -1.0000   -1.0000         0
    0.7350   -1.0000   -1.0000         0
    0.7400   -1.0000   -1.0000         0
    0.7450   -1.0000   -1.0000         0
    0.7500   -1.0000   -1.0000         0
    0.7550   -1.0000   -1.0000         0
    0.7600   -1.0000   -1.0000         0
    0.7650   -1.0000   -1.0000         0
    0.7700   -1.0000   -1.0000         0
    0.7750   -1.0000   -1.0000         0
    0.7800   -1.0000   -1.0000         0
    0.7850   -1.0000   -1.0000         0
    0.7900   -1.0000   -1.0000         0
    0.7950   -1.0000   -1.0000         0
    0.8000   -1.0000   -1.0000         0
    0.8050   -1.0000   -1.0000         0
    0.8100   -1.0000   -1.0000         0
    0.8150   -1.0000   -1.0000         0
    0.8200   -1.0000   -1.0000         0
    0.8250   -1.0000   -1.0000         0
    0.8300   -1.0000   -1.0000         0
    0.8350    0.9728    0.0130         1
    0.8400    0.9482    0.0131         1
    0.8450    0.9605    0.0130         1
    0.8500    0.9545    0.0133         1
    0.8550    0.9377    0.0126         1
    0.8600    0.9281    0.0117         1
    0.8650    0.9170    0.0125         1
    0.8700    0.9116    0.0127         1
    0.8750    0.9093    0.0124         1
    0.8800    0.9016    0.0113         1
    0.8850    0.9043    0.0122         1
    0.8900    0.9052    0.0122         1
    0.8950    0.9071    0.0115         1
    0.9000    0.9048    0.0112         1
    0.9050    0.9039    0.0111         1
    0.9100    0.9068    0.0112         1
    0.9150    0.9063    0.0108         1
    0.9200    0.8908    0.0109         1
    0.9250    0.8952    0.0107         1
    0.9300    0.8890    0.0106         1
    0.9350   -1.0000   -1.0000         0
    0.9400   -1.0000   -1.0000         0
    0.9450    0.9020    0.0115         1
    0.9500    0.9096    0.0116         1
    0.9550    0.9018    0.0117         1
    0.9600    0.9160    0.0114         1
    0.9650    0.9293    0.0116         1
    0.9700    0.9431    0.0117         1
    0.9750    0.9450    0.0104         1
    0.9800    0.9370    0.0112         1
    0.9850    0.9446    0.0109         1
    0.9900    0.9617    0.0114         1
    0.9950    0.9686    0.0115         1
    1.0000    0.9744    0.0116         1
    1.0050    0.9763    0.0113         1
    1.0100    0.9778    0.0124         1
    1.0150    0.9809    0.0122         1
    1.0200    0.9884    0.0125         1
    1.0250    0.9828    0.0124         1
    1.0300    0.9940    0.0118         1
    1.0350    0.9985    0.0130         1
    1.0400    0.9966    0.0122         1
    1.0450    0.9937    0.0122         1
    1.0500    1.0038    0.0121         1
    1.0550    1.0101    0.0123         1
    1.0600    1.0091    0.0125         1
    1.0650    1.0131    0.0127         1
    1.0700    1.0195    0.0126         1
    1.0750    1.0222    0.0119         1
    1.0800    1.0187    0.0125         1
    1.0850    1.0210    0.0128         1
    1.0900    1.0264    0.0125         1
    1.0950    1.0448    0.0122         1
    1.1000    1.0415    0.0135         1
    1.1050    1.0392    0.0118         1
    1.1100    1.0477    0.0112         1
    1.1150    1.0586    0.0114         1
    1.1200    1.0680    0.0115         1
    1.1250    1.0567    0.0124         1
    1.1300    1.0552    0.0142         1
    1.1350    1.0696    0.0135         1
    1.1400    1.0720    0.0134         1
    1.1450    1.0709    0.0141         1
    1.1500    1.0596    0.0138         1
    1.1550    1.0656    0.0140         1
    1.1600    1.0846    0.0138         1
    1.1650    1.0910    0.0139         1
    1.1700    1.0986    0.0130         1
    1.1750    1.1072    0.0144         1
    1.1800    1.1045    0.0132         1
    1.1850    1.1009    0.0139         1
    1.1900    1.0989    0.0133         1
    1.1950    1.1089    0.0141         1
    1.2000    1.1143    0.0136         1
    1.2050    1.1087    0.0131         1
    1.2100    1.1134    0.0144         1
    1.2150    1.1226    0.0142         1
    1.2200    1.1195    0.0137         1
    1.2250    1.1222    0.0142         1
    1.2300    1.1193    0.0135         1
    1.2350    1.1208    0.0141         1
    1.2400    1.1257    0.0142         1
    1.2450    1.1330    0.0138         1
    1.2500    1.1240    0.0137         1
    1.2550    1.1305    0.0134         1
    1.2600    1.1315    0.0138         1
    1.2650    1.1377    0.0130         1
    1.2700    1.1309    0.0160         1
    1.2750    1.1304    0.0145         1
    1.2800    1.1427    0.0153         1
    1.2850    1.1439    0.0156         1
    1.2900    1.1639    0.0162         1
    1.2950    1.1626    0.0158         1
    1.3000    1.1687    0.0157         1
    1.3050    1.1765    0.0155         1
    1.3100    1.1757    0.0140         1
    1.3150    1.1678    0.0130         1
    1.3200    1.1735    0.0141         1
    1.3250    1.1792    0.0140         1
    1.3300    1.1781    0.0130         1
    1.3350   -1.0000   -1.0000         0
    1.3400    1.1817    0.0115         1
    1.3450   -1.0000   -1.0000         0
    1.3500   -1.0000   -1.0000         0
    1.3550    1.1763    0.0080         1
    1.3600   -1.0000   -1.0000         0
    1.3650    1.1937    0.0183         1
    1.3700   -1.0000   -1.0000         0
    1.3750    1.1905    0.0197         1
    1.3800    1.2100    0.0212         1
    1.3850    1.1870    0.0201         1
    1.3900    1.1936    0.0218         1
    1.3950   -1.0000   -1.0000         0
    1.4000   -1.0000   -1.0000         0
    1.4050   -1.0000   -1.0000         0
    1.4100   -1.0000   -1.0000         0
    1.4150    1.1885    0.0206         1
    1.4200    1.2065    0.0190         1
    1.4250    1.1713    0.0170         1
    1.4300    1.1933    0.0137         1
    1.4350    1.2199    0.0189         1
    1.4400    1.1971    0.0174         1
    1.4450   -1.0000   -1.0000         0
    1.4500   -1.0000   -1.0000         0
    1.4550    1.2046    0.0165         1
    1.4600   -1.0000   -1.0000         0
    1.4650    1.2370    0.0144         1
    1.4700    1.2251    0.0156         1
    1.4750    1.2047    0.0181         1
    1.4800    1.1990    0.0183         1
    1.4850    1.2130    0.0180         1
    1.4900    1.2154    0.0178         1
    1.4950    1.2007    0.0160         1
    1.5000    1.1874    0.0164         1
    1.5050    1.1893    0.0174         1
    1.5100    1.1998    0.0161         1
    1.5150    1.2079    0.0184         1
    1.5200    1.2221    0.0163         1
    1.5250    1.2136    0.0156         1
    1.5300    1.2232    0.0166         1
    1.5350    1.2364    0.0181         1
    1.5400    1.2204    0.0168         1
    1.5450    1.2051    0.0172         1
    1.5500    1.2145    0.0175         1
    1.5550    1.2118    0.0163         1
    1.5600    1.2264    0.0165         1
    1.5650    1.2418    0.0166         1
    1.5700    1.2348    0.0168         1
    1.5750    1.2304    0.0159         1
    1.5800    1.2066    0.0157         1
    1.5850    1.2162    0.0201         1
    1.5900    1.2055    0.0181         1
    1.5950    1.2098    0.0166         1
    1.6000    1.2101    0.0178         1
    1.6050    1.1891    0.0175         1
    1.6100    1.2115    0.0172         1
    1.6150    1.2183    0.0172         1
    1.6200    1.2034    0.0185         1
    1.6250    1.2090    0.0170         1
    1.6300    1.2109    0.0168         1
    1.6350    1.1979    0.0156         1
    1.6400    1.1920    0.0161         1
    1.6450    1.2063    0.0150         1
    1.6500    1.1891    0.0183         1
    1.6550    1.1818    0.0179         1
    1.6600    1.1884    0.0152         1
    1.6650    1.2107    0.0159         1
    1.6700    1.1986    0.0173         1
    1.6750    1.1991    0.0167         1
    1.6800    1.1845    0.0172         1
    1.6850    1.1773    0.0169         1
    1.6900    1.1603    0.0160         1
    1.6950    1.1539    0.0157         1
    1.7000    1.1856    0.0171         1
    1.7050    1.1528    0.0169         1
    1.7100    1.1512    0.0157         1
    1.7150    1.1728    0.0155         1
    1.7200    1.1654    0.0159         1
    1.7250    1.1597    0.0153         1
    1.7300    1.1532    0.0172         1
    1.7350    1.1667    0.0168         1
    1.7400    1.1821    0.0150         1
    1.7450    1.1705    0.0164         1
    1.7500    1.1520    0.0154         1
    1.7550    1.1495    0.0189         1
    1.7600    1.1541    0.0181         1
    1.7650    1.1551    0.0182         1
    1.7700    1.1494    0.0144         1
    1.7750    1.1583    0.0153         1
    1.7800    1.1690    0.0147         1
    1.7850    1.1611    0.0154         1
    1.7900    1.1313    0.0164         1
    1.7950    1.1599    0.0171         1
    1.8000    1.1543    0.0178         1
    1.8050    1.1159    0.0141         1
    1.8100    1.1024    0.0186         1
    1.8150    1.1495    0.0199         1
    1.8200    1.1880    0.0160         1
    1.8250    1.1982    0.0240         1
    1.8300    1.1876    0.0453         1
    1.8350   -1.0000   -1.0000         0
    1.8400   -1.0000   -1.0000         0
    1.8450   -1.0000   -1.0000         0
    1.8500   -1.0000   -1.0000         0
    1.8550    1.1083    0.0386         1
    1.8600   -1.0000   -1.0000         0
    1.8650    1.1649    0.0564         1
    1.8700    1.1988    0.0538         1
    1.8750   -1.0000   -1.0000         0
    1.8800    1.1033    0.0352         1
    1.8850    1.1658    0.0226         1
    1.8900    1.1634    0.0196         1
    1.8950    1.1866    0.0214         1
    1.9000    1.1338    0.0245         1
    1.9050   -1.0000   -1.0000         0
    1.9100    1.2026    0.0363         1
    1.9150    1.1928    0.0305         1
    1.9200    1.1452    0.0290         1
    1.9250    1.1523    0.0284         1
    1.9300    1.1021    0.0224         1
    1.9350    1.1307    0.0193         1
    1.9400    1.1447    0.0201         1
    1.9450    1.1143    0.0172         1
    1.9500    1.1732    0.0194         1
    1.9550    1.1397    0.0182         1
    1.9600    1.0809    0.0213         1
    1.9650    1.0985    0.0188         1
    1.9700    1.1129    0.0215         1
    1.9750    1.1320    0.0163         1
    1.9800    1.1434    0.0186         1
    1.9850    1.1361    0.0164         1
    1.9900    1.1272    0.0171         1
    1.9950    1.1289    0.0175         1
    2.0000    1.1020    0.0159         1
    2.0050    1.0526    0.0213         1
    2.0100    1.0805    0.0187         1
    2.0150    1.0674    0.0216         1
    2.0200    1.0822    0.0192         1
    2.0250    1.1263    0.0208         1
    2.0300    1.1457    0.0195         1
    2.0350    1.1396    0.0192         1
    2.0400    1.1275    0.0191         1
    2.0450    1.1217    0.0148         1
    2.0500    1.1114    0.0168         1
    2.0550    1.1016    0.0165         1
    2.0600    1.1117    0.0193         1
    2.0650    1.1439    0.0169         1
    2.0700    1.1491    0.0166         1
    2.0750    1.1657    0.0182         1
    2.0800    1.1798    0.0178         1
    2.0850    1.1760    0.0158         1
    2.0900    1.1545    0.0148         1
    2.0950    1.1407    0.0178         1
    2.1000    1.1496    0.0169         1
    2.1050    1.1357    0.0190         1
    2.1100    1.1487    0.0161         1
    2.1150    1.1812    0.0190         1
    2.1200    1.1639    0.0168         1
    2.1250    1.1794    0.0163         1
    2.1300    1.1795    0.0186         1
    2.1350    1.1585    0.0160         1
    2.1400    1.1762    0.0171         1
    2.1450    1.1747    0.0182         1
    2.1500    1.1784    0.0185         1
    2.1550    1.2033    0.0206         1
    2.1600    1.2065    0.0189         1
    2.1650    1.1877    0.0172         1
    2.1700    1.1754    0.0182         1
    2.1750    1.1851    0.0169         1
    2.1800    1.1918    0.0220         1
    2.1850    1.1665    0.0199         1
    2.1900    1.1651    0.0184         1
    2.1950    1.1867    0.0215         1
    2.2000    1.1801    0.0216         1
    2.2050    1.1917    0.0244         1
    2.2100    1.1819    0.0197         1
    2.2150    1.1866    0.0192         1
    2.2200    1.2018    0.0199         1
    2.2250    1.1708    0.0205         1
    2.2300    1.2085    0.0256         1
    2.2350   -1.0000   -1.0000         0
    2.2400    1.2227    0.0180         1
    2.2450    1.1960    0.0175         1
    2.2500    1.1899    0.0187         1
    2.2550    1.1868    0.0173         1
    2.2600    1.1851    0.0181         1
    2.2650    1.2094    0.0170         1
    2.2700    1.2043    0.0168         1
    2.2750    1.1989    0.0168         1
    2.2800    1.2103    0.0190         1
    2.2850    1.1959    0.0174         1
    2.2900    1.1998    0.0165         1
    2.2950    1.1674    0.0184         1
    2.3000    1.1846    0.0200         1
    2.3050    1.1862    0.0184         1
    2.3100    1.1899    0.0170         1
    2.3150    1.2277    0.0189         1
    2.3200    1.2141    0.0184         1
    2.3250    1.1743    0.0212         1
    2.3300    1.2008    0.0241         1
    2.3350    1.2507    0.0222         1
    2.3400    1.2451    0.0233         1
    2.3450    1.2683    0.0263         1
    2.3500    1.2478    0.0204         1