    0.6800   -1.0000   -1.0000         0
    0.6850   -1.0000   -1.0000         0
    0.6900   -1.0000   -1.0000         0
    0.6950   -1.0000   -1.0000         0
    0.7000   -1.0000   -1.0000         0
    0.7050   -1.0000   -1.0000         0
    0.7100   -1.0000   -1.0000         0
    0.7150   -1.0000   -1.0000         0
    0.7200   -1.0000   -1.0000         0
    0.7250   -1.0000   -1.0000         0
    0.7300   -1.0000   -1.0000         0
    0.7350   -1.0000   -1.0000         0
    0.7400   -1.0000   -1.0000         0
    0.7450   -1.0000   -1.0000         0
    0.7500   -1.0000   -1.0000         0
    0.7550   -1.0000   -1.0000         0
    0.7600   -1.0000   -1.0000         0
    0.7650   -1.0000   -1.0000         0
    0.7700   -1.0000   -1.0000         0
    0.7750   -1.0000   -1.0000         0
    0.7800   -1.0000   -1.0000         0
    0.7850   -1.0000   -1.0000         0
    0.7900    1.1311    0.0078         1
    0.7950    1.1126    0.0071         1
    0.8000    1.0995    0.0071         1
    0.8050    1.0940    0.0066         1
    0.8100    1.0987    0.0060         1
    0.8150    1.0880    0.0061         1
    0.8200    1.0789    0.0063         1
    0.8250    1.0532    0.0064         1
    0.8300    1.0396    0.0065         1
    0.8350    1.0276    0.0065         1
    0.8400    1.0228    0.0064         1
    0.8450    1.0182    0.0062         1
    0.8500    1.0064    0.0064         1
    0.8550    0.9904    0.0062         1
    0.8600    0.9878    0.0057         1
    0.8650    0.9769    0.0054         1
    0.8700    0.9720    0.0053         1
    0.8750    0.9719    0.0052         1
    0.8800    0.9651    0.0051         1
    0.8850    0.9557    0.0052         1
    0.8900    0.9499    0.0050         1
    0.8950    0.9423    0.0050         1
    0.9000    0.9414    0.0050         1
    0.9050    0.9355    0.0050         1
    0.9100    0.9331    0.0051         1
    0.9150    0.9310    0.0051         1
    0.9200    0.9253    0.0050         1
    0.9250    0.9317    0.0049         1
    0.9300    0.9334    0.0050         1
    0.9350    0.9379    0.0048         1
    0.9400    0.9324    0.0046         1
    0.9450    0.9358    0.0048         1
    0.9500    0.9340    0.0047         1
    0.9550    0.9317    0.0047         1
    0.9600    0.9408    0.0046         1
    0.9650    0.9465    0.0048         1
    0.9700    0.9459    0.0048         1
    0.9750    0.9537    0.0050         1
    0.9800    0.9541    0.0050         1
    0.9850    0.9562    0.0052         1
    0.9900    0.9545    0.0054         1
    0.9950    0.9726    0.0051         1
    1.0000    0.9738    0.0050         1
    1.0050    0.9761    0.0051         1
    1.0100    0.9768    0.0050         1
    1.0150    0.9857    0.0051         1
    1.0200    0.9820    0.0056         1
    1.0250   -1.0000   -1.0000         0
    1.0300    0.9839    0.0054         1
    1.0350    0.9951    0.0053         1
    1.0400    1.0034    0.0054         1
    1.0450    1.0017    0.0051         1
    1.0500    1.0021    0.0053         1
    1.0550    1.0046    0.0050         1
    1.0600    1.0113    0.0055         1
    1.0650    1.0140    0.0054         1
    1.0700    1.0224    0.0053         1
    1.0750    1.0233    0.0054         1
    1.0800    1.0355    0.0052         1
    1.0850    1.0296    0.0052         1
    1.0900    1.0376    0.0053         1
    1.0950    1.0480    0.0055         1
    1.1000    1.0486    0.0056         1
    1.1050    1.0515    0.0055         1
    1.1100    1.0553    0.0059         1
    1.1150    1.0604    0.0060         1
    1.1200    1.0615    0.0057         1
    1.1250    1.0669    0.0053         1
    1.1300    1.0740    0.0057         1
    1.1350   -1.0000   -1.0000         0
    1.1400    1.0749    0.0058         1
    1.1450    1.0845    0.0058         1
    1.1500    1.0747    0.0061         1
    1.1550    1.0908    0.0059         1
    1.1600   -1.0000   -1.0000         0
    1.1650    1.0909    0.0060         1
    1.1700    1.0840    0.0058         1
    1.1750    1.0917    0.0058         1
    1.1800    1.0959    0.0057         1
    1.1850    1.1017    0.0058         1
    1.1900    1.1100    0.0059         1
    1.1950    1.1127    0.0057         1
    1.2000    1.1115    0.0058         1
    1.2050    1.1247    0.0060         1
    1.2100    1.1218    0.0059         1
    1.2150    1.1138    0.0060         1
    1.2200    1.1188    0.0059         1
    1.2250    1.1275    0.0059         1
    1.2300    1.1187    0.0059         1
    1.2350    1.1249    0.0059         1
    1.2400    1.1290    0.0060         1
    1.2450    1.1324    0.0060         1
    1.2500    1.1332    0.0059         1
    1.2550    1.1365    0.0063         1
    1.2600    1.1464    0.0060         1
    1.2650    1.1541    0.0059         1
    1.2700    1.1540    0.0059         1
    1.2750    1.1462    0.0060         1
    1.2800    1.1535    0.0062         1
    1.2850    1.1396    0.0061         1
    1.2900    1.1453    0.0063         1
    1.2950    1.1431    0.0065         1
    1.3000   -1.0000   -1.0000         0
    1.3050    1.1576    0.0064         1
    1.3100    1.1501    0.0073         1
    1.3150    1.1643    0.0066         1
    1.3200    1.1510    0.0072         1
    1.3250    1.1521    0.0073         1
    1.3300    1.1507    0.0072         1
    1.3350    1.1517    0.0074         1
    1.3400    1.1578    0.0075         1
    1.3450   -1.0000   -1.0000         0
    1.3500   -1.0000   -1.0000         0
    1.3550    1.1922    0.0100         1
    1.3600    1.1899    0.0091         1
    1.3650    1.1865    0.0069         1
    1.3700    1.1918    0.0069         1
    1.3750    1.1827    0.0068         1
    1.3800    1.2013    0.0064         1
    1.3850   -1.0000   -1.0000         0
    1.3900    1.2046    0.0065         1
    1.3950    1.2120    0.0067         1
    1.4000   -1.0000   -1.0000         0
    1.4050    1.2164    0.0064         1
    1.4100    1.2040    0.0063         1
    1.4150    1.2107    0.0064         1
    1.4200    1.2323    0.0061         1
    1.4250    1.2385    0.0062         1
    1.4300    1.2253    0.0062         1
    1.4350    1.2300    0.0062         1
    1.4400    1.2440    0.0064         1
    1.4450    1.2350    0.0066         1
    1.4500    1.2332    0.0063         1
    1.4550    1.2478    0.0069         1
    1.4600    1.2532    0.0070         1
    1.4650    1.2438    0.0070         1
    1.4700    1.2463    0.0070         1
    1.4750    1.2512    0.0067         1
    1.4800    1.2463    0.0066         1
    1.4850    1.2464    0.0064         1
    1.4900    1.2510    0.0068         1
    1.4950    1.2608    0.0068         1
    1.5000    1.2524    0.0069         1
    1.5050    1.2450    0.0072         1
    1.5100    1.2401    0.0071         1
    1.5150    1.2572    0.0072         1
    1.5200    1.2503    0.0070         1
    1.5250    1.2428    0.0067         1
    1.5300    1.2446    0.0071         1
    1.5350    1.2484    0.0069         1
    1.5400    1.2652    0.0073         1
    1.5450    1.2583    0.0075         1
    1.5500    1.2560    0.0072         1
    1.5550    1.2561    0.0074         1
    1.5600    1.2728    0.0076         1
    1.5650    1.2710    0.0076         1
    1.5700    1.2612    0.0072         1
    1.5750    1.2472    0.0076         1
    1.5800    1.2663    0.0069         1
    1.5850    1.2714    0.0074         1
    1.5900    1.2502    0.0078         1
    1.5950    1.2623    0.0074         1
    1.6000    1.2630    0.0078         1
    1.6050    1.2461    0.0077         1
    1.6100    1.2449    0.0078         1
    1.6150   -1.0000   -1.0000         0
    1.6200    1.2531    0.0075         1
    1.6250    1.2404    0.0074         1
    1.6300    1.2321    0.0075         1
    1.6350    1.2356    0.0074         1
    1.6400    1.2354    0.0073         1
    1.6450    1.2351    0.0071         1
    1.6500    1.2251    0.0071         1
    1.6550    1.2381    0.0071         1
    1.6600    1.2203    0.0079         1
    1.6650    1.2280    0.0076         1
    1.6700    1.2163    0.0076         1
    1.6750    1.2092    0.0074         1
    1.6800    1.2058    0.0077         1
    1.6850    1.2177    0.0071         1
    1.6900    1.2125    0.0078         1
    1.6950    1.2120    0.0073         1
    1.7000    1.1843    0.0078         1
    1.7050    1.1975    0.0074         1
    1.7100    1.1807    0.0071         1
    1.7150    1.1864    0.0065         1
    1.7200    1.1870    0.0070         1
    1.7250    1.1776    0.0068         1
    1.7300    1.2006    0.0076         1
    1.7350    1.1921    0.0075         1
    1.7400    1.1766    0.0071         1
    1.7450    1.1923    0.0070         1
    1.7500    1.1693    0.0069         1
    1.7550    1.1686    0.0075         1
    1.7600    1.1683    0.0073         1
    1.7650    1.1751    0.0074         1
    1.7700    1.1741    0.0076         1
    1.7750    1.1891    0.0075         1
    1.7800    1.1717    0.0070         1
    1.7850    1.1585    0.0073         1
    1.7900    1.1690    0.0081         1
    1.7950    1.1660    0.0079         1
    1.8000    1.1712    0.0084         1
    1.8050    1.1725    0.0089         1
    1.8100    1.1807    0.0086         1
    1.8150    1.1555    0.0089         1
    1.8200    1.1404    0.0090         1
    1.8250    1.1466    0.0090         1
    1.8300    1.1464    0.0103         1
    1.8350    1.1573    0.0101         1
    1.8400   -1.0000   -1.0000         0
    1.8450    1.1716    0.0123         1
    1.8500    1.1693    0.0143         1
    1.8550    1.1573    0.0106         1
    1.8600    1.1531    0.0110         1
    1.8650    1.1759    0.0126         1
    1.8700    1.1513    0.0126         1
    1.8750   -1.0000   -1.0000         0
    1.8800   -1.0000   -1.0000         0
    1.8850    1.1647    0.0087         1
    1.8900    1.1463    0.0079         1
    1.8950    1.1495    0.0091         1
    1.9000    1.1487    0.0090         1
    1.9050    1.1651    0.0093         1
    1.9100   -1.0000   -1.0000         0
    1.9150    1.1374    0.0092         1
    1.9200    1.1462    0.0086         1
    1.9250    1.1387    0.0084         1
    1.9300    1.1558    0.0079         1
    1.9350    1.1541    0.0077         1
    1.9400    1.1732    0.0074         1
    1.9450    1.1627    0.0074         1
    1.9500    1.1473    0.0080         1
    1.9550    1.1548    0.0078         1
    1.9600    1.1675    0.0077         1
    1.9650    1.1594    0.0088         1
    1.9700    1.1350    0.0082         1
    1.9750    1.1333    0.0075         1
    1.9800    1.1496    0.0073         1
    1.9850    1.1471    0.0071         1
    1.9900    1.1430    0.0078         1
    1.9950    1.1562    0.0096         1
    2.0000    1.1707    0.0105         1
    2.0050    1.1698    0.0119         1
    2.0100    1.1527    0.0107         1
    2.0150    1.1378    0.0086         1
    2.0200    1.1314    0.0083         1
    2.0250    1.1550    0.0082         1
    2.0300    1.1379    0.0080         1
    2.0350    1.1227    0.0090         1
    2.0400    1.1551    0.0082         1
    2.0450    1.1464    0.0085         1
    2.0500    1.1413    0.0088         1
    2.0550   -1.0000   -1.0000         0
    2.0600    1.1520    0.0088         1
    2.0650    1.1575    0.0089         1
    2.0700    1.1812    0.0076         1
    2.0750    1.1708    0.0074         1
    2.0800    1.1751    0.0073         1
    2.0850    1.1671    0.0072         1
    2.0900    1.1629    0.0073         1
    2.0950    1.1752    0.0073         1
    2.1000    1.1620    0.0075         1
    2.1050    1.1867    0.0084         1
    2.1100    1.1741    0.0078         1
    2.1150    1.1769    0.0081         1
    2.1200    1.1644    0.0082         1
    2.1250    1.1758    0.0083         1
    2.1300    1.1734    0.0075         1
    2.1350    1.1535    0.0069         1
    2.1400    1.1704    0.0083         1
    2.1450    1.1786    0.0089         1
    2.1500    1.1667    0.0096         1
    2.1550    1.1619    0.0082         1
    2.1600    1.1906    0.0081         1
    2.1650    1.1676    0.0081         1
    2.1700    1.1712    0.0083         1
    2.1750    1.1854    0.0088         1
    2.1800    1.1778    0.0086         1
    2.1850    1.2017    0.0088         1
    2.1900    1.1977    0.0088         1
    2.1950    1.1809    0.0087         1
    2.2000    1.1845    0.0086         1
    2.2050    1.2025    0.0083         1
    2.2100    1.1954    0.0090         1
    2.2150    1.2122    0.0086         1
    2.2200    1.2000    0.0086         1
    2.2250    1.2132    0.0090         1
    2.2300    1.1965    0.0089         1
    2.2350    1.2105    0.0104         1
    2.2400    1.2051    0.0098         1
    2.2450    1.1955    0.0093         1
    2.2500    1.2083    0.0093         1
    2.2550    1.2045    0.0101         1
    2.2600    1.2165    0.0088         1
    2.2650    1.2078    0.0091         1
    2.2700    1.2149    0.0089         1
    2.2750    1.2001    0.0094         1
    2.2800    1.2093    0.0114         1
    2.2850    1.2041    0.0102         1
    2.2900    1.1905    0.0099         1
    2.2950    1.2151    0.0109         1
    2.3000    1.1976    0.0104         1
    2.3050    1.2068    0.0093         1
    2.3100    1.2401    0.0104         1
    2.3150    1.2196    0.0111         1
    2.3200    1.2356    0.0123         1
    2.3250    1.2282    0.0104         1
    2.3300    1.2285    0.0108         1
    2.3350    1.2338    0.0104         1
    2.3400    1.2372    0.0121         1
    2.3450    1.2608    0.0127         1
    2.3500    1.2632    0.0119         1