    0.6800   -1.0000   -1.0000         0
    0.6850   -1.0000   -1.0000         0
    0.6900   -1.0000   -1.0000         0
    0.6950   -1.0000   -1.0000         0
    0.7000   -1.0000   -1.0000         0
    0.7050   -1.0000   -1.0000         0
    0.7100   -1.0000   -1.0000         0
    0.7150   -1.0000   -1.0000         0
    0.7200   -1.0000   -1.0000         0
    0.7250   -1.0000   -1.0000         0
    0.7300   -1.0000   -1.0000         0
    0.7350   -1.0000   -1.0000         0
    0.7400   -1.0000   -1.0000         0
    0.7450   -1.0000   -1.0000         0
    0.7500   -1.0000   -1.0000         0
    0.7550   -1.0000   -1.0000         0
    0.7600   -1.0000   -1.0000         0
    0.7650   -1.0000   -1.0000         0
    0.7700   -1.0000   -1.0000         0
    0.7750   -1.0000   -1.0000         0
    0.7800   -1.0000   -1.0000         0
    0.7850    1.0393    0.0069         1
    0.7900    1.0277    0.0070         1
    0.7950    1.0146    0.0066         1
    0.8000    1.0042    0.0066         1
    0.8050    1.0069    0.0066         1
    0.8100    1.0144    0.0065         1
    0.8150    1.0059    0.0064         1
    0.8200    0.9809    0.0066         1
    0.8250    0.9733    0.0063         1
    0.8300    0.9651    0.0063         1
    0.8350    0.9626    0.0065         1
    0.8400    0.9567    0.0063         1
    0.8450    0.9602    0.0062         1
    0.8500    0.9626    0.0062         1
    0.8550    0.9448    0.0062         1
    0.8600    0.9500    0.0061         1
    0.8650    0.9380    0.0060         1
    0.8700    0.9360    0.0061         1
    0.8750    0.9336    0.0059         1
    0.8800    0.9287    0.0059         1
    0.8850    0.9369    0.0060         1
    0.8900    0.9376    0.0059         1
    0.8950    0.9424    0.0060         1
    0.9000    0.9333    0.0059         1
    0.9050    0.9425    0.0063         1
    0.9100    0.9270    0.0059         1
    0.9150    0.9331    0.0059         1
    0.9200    0.9349    0.0060         1
    0.9250    0.9304    0.0059         1
    0.9300    0.9304    0.0059         1
    0.9350    0.9178    0.0057         1
    0.9400    0.9304    0.0060         1
    0.9450    0.9307    0.0060         1
    0.9500    0.9257    0.0060         1
    0.9550    0.9236    0.0061         1
    0.9600    0.9338    0.0060         1
    0.9650    0.9427    0.0060         1
    0.9700    0.9481    0.0061         1
    0.9750    0.9441    0.0061         1
    0.9800    0.9511    0.0061         1
    0.9850    0.9551    0.0060         1
    0.9900    0.9647    0.0061         1
    0.9950    0.9697    0.0061         1
    1.0000    0.9770    0.0062         1
    1.0050    0.9783    0.0062         1
    1.0100    0.9750    0.0063         1
    1.0150    0.9760    0.0063         1
    1.0200    0.9842    0.0063         1
    1.0250    0.9915    0.0063         1
    1.0300    0.9884    0.0063         1
    1.0350    0.9896    0.0063         1
    1.0400    1.0008    0.0064         1
    1.0450    1.0064    0.0065         1
    1.0500    1.0015    0.0064         1
    1.0550    1.0026    0.0065         1
    1.0600    1.0192    0.0066         1
    1.0650    1.0166    0.0065         1
    1.0700    1.0205    0.0065         1
    1.0750    1.0280    0.0066         1
    1.0800    1.0437    0.0067         1
    1.0850    1.0464    0.0068         1
    1.0900    1.0579    0.0072         1
    1.0950   -1.0000   -1.0000         0
    1.1000   -1.0000   -1.0000         0
    1.1050   -1.0000   -1.0000         0
    1.1100    1.0601    0.0073         1
    1.1150   -1.0000   -1.0000         0
    1.1200   -1.0000   -1.0000         0
    1.1250   -1.0000   -1.0000         0
    1.1300    1.0820    0.0071         1
    1.1350    1.0795    0.0070         1
    1.1400    1.0795    0.0069         1
    1.1450    1.0909    0.0071         1
    1.1500    1.0871    0.0069         1
    1.1550    1.0903    0.0069         1
    1.1600    1.0917    0.0070         1
    1.1650    1.0916    0.0069         1
    1.1700    1.0929    0.0069         1
    1.1750    1.0928    0.0069         1
    1.1800    1.0925    0.0069         1
    1.1850    1.0923    0.0070         1
    1.1900    1.0901    0.0069         1
    1.1950    1.1011    0.0070         1
    1.2000    1.1160    0.0070         1
    1.2050    1.1186    0.0069         1
    1.2100    1.1064    0.0068         1
    1.2150    1.1071    0.0069         1
    1.2200    1.1204    0.0070         1
    1.2250    1.1194    0.0068         1
    1.2300    1.1088    0.0069         1
    1.2350    1.1172    0.0071         1
    1.2400    1.1219    0.0070         1
    1.2450    1.1248    0.0071         1
    1.2500    1.1320    0.0070         1
    1.2550    1.1280    0.0073         1
    1.2600    1.1256    0.0072         1
    1.2650    1.1311    0.0072         1
    1.2700    1.1330    0.0074         1
    1.2750    1.1435    0.0071         1
    1.2800    1.1454    0.0069         1
    1.2850    1.1369    0.0073         1
    1.2900    1.1440    0.0073         1
    1.2950    1.1543    0.0073         1
    1.3000    1.1467    0.0072         1
    1.3050    1.1422    0.0072         1
    1.3100    1.1521    0.0072         1
    1.3150    1.1524    0.0072         1
    1.3200    1.1569    0.0074         1
    1.3250    1.1672    0.0074         1
    1.3300    1.1548    0.0071         1
    1.3350    1.1606    0.0072         1
    1.3400    1.1814    0.0071         1
    1.3450    1.1632    0.0071         1
    1.3500    1.1727    0.0070         1
    1.3550   -1.0000   -1.0000         0
    1.3600    1.1840    0.0069         1
    1.3650   -1.0000   -1.0000         0
    1.3700   -1.0000   -1.0000         0
    1.3750    1.1976    0.0078         1
    1.3800    1.1848    0.0080         1
    1.3850    1.1826    0.0076         1
    1.3900    1.2026    0.0078         1
    1.3950    1.2150    0.0081         1
    1.4000    1.2078    0.0075         1
    1.4050    1.2014    0.0079         1
    1.4100    1.2024    0.0076         1
    1.4150    1.2079    0.0082         1
    1.4200    1.2156    0.0077         1
    1.4250    1.2208    0.0079         1
    1.4300    1.2231    0.0078         1
    1.4350    1.2117    0.0078         1
    1.4400    1.2154    0.0078         1
    1.4450    1.2081    0.0076         1
    1.4500    1.2142    0.0077         1
    1.4550    1.2159    0.0077         1
    1.4600    1.2348    0.0076         1
    1.4650    1.2173    0.0073         1
    1.4700    1.2243    0.0075         1
    1.4750    1.2240    0.0079         1
    1.4800    1.2206    0.0077         1
    1.4850    1.2173    0.0078         1
    1.4900    1.2201    0.0078         1
    1.4950    1.2303    0.0078         1
    1.5000    1.2246    0.0078         1
    1.5050    1.2231    0.0080         1
    1.5100    1.2165    0.0079         1
    1.5150    1.2250    0.0080         1
    1.5200    1.2350    0.0081         1
    1.5250    1.2526    0.0077         1
    1.5300    1.2489    0.0079         1
    1.5350    1.2180    0.0077         1
    1.5400    1.2388    0.0080         1
    1.5450    1.2432    0.0078         1
    1.5500    1.2386    0.0079         1
    1.5550    1.2232    0.0081         1
    1.5600    1.2384    0.0079         1
    1.5650    1.2480    0.0078         1
    1.5700    1.2435    0.0077         1
    1.5750    1.2515    0.0079         1
    1.5800    1.2411    0.0075         1
    1.5850    1.2338    0.0080         1
    1.5900    1.2463    0.0079         1
    1.5950    1.2492    0.0076         1
    1.6000    1.2360    0.0077         1
    1.6050    1.2369    0.0079         1
    1.6100    1.2382    0.0080         1
    1.6150    1.2479    0.0077         1
    1.6200    1.2497    0.0076         1
    1.6250    1.2081    0.0075         1
    1.6300    1.2192    0.0077         1
    1.6350    1.2471    0.0076         1
    1.6400    1.2283    0.0076         1
    1.6450    1.2329    0.0077         1
    1.6500    1.2351    0.0077         1
    1.6550    1.2153    0.0078         1
    1.6600    1.2090    0.0076         1
    1.6650    1.2000    0.0078         1
    1.6700    1.2116    0.0076         1
    1.6750    1.2170    0.0077         1
    1.6800    1.1985    0.0076         1
    1.6850    1.2086    0.0077         1
    1.6900    1.1926    0.0073         1
    1.6950    1.2081    0.0077         1
    1.7000    1.2245    0.0079         1
    1.7050    1.2175    0.0076         1
    1.7100    1.1877    0.0077         1
    1.7150    1.1988    0.0076         1
    1.7200    1.2160    0.0074         1
    1.7250    1.1894    0.0078         1
    1.7300    1.2206    0.0073         1
    1.7350    1.2191    0.0075         1
    1.7400    1.1929    0.0077         1
    1.7450    1.1996    0.0075         1
    1.7500    1.2096    0.0075         1
    1.7550    1.1931    0.0076         1
    1.7600    1.2081    0.0075         1
    1.7650    1.1840    0.0079         1
    1.7700    1.1923    0.0077         1
    1.7750    1.1974    0.0078         1
    1.7800    1.2100    0.0072         1
    1.7850    1.1930    0.0072         1
    1.7900    1.2062    0.0079         1
    1.7950    1.2121    0.0075         1
    1.8000    1.1970    0.0076         1
    1.8050    1.1851    0.0078         1
    1.8100    1.2170    0.0074         1
    1.8150    1.2033    0.0078         1
    1.8200    1.2075    0.0077         1
    1.8250    1.1967    0.0080         1
    1.8300    1.2128    0.0079         1
    1.8350    1.1550    0.0073         1
    1.8400    1.1664    0.0094         1
    1.8450    1.1646    0.0094         1
    1.8500    1.2221    0.0089         1
    1.8550   -1.0000   -1.0000         0
    1.8600    1.2075    0.0091         1
    1.8650   -1.0000   -1.0000         0
    1.8700    1.1506    0.0083         1
    1.8750    1.2017    0.0092         1
    1.8800    1.2189    0.0090         1
    1.8850    1.1838    0.0082         1
    1.8900    1.1986    0.0078         1
    1.8950   -1.0000   -1.0000         0
    1.9000    1.1783    0.0082         1
    1.9050   -1.0000   -1.0000         0
    1.9100    1.1860    0.0102         1
    1.9150   -1.0000   -1.0000         0
    1.9200   -1.0000   -1.0000         0
    1.9250    1.1426    0.0090         1
    1.9300    1.1429    0.0093         1
    1.9350   -1.0000   -1.0000         0
    1.9400   -1.0000   -1.0000         0
    1.9450    1.1817    0.0080         1
    1.9500    1.1976    0.0078         1
    1.9550    1.1653    0.0074         1
    1.9600    1.1722    0.0076         1
    1.9650    1.2134    0.0080         1
    1.9700    1.1873    0.0078         1
    1.9750    1.1818    0.0076         1
    1.9800    1.2057    0.0075         1
    1.9850    1.1773    0.0074         1
    1.9900    1.2091    0.0075         1
    1.9950    1.2087    0.0078         1
    2.0000    1.1574    0.0076         1
    2.0050   -1.0000   -1.0000         0
    2.0100   -1.0000   -1.0000         0
    2.0150   -1.0000   -1.0000         0
    2.0200    1.1879    0.0084         1
    2.0250    1.1993    0.0082         1
    2.0300    1.1888    0.0080         1
    2.0350    1.1947    0.0085         1
    2.0400    1.2048    0.0081         1
    2.0450    1.2372    0.0082         1
    2.0500    1.2035    0.0078         1
    2.0550    1.1851    0.0078         1
    2.0600    1.2226    0.0077         1
    2.0650    1.1988    0.0078         1
    2.0700    1.2066    0.0079         1
    2.0750    1.2167    0.0079         1
    2.0800    1.2081    0.0081         1
    2.0850    1.2038    0.0080         1
    2.0900    1.2196    0.0078         1
    2.0950    1.2306    0.0080         1
    2.1000    1.2565    0.0075         1
    2.1050    1.2230    0.0081         1
    2.1100    1.2328    0.0082         1
    2.1150    1.2548    0.0079         1
    2.1200    1.2456    0.0082         1
    2.1250    1.2356    0.0080         1
    2.1300    1.2368    0.0081         1
    2.1350    1.2340    0.0079         1
    2.1400    1.2624    0.0084         1
    2.1450   -1.0000   -1.0000         0
    2.1500    1.2613    0.0082         1
    2.1550    1.2209    0.0084         1
    2.1600    1.2664    0.0079         1
    2.1650   -1.0000   -1.0000         0
    2.1700    1.2729    0.0082         1
    2.1750    1.2512    0.0080         1
    2.1800    1.2341    0.0079         1
    2.1850    1.2696    0.0078         1
    2.1900    1.2657    0.0079         1
    2.1950    1.2539    0.0082         1
    2.2000    1.2541    0.0079         1
    2.2050    1.2409    0.0085         1
    2.2100    1.2817    0.0079         1
    2.2150    1.2558    0.0083         1
    2.2200    1.2440    0.0081         1
    2.2250    1.2535    0.0081         1
    2.2300    1.2187    0.0084         1
    2.2350    1.2280    0.0082         1
    2.2400    1.2526    0.0080         1
    2.2450    1.2359    0.0083         1
    2.2500    1.2606    0.0079         1
    2.2550    1.2241    0.0078         1
    2.2600    1.2317    0.0079         1
    2.2650    1.2537    0.0079         1
    2.2700    1.2568    0.0082         1
    2.2750    1.2519    0.0083         1
    2.2800    1.2985    0.0082         1
    2.2850    1.2921    0.0085         1
    2.2900    1.3056    0.0081         1
    2.2950    1.2698    0.0088         1
    2.3000    1.2408    0.0086         1
    2.3050    1.2452    0.0086         1
    2.3100    1.2755    0.0084         1
    2.3150    1.2603    0.0087         1
    2.3200    1.2376    0.0077         1
    2.3250   -1.0000   -1.0000         0
    2.3300   -1.0000   -1.0000         0
    2.3350   -1.0000   -1.0000         0
    2.3400    1.2554    0.0102         1
    2.3450    1.2903    0.0095         1
    2.3500    1.3132    0.0080         1