     0.820000      1.09923       1
     0.825000      1.09701       1
     0.830000      1.09013       1
     0.835000      1.08403       1
     0.840000      1.06971       1
     0.845000      1.05528       1
     0.850000      1.05472       1
     0.855000      1.04640       1
     0.860000      1.03741       1
     0.865000      1.02930       1
     0.870000      1.02486       1
     0.875000      1.01554       1
     0.880000      1.02031       1
     0.885000      1.00599       1
     0.890000      1.00388       1
     0.895000     0.995781       1
     0.900000     0.995670       1
     0.905000     0.993561       1
     0.910000     0.985458       1
     0.915000     0.983016       1
     0.920000     0.978798       1
     0.925000     0.971694       1
     0.930000     0.984348       1
     0.935000     0.985014       1
     0.940000     0.971805       1
     0.945000     0.964923       1
     0.950000     0.963702       1
     0.955000     0.967476       1
     0.960000     0.964590       1
     0.965000     0.963591       1
     0.970000     0.960150       1
     0.975000     0.963591       1
     0.980000     0.959373       1
     0.985000     0.960039       1
     0.990000     0.960483       1
     0.995000     0.959706       1
      1.00000     0.960483       1
      1.00500     0.961815       1
      1.01000     0.957708       1
      1.01500     0.960483       1
      1.02000     0.961926       1
      1.02500     0.965367       1
      1.03000     0.963591       1
      1.03500     0.967809       1
      1.04000     0.967476       1
      1.04500     0.967587       1
      1.05000     0.969696       1
      1.05500     0.970917       1
      1.06000     0.974025       1
      1.06500     0.977910       1
      1.07000     0.981462       1
      1.07500     0.987567       1
      1.08000     0.993117       1
      1.08500     0.996891       1
      1.09000      1.00233       1
      1.09500      1.00577       1
      1.10000      1.01254       1
      1.10500      1.02253       1
      1.11000      1.02231       1
      1.11500      1.04684       1
      1.12000      1.03430       1
      1.13000      1.04062       1
      1.13500      1.04518       1
      1.14000      1.04540       1
      1.14500      1.07315       1
      1.15000      1.07548       1
      1.15500      1.06105       1
      1.16000      1.06882       1
      1.16500      1.07792       1
      1.17000      1.07492       1
      1.17500      1.07737       1
      1.18000      1.08325       1
      1.18500      1.08414       1
      1.19000      1.08614       1
      1.19500      1.08969       1
      1.20000      1.09291       1
      1.20500      1.09790       1
      1.21000      1.09657       1
      1.21500      1.09979       1
      1.22000      1.09846       1
      1.22500      1.10068       1
      1.23000      1.10278       1
      1.23500      1.10822       1
      1.24000      1.11222       1
      1.24500      1.10967       1
      1.25000      1.11411       1
      1.25500      1.10822       1
      1.26000      1.11222       1
      1.26500      1.11555       1
      1.27000      1.11821       1
      1.27500      1.12332       1
      1.28000      1.12621       1
      1.28500      1.12110       1
      1.29000      1.12221       1
      1.29500      1.12854       1
      1.30000      1.13209       1
      1.30500      1.13142       1
      1.31000      1.13553       1
      1.31500      1.13875       1
      1.32000      1.14452       1
      1.32500      1.14275       1
      1.33000      1.16861       1
      1.35000      1.15695       1
      1.36500      1.14530       1
      1.37000      1.14830       1
      1.38000      1.13398       1
      1.39500      1.18304       1
      1.40000      1.16716       1
      1.41500      1.22144       1
      1.42000      1.21356       1
      1.42500      1.19913       1
      1.43000      1.20646       1
      1.43500      1.21767       1
      1.45000      1.23199       1
      1.45500      1.22244       1
      1.46000      1.23021       1
      1.46500      1.21800       1
      1.47000      1.23377       1
      1.47500      1.23643       1
      1.48000      1.24331       1
      1.48500      1.24464       1
      1.49000      1.24220       1
      1.49500      1.24786       1
      1.50000      1.24586       1
      1.50500      1.25308       1
      1.51000      1.24697       1
      1.51500      1.24708       1
      1.52000      1.25663       1
      1.52500      1.25763       1
      1.53000      1.25885       1
      1.53500      1.26052       1
      1.54000      1.25896       1
      1.54500      1.26296       1
      1.55000      1.26829       1
      1.55500      1.27028       1
      1.56000      1.26573       1
      1.56500      1.26052       1
      1.57000      1.26152       1
      1.57500      1.26118       1
      1.58000      1.26795       1
      1.58500      1.26462       1
      1.59000      1.26529       1
      1.59500      1.26795       1
      1.60000      1.27150       1
      1.60500      1.27073       1
      1.61000      1.25630       1
      1.61500      1.25585       1
      1.62000      1.26740       1
      1.62500      1.26207       1
      1.63000      1.26129       1
      1.63500      1.27006       1
      1.64000      1.26418       1
      1.64500      1.25774       1
      1.65000      1.26407       1
      1.65500      1.26107       1
      1.66000      1.25830       1
      1.66500      1.25519       1
      1.67000      1.25352       1
      1.67500      1.25330       1
      1.68000      1.25064       1
      1.68500      1.25075       1
      1.69000      1.24775       1
      1.69500      1.24031       1
      1.70000      1.24242       1
      1.70500      1.24131       1
      1.71000      1.24808       1
      1.71500      1.24420       1
      1.72000      1.24165       1
      1.72500      1.23743       1
      1.73000      1.23687       1
      1.73500      1.23388       1
      1.74000      1.23487       1
      1.74500      1.23809       1
      1.75000      1.23365       1
      1.75500      1.22799       1
      1.76000      1.22988       1
      1.76500      1.22799       1
      1.77000      1.22378       1
      1.77500      1.22500       1
      1.78000      1.23143       1
      1.78500      1.22289       1
      1.79000      1.22422       1
      1.79500      1.21789       1
      1.80000      1.21012       1
      1.80500      1.21157       1
      1.81000      1.24431       1
      1.81500      1.22699       1
      1.82000      1.21745       1
      1.82500      1.22444       1
      1.83000      1.23976       1
      1.83500      1.22955       1
      1.84000      1.22111       1
      1.84500      1.18826       1
      1.85000      1.21523       1
      1.85500      1.20435       1
      1.86500      1.19258       1
      1.87500      1.20058       1
      1.88500      1.19425       1
      1.89000      1.20335       1
      1.90000      1.22444       1
      1.91000      1.18681       1
      1.91500      1.21345       1
      1.92000      1.20146       1
      1.92500      1.19347       1
      1.93000      1.18148       1
      1.93500      1.18637       1
      1.94000      1.18093       1
      1.94500      1.18137       1
      1.95000      1.19492       1
      1.95500      1.20668       1
      1.96000      1.22744       1
      1.96500      1.18559       1
      1.97000      1.17638       1
      1.97500      1.19358       1
      1.98000      1.19625       1
      1.98500      1.20391       1
      1.99000      1.22711       1
      2.00500      1.21545       1
      2.01000      1.19358       1
      2.02000      1.18459       1
      2.02500      1.19203       1
      2.03000      1.18104       1
      2.03500      1.19014       1
      2.04000      1.22488       1
      2.04500      1.16639       1
      2.05000      1.17194       1
      2.05500      1.16805       1
      2.06000      1.19225       1
      2.06500      1.20491       1
      2.07000      1.20180       1
      2.07500      1.19469       1
      2.08000      1.19636       1
      2.08500      1.20080       1
      2.09000      1.19725       1
      2.09500      1.20224       1
      2.10000      1.20224       1
      2.10500      1.20524       1
      2.11000      1.20324       1
      2.11500      1.20246       1
      2.12000      1.20712       1
      2.12500      1.20557       1
      2.13000      1.20324       1
      2.13500      1.20657       1
      2.14000      1.20957       1
      2.14500      1.20724       1
      2.15000      1.20724       1
      2.15500      1.19691       1
      2.16000      1.20213       1
      2.16500      1.21034       1
      2.17000      1.21090       1
      2.17500      1.20801       1
      2.18000      1.21589       1
      2.18500      1.21612       1
      2.19000      1.20801       1
      2.19500      1.21068       1
      2.20000      1.21445       1
      2.20500      1.22078       1
      2.21000      1.22244       1
      2.21500      1.22111       1
      2.22000      1.22466       1
      2.22500      1.22155       1
      2.23000      1.21756       1
      2.23500      1.22178       1
      2.24000      1.22733       1
      2.24500      1.22267       1
      2.25000      1.22033       1
      2.25500      1.22511       1
      2.26000      1.23266       1
      2.26500      1.23732       1
      2.27000      1.23032       1
      2.27500      1.23243       1
      2.28000      1.23343       1
      2.28500      1.23299       1
      2.29000      1.23232       1
      2.29500      1.23454       1
      2.30000      1.23044       1
      2.30500      1.22699       1
      2.31000      1.22411       1
      2.31500      1.22822       1
      2.32000      1.24931       1
      2.32500      1.23332       1
      2.33000      1.23465       1
      2.33500      1.24720       1
      2.34000      1.24320       1
      2.34500      1.23787       1
      2.35000      1.23632       1
      2.35500      1.23732       1
      2.36000      1.21223       1
      2.36500      1.23787       1
      2.37000      1.24653       1
      2.37500      1.24520       1
      2.38000      1.23599       1
      2.38500      1.25119       1
      2.39000      1.25097       1
      2.39500      1.23843       1
      2.40000      1.24298       1
      2.40500      1.24986       1
      2.41000      1.24609       1
      2.41500      1.25030       1
      2.42500      1.25541       1
      2.43000      1.24686       1
      2.44000      1.25308       1
      2.44500      1.22444       1
      2.45500      1.24875       1
      2.46000      1.24575       1
      2.46500      1.24364       1
      2.47000      1.24253       1
      2.47500      1.23499       1