    0.6500   -1.0000   -1.0000         0
    0.6550   -1.0000   -1.0000         0
    0.6600   -1.0000   -1.0000         0
    0.6650   -1.0000   -1.0000         0
    0.6700   -1.0000   -1.0000         0
    0.6750   -1.0000   -1.0000         0
    0.6800   -1.0000   -1.0000         0
    0.6850   -1.0000   -1.0000         0
    0.6900   -1.0000   -1.0000         0
    0.6950   -1.0000   -1.0000         0
    0.7000   -1.0000   -1.0000         0
    0.7050   -1.0000   -1.0000         0
    0.7100   -1.0000   -1.0000         0
    0.7150   -1.0000   -1.0000         0
    0.7200   -1.0000   -1.0000         0
    0.7250   -1.0000   -1.0000         0
    0.7300   -1.0000   -1.0000         0
    0.7350   -1.0000   -1.0000         0
    0.7400   -1.0000   -1.0000         0
    0.7450   -1.0000   -1.0000         0
    0.7500   -1.0000   -1.0000         0
    0.7550   -1.0000   -1.0000         0
    0.7600   -1.0000   -1.0000         0
    0.7650    1.0413    0.0491         4
    0.7700    1.1077    0.0465         4
    0.7750    1.0277    0.0494         4
    0.7800    1.0760    0.0457         4
    0.7850   -1.0000   -1.0000         0
    0.7900    1.0250    0.0418         4
    0.7950    1.0585    0.0426         4
    0.8000    1.0746    0.0444         4
    0.8050    1.0298    0.0438         4
    0.8100    1.0327    0.0426         4
    0.8150    1.0710    0.0395         4
    0.8200    1.0366    0.0471         1
    0.8250   -1.0000   -1.0000         0
    0.8300    1.0160    0.0438         3
    0.8350    1.0360    0.0400         4
    0.8400    1.0067    0.0386         4
    0.8450    1.0272    0.0381         4
    0.8500    1.0687    0.0406         4
    0.8550    1.0475    0.0403         4
    0.8600    1.0108    0.0356         4
    0.8650    0.9896    0.0375         4
    0.8700    0.9940    0.0376         4
    0.8750    0.9666    0.0370         4
    0.8800    0.9440    0.0353         4
    0.8850    0.9764    0.0357         4
    0.8900    0.9543    0.0351         4
    0.8950    0.9250    0.0355         4
    0.9000    0.9236    0.0343         4
    0.9050    0.9172    0.0332         4
    0.9100    0.9263    0.0302         4
    0.9150    0.9374    0.0328         4
    0.9200    0.9177    0.0298         4
    0.9250    0.9282    0.0315         4
    0.9300    0.9515    0.0313         4
    0.9350    0.9094    0.0350         4
    0.9400    0.8986    0.0314         4
    0.9450    0.9255    0.0331         4
    0.9500    0.9330    0.0312         4
    0.9550    0.9560    0.0292         4
    0.9600    0.9481    0.0307         4
    0.9650    0.9264    0.0293         4
    0.9700    0.9755    0.0321         4
    0.9750    1.0045    0.0287         4
    0.9800    1.0098    0.0301         4
    0.9850    0.9977    0.0274         4
    0.9900    0.9602    0.0277         4
    0.9950    0.9931    0.0307         4
    1.0000    0.9993    0.0300         4
    1.0050    0.9692    0.0293         4
    1.0100    0.9754    0.0335         4
    1.0150    0.9912    0.0304         4
    1.0200    1.0205    0.0301         4
    1.0250    1.0282    0.0313         4
    1.0300    1.0459    0.0281         4
    1.0350    1.0391    0.0318         4
    1.0400    1.0104    0.0283         4
    1.0450    0.9858    0.0310         4
    1.0500    0.9851    0.0282         4
    1.0550    0.9728    0.0296         4
    1.0600    0.9602    0.0279         4
    1.0650    0.9756    0.0275         4
    1.0700    0.9867    0.0285         4
    1.0750    0.9862    0.0332         4
    1.0800    0.9901    0.0332         4
    1.0850    0.9751    0.0325         4
    1.0900    0.9815    0.0320         4
    1.0950    0.9858    0.0309         4
    1.1000    0.9865    0.0316         4
    1.1050    1.0259    0.0316         4
    1.1100    1.0593    0.0335         4
    1.1150    1.0639    0.0335         4
    1.1200    1.0471    0.0335         4
    1.1250    1.0585    0.0368         4
    1.1300    1.0089    0.0377         4
    1.1350    1.0092    0.0336         4
    1.1400    1.0419    0.0348         4
    1.1450    1.0418    0.0324         4
    1.1500    1.0195    0.0366         4
    1.1550    1.0196    0.0329         4
    1.1600    1.0603    0.0332         4
    1.1650    1.0842    0.0349         4
    1.1700    1.0682    0.0330         4
    1.1750    1.0568    0.0297         4
    1.1800    1.0572    0.0303         4
    1.1850    1.0498    0.0293         4
    1.1900    1.0317    0.0321         4
    1.1950    1.0235    0.0333         4
    1.2000    1.0555    0.0336         4
    1.2050    1.0945    0.0344         4
    1.2100    1.0729    0.0356         4
    1.2150    1.0226    0.0365         4
    1.2200    1.0421    0.0328         4
    1.2250    1.0519    0.0351         4
    1.2300    1.0320    0.0328         4
    1.2350    1.0251    0.0331         4
    1.2400    1.0400    0.0343         4
    1.2450    1.0490    0.0332         4
    1.2500    0.9893    0.0319         3
    1.2550    0.9697    0.0367         4
    1.2600    0.9943    0.0383         4
    1.2650    1.0024    0.0354         4
    1.2700    1.0135    0.0374         4
    1.2750    1.0262    0.0354         4
    1.2800    1.0578    0.0327         4
    1.2850    1.0658    0.0381         4
    1.2900    1.0307    0.0364         4
    1.2950    1.0402    0.0337         4
    1.3000    1.0732    0.0352         4
    1.3050    1.1056    0.0340         4
    1.3100    1.1159    0.0367         4
    1.3150    1.1067    0.0359         4
    1.3200    1.0718    0.0364         4
    1.3250    1.0298    0.0359         4
    1.3300    1.0418    0.0359         4
    1.3350    1.0638    0.0350         4
    1.3400    1.0666    0.0406         4
    1.3450    1.0620    0.0438         4
    1.3500    1.0504    0.0530         4
    1.3550    1.0199    0.0647         4
    1.3600    1.1021    0.0872         2
    1.3650    0.9955    0.0649         4
    1.3700    1.0401    0.0661         1
    1.3750    1.1035    0.0629         3
    1.3800    1.0707    0.0647         4
    1.3850    1.1444    0.0620         4
    1.3900    1.1148    0.0634         4
    1.3950    1.1271    0.0584         4
    1.4000    1.0345    0.0566         4
    1.4050    1.0526    0.0520         4
    1.4100    1.0339    0.0559         4
    1.4150    1.0299    0.0491         1
    1.4200    1.0448    0.0439         3
    1.4250    1.0660    0.0481         4
    1.4300    1.0870    0.0457         4
    1.4350    1.0784    0.0447         4
    1.4400    1.1126    0.0448         4
    1.4450    1.0863    0.0410         4
    1.4500    1.0735    0.0391         4
    1.4550    1.1582    0.0440         4
    1.4600    1.1828    0.0451         1
    1.4650   -1.0000   -1.0000         0
    1.4700    1.2151    0.0461         3
    1.4750    1.2068    0.0445         4
    1.4800    1.1326    0.0414         4
    1.4850    1.1247    0.0440         1
    1.4900    1.1078    0.0375         3
    1.4950    1.0733    0.0371         4
    1.5000    1.0103    0.0403         2
    1.5050    1.0872    0.0393         4
    1.5100    1.2036    0.0407         4
    1.5150    1.2015    0.0363         4
    1.5200    1.0894    0.0425         4
    1.5250    1.0740    0.0359         4
    1.5300    1.1517    0.0372         4
    1.5350    1.0526    0.0389         4
    1.5400    1.0437    0.0389         4
    1.5450    1.1369    0.0375         4
    1.5500    1.0710    0.0420         4
    1.5550    1.0743    0.0366         4
    1.5600    1.1829    0.0403         4
    1.5650    1.1405    0.0429         4
    1.5700    1.0485    0.0427         4
    1.5750    1.0710    0.0426         4
    1.5800    1.0803    0.0376         4
    1.5850    1.1051    0.0367         4
    1.5900   -1.0000   -1.0000         0
    1.5950   -1.0000   -1.0000         0
    1.6000    1.1344    0.0460         4
    1.6050    1.0095    0.0383         4
    1.6100    0.9979    0.0369         4
    1.6150    1.0331    0.0425         4
    1.6200    1.0537    0.0386         4
    1.6250    0.9684    0.0435         4
    1.6300    0.9180    0.0380         4
    1.6350    1.0907    0.0394         4
    1.6400   -1.0000   -1.0000         0
    1.6450    1.0338    0.0434         4
    1.6500    1.0069    0.0406         4
    1.6550    1.0195    0.0413         4
    1.6600    0.9716    0.0406         4
    1.6650    0.9484    0.0414         4
    1.6700    0.9428    0.0407         4
    1.6750    0.9486    0.0437         4
    1.6800    0.9813    0.0421         4
    1.6850    0.9752    0.0412         4
    1.6900   -1.0000   -1.0000         0
    1.6950   -1.0000   -1.0000         0
    1.7000   -1.0000   -1.0000         0
    1.7050   -1.0000   -1.0000         0
    1.7100    0.9369    0.0390         4
    1.7150    1.1195    0.0442         4
    1.7200    1.1319    0.0494         4
    1.7250    1.0378    0.0451         4
    1.7300    1.0443    0.0462         4
    1.7350    1.0536    0.0442         4
    1.7400    0.9845    0.0490         4
    1.7450    1.1004    0.0479         4
    1.7500    1.1630    0.0492         4
    1.7550    1.0808    0.0511         4
    1.7600    0.9567    0.0456         4
    1.7650    1.0588    0.0478         4
    1.7700    1.0408    0.0492         4
    1.7750    0.9039    0.0467         4
    1.7800    0.8969    0.0459         4
    1.7850    1.0062    0.0492         4
    1.7900    1.1325    0.0570         4
    1.7950    1.2113    0.0484         3
    1.8000   -1.0000   -1.0000         0
    1.8050    1.1693    0.0667         4
    1.8100    1.0534    0.0634         4
    1.8150    1.0795    0.0716         4
    1.8200    0.9932    0.0791         4
    1.8250    0.9246    0.0719         4
    1.8300    0.9213    0.0914         4
    1.8350    0.8656    0.0976         4
    1.8400    0.7599    0.0837         2
    1.8450   -1.0000   -1.0000         0
    1.8500    1.0466    0.1422         1
    1.8550    0.8091    0.0901         4
    1.8600    0.9196    0.0925         4
    1.8650    1.0654    0.1123         4
    1.8700    1.0261    0.1254         4
    1.8750    0.8384    0.1264         4
    1.8800    0.9059    0.0967         4
    1.8850    1.0073    0.0820         4
    1.8900    0.9816    0.0901         4
    1.8950    1.0512    0.0839         4
    1.9000    1.0875    0.1042         4
    1.9050    0.8666    0.1055         4
    1.9100    0.9777    0.0897         4
    1.9150    1.1508    0.1068         4
    1.9200    0.8488    0.0870         4
    1.9250    0.9891    0.0780         4
    1.9300    1.0921    0.0828         4
    1.9350    0.9032    0.0741         4
    1.9400    0.9153    0.0816         4
    1.9450    0.9417    0.0773         4
    1.9500    1.0331    0.0823         4
    1.9550    1.0408    0.0910         4
    1.9600    1.0169    0.0814         4
    1.9650    0.9255    0.0829         4
    1.9700    0.8657    0.0664         4
    1.9750    0.8369    0.0650         4
    1.9800    0.8823    0.0590         4
    1.9850    0.9791    0.0586         4
    1.9900    0.9788    0.0765         4
    1.9950    1.1214    0.0744         4
    2.0000    1.0520    0.1114         4
    2.0050    0.7785    0.1158         4
    2.0100    0.7581    0.1081         4
    2.0150    0.8358    0.0966         4
    2.0200    1.1055    0.0796         4
    2.0250    1.0039    0.0781         4
    2.0300    0.8807    0.0676         4
    2.0350    0.9843    0.0669         4
    2.0400    1.1214    0.0721         4
    2.0450    0.9514    0.0700         3
    2.0500    0.7300    0.0826         2
    2.0550    0.8743    0.0712         4
    2.0600    0.8838    0.0809         4
    2.0650    0.9302    0.0731         4
    2.0700    1.0067    0.0841         4
    2.0750    1.1288    0.0769         4
    2.0800    1.0200    0.0848         4
    2.0850    0.9007    0.0703         4
    2.0900    1.0733    0.0734         4
    2.0950    1.0769    0.0723         4
    2.1000    1.0939    0.0711         4
    2.1050    1.0834    0.0755         4
    2.1100    1.1171    0.0777         4
    2.1150    1.1540    0.0723         3
    2.1200   -1.0000   -1.0000         0
    2.1250    1.0546    0.0820         4
    2.1300    0.9466    0.0737         4
    2.1350    0.9649    0.0717         4
    2.1400    0.9898    0.0690         4
    2.1450    1.0973    0.0759         4
    2.1500    0.9180    0.0790         4
    2.1550    0.8651    0.0723         4
    2.1600    0.9781    0.0779         4
    2.1650    0.9383    0.0821         4
    2.1700    1.0213    0.0785         4
    2.1750    0.9989    0.0824         4
    2.1800    0.8690    0.0744         4
    2.1850    1.0764    0.0725         4
    2.1900    1.1326    0.0918         4
    2.1950    0.9921    0.0810         4
    2.2000    0.9227    0.0860         4
    2.2050    1.0331    0.0760         4
    2.2100    0.9869    0.0867         4
    2.2150    1.0010    0.0958         2
    2.2200    0.9791    0.0791         4
    2.2250    1.0636    0.0872         4
    2.2300    1.1345    0.0875         4
    2.2350    1.1078    0.0852         4
    2.2400    0.8517    0.0880         4
    2.2450    0.9717    0.0872         4
    2.2500    1.1247    0.0879         4
    2.2550    0.8633    0.0773         3
    2.2600    1.2409    0.1116         1
    2.2650    0.9803    0.0853         4
    2.2700    1.0437    0.0977         4
    2.2750    1.0037    0.0943         4
    2.2800    1.1414    0.0914         4
    2.2850    0.9507    0.1045         4
    2.2900    0.8510    0.0811         4
    2.2950    1.0383    0.0957         4
    2.3000    1.0778    0.0945         4
    2.3050    1.1447    0.0692         2
    2.3100    1.3025    0.1562         1
    2.3150    1.0245    0.0967         4
    2.3200    1.1131    0.0958         4
    2.3250    0.9619    0.1117         4
    2.3300    0.8295    0.0839         4
    2.3350    0.8622    0.0935         4
    2.3400    0.7849    0.0954         4
    2.3450    0.7742    0.1042         4
    2.3500    0.8126    0.0922         4
    2.3550    0.8582    0.1069         4
    2.3600    0.8269    0.1083         4
    2.3650    0.9235    0.1181         4
    2.3700    0.8135    0.1061         4
    2.3750    0.7993    0.0888         3
    2.3800   -1.0000   -1.0000         0
    2.3850    1.3326    0.1540         1
    2.3900    1.0052    0.0933         3
    2.3950    1.3129    0.1496         1
    2.4000    0.9825    0.1005         3
    2.4050   -1.0000   -1.0000         0
    2.4100    1.0004    0.1485         1
    2.4150    0.7990    0.1102         4
    2.4200    0.9168    0.0825         3
    2.4250   -1.0000   -1.0000         0
    2.4300   -1.0000   -1.0000         0
    2.4350    1.1365    0.1379         2
    2.4400    1.0176    0.1218         4
    2.4450    1.1201    0.1128         4
    2.4500    0.8978    0.1040         3
    2.4550    1.3687    0.1338         1
    2.4600    1.0920    0.1199         4
    2.4650    1.2346    0.1356         4
    2.4700    1.3765    0.1369         4
    2.4750   -1.0000   -1.0000         0
    2.4800   -1.0000   -1.0000         0
    2.4850   -1.0000   -1.0000         0
    2.4900   -1.0000   -1.0000         0
