    0.6800   -1.0000   -1.0000         0
    0.6850   -1.0000   -1.0000         0
    0.6900   -1.0000   -1.0000         0
    0.6950   -1.0000   -1.0000         0
    0.7000   -1.0000   -1.0000         0
    0.7050   -1.0000   -1.0000         0
    0.7100   -1.0000   -1.0000         0
    0.7150   -1.0000   -1.0000         0
    0.7200   -1.0000   -1.0000         0
    0.7250   -1.0000   -1.0000         0
    0.7300   -1.0000   -1.0000         0
    0.7350   -1.0000   -1.0000         0
    0.7400   -1.0000   -1.0000         0
    0.7450   -1.0000   -1.0000         0
    0.7500   -1.0000   -1.0000         0
    0.7550   -1.0000   -1.0000         0
    0.7600   -1.0000   -1.0000         0
    0.7650   -1.0000   -1.0000         0
    0.7700   -1.0000   -1.0000         0
    0.7750   -1.0000   -1.0000         0
    0.7800    1.0874    0.0174         1
    0.7850    1.1061    0.0146         1
    0.7900    1.0697    0.0146         1
    0.7950    1.0932    0.0134         1
    0.8000    1.0665    0.0133         1
    0.8050    1.0546    0.0129         1
    0.8100    1.0324    0.0129         1
    0.8150    1.0094    0.0128         1
    0.8200    1.0155    0.0136         1
    0.8250    1.0126    0.0135         1
    0.8300    1.0206    0.0130         1
    0.8350    1.0118    0.0118         1
    0.8400    0.9981    0.0134         1
    0.8450    1.0023    0.0110         1
    0.8500    1.0060    0.0110         1
    0.8550    0.9976    0.0108         1
    0.8600    0.9769    0.0104         1
    0.8650    0.9820    0.0098         1
    0.8700    0.9951    0.0103         1
    0.8750    0.9857    0.0103         1
    0.8800    0.9597    0.0103         1
    0.8850    0.9647    0.0097         1
    0.8900    0.9760    0.0100         1
    0.8950    0.9646    0.0101         1
    0.9000    0.9724    0.0101         1
    0.9050    0.9664    0.0099         1
    0.9100    0.9596    0.0095         1
    0.9150    0.9603    0.0099         1
    0.9200    0.9494    0.0096         1
    0.9250    0.9421    0.0096         1
    0.9300    0.9467    0.0086         1
    0.9350    0.9573    0.0089         1
    0.9400    0.9549    0.0086         1
    0.9450    0.9456    0.0082         1
    0.9500    0.9517    0.0088         1
    0.9550    0.9623    0.0084         1
    0.9600    0.9524    0.0086         1
    0.9650    0.9555    0.0089         1
    0.9700    0.9684    0.0087         1
    0.9750    0.9712    0.0096         1
    0.9800    0.9659    0.0096         1
    0.9850    0.9720    0.0098         1
    0.9900    0.9778    0.0097         1
    0.9950    0.9825    0.0103         1
    1.0000    0.9838    0.0100         1
    1.0050    0.9875    0.0100         1
    1.0100    0.9938    0.0097         1
    1.0150    0.9888    0.0105         1
    1.0200    0.9939    0.0107         1
    1.0250    1.0098    0.0108         1
    1.0300    1.0047    0.0104         1
    1.0350    0.9906    0.0108         1
    1.0400    0.9922    0.0102         1
    1.0450    1.0059    0.0098         1
    1.0500    1.0053    0.0106         1
    1.0550    1.0012    0.0106         1
    1.0600    0.9978    0.0106         1
    1.0650    1.0052    0.0108         1
    1.0700    1.0008    0.0109         1
    1.0750    0.9981    0.0105         1
    1.0800    1.0135    0.0113         1
    1.0850    1.0095    0.0112         1
    1.0900    1.0191    0.0111         1
    1.0950    1.0199    0.0110         1
    1.1000    1.0203    0.0107         1
    1.1050    1.0240    0.0109         1
    1.1100    1.0224    0.0110         1
    1.1150    1.0428    0.0103         1
    1.1200    1.0292    0.0098         1
    1.1250    1.0509    0.0092         1
    1.1300    1.0596    0.0101         1
    1.1350    1.0609    0.0085         1
    1.1400    1.0501    0.0111         1
    1.1450    1.0590    0.0111         1
    1.1500    1.0357    0.0124         1
    1.1550    1.0385    0.0115         1
    1.1600    1.0467    0.0121         1
    1.1650    1.0519    0.0113         1
    1.1700    1.0609    0.0109         1
    1.1750    1.0720    0.0109         1
    1.1800    1.0658    0.0114         1
    1.1850    1.0681    0.0114         1
    1.1900    1.0670    0.0112         1
    1.1950    1.0750    0.0118         1
    1.2000    1.0815    0.0124         1
    1.2050    1.0722    0.0115         1
    1.2100    1.0644    0.0125         1
    1.2150    1.0592    0.0120         1
    1.2200    1.0675    0.0112         1
    1.2250    1.0842    0.0119         1
    1.2300    1.0821    0.0119         1
    1.2350    1.0716    0.0119         1
    1.2400    1.0898    0.0122         1
    1.2450    1.0809    0.0125         1
    1.2500    1.0737    0.0119         1
    1.2550    1.0716    0.0119         1
    1.2600    1.0839    0.0126         1
    1.2650    1.0710    0.0130         1
    1.2700    1.0774    0.0128         1
    1.2750    1.0857    0.0126         1
    1.2800    1.0917    0.0116         1
    1.2850    1.0816    0.0127         1
    1.2900    1.0958    0.0127         1
    1.2950    1.1142    0.0118         1
    1.3000    1.1171    0.0126         1
    1.3050    1.1202    0.0125         1
    1.3100    1.1121    0.0124         1
    1.3150    1.1115    0.0123         1
    1.3200    1.1061    0.0119         1
    1.3250    1.1070    0.0121         1
    1.3300    1.1236    0.0115         1
    1.3350    1.1081    0.0113         1
    1.3400    1.1100    0.0120         1
    1.3450    1.1074    0.0124         1
    1.3500    1.1338    0.0142         1
    1.3550   -1.0000   -1.0000         0
    1.3600   -1.0000   -1.0000         0
    1.3650   -1.0000   -1.0000         0
    1.3700   -1.0000   -1.0000         0
    1.3750    1.1077    0.0081         1
    1.3800    1.1429    0.0057         1
    1.3850   -1.0000   -1.0000         0
    1.3900    1.1264    0.0090         1
    1.3950    1.1558    0.0094         1
    1.4000    1.1150    0.0099         1
    1.4050    1.1310    0.0117         1
    1.4100    1.1548    0.0120         1
    1.4150    1.1215    0.0111         1
    1.4200   -1.0000   -1.0000         0
    1.4250   -1.0000   -1.0000         0
    1.4300    1.1341    0.0104         1
    1.4350    1.1519    0.0098         1
    1.4400    1.1295    0.0110         1
    1.4450    1.1436    0.0119         1
    1.4500   -1.0000   -1.0000         0
    1.4550    1.1405    0.0127         1
    1.4600    1.1568    0.0116         1
    1.4650   -1.0000   -1.0000         0
    1.4700   -1.0000   -1.0000         0
    1.4750    1.1751    0.0125         1
    1.4800    1.1704    0.0127         1
    1.4850    1.1471    0.0130         1
    1.4900    1.1533    0.0147         1
    1.4950    1.1546    0.0144         1
    1.5000   -1.0000   -1.0000         0
    1.5050    1.1688    0.0139         1
    1.5100    1.1562    0.0139         1
    1.5150    1.1698    0.0138         1
    1.5200    1.1544    0.0142         1
    1.5250    1.1571    0.0149         1
    1.5300    1.1601    0.0142         1
    1.5350    1.1672    0.0143         1
    1.5400    1.2041    0.0140         1
    1.5450    1.1635    0.0147         1
    1.5500    1.1613    0.0146         1
    1.5550    1.1634    0.0144         1
    1.5600    1.1567    0.0139         1
    1.5650    1.1479    0.0132         1
    1.5700    1.1522    0.0138         1
    1.5750    1.1423    0.0150         1
    1.5800    1.1544    0.0147         1
    1.5850    1.1666    0.0164         1
    1.5900    1.1488    0.0152         1
    1.5950    1.1365    0.0157         1
    1.6000    1.1407    0.0154         1
    1.6050    1.0984    0.0147         1
    1.6100    1.1330    0.0144         1
    1.6150    1.1326    0.0159         1
    1.6200    1.1315    0.0158         1
    1.6250    1.1347    0.0151         1
    1.6300    1.1478    0.0145         1
    1.6350    1.1590    0.0136         1
    1.6400    1.1350    0.0144         1
    1.6450    1.1285    0.0149         1
    1.6500    1.1173    0.0132         1
    1.6550    1.1360    0.0146         1
    1.6600    1.1170    0.0147         1
    1.6650    1.1236    0.0137         1
    1.6700    1.1129    0.0145         1
    1.6750    1.1310    0.0161         1
    1.6800    1.1254    0.0143         1
    1.6850    1.1284    0.0141         1
    1.6900    1.1217    0.0142         1
    1.6950    1.1134    0.0153         1
    1.7000    1.1277    0.0149         1
    1.7050    1.1045    0.0157         1
    1.7100    1.1015    0.0155         1
    1.7150    1.0969    0.0150         1
    1.7200    1.0898    0.0138         1
    1.7250    1.1017    0.0138         1
    1.7300    1.1091    0.0151         1
    1.7350    1.0946    0.0148         1
    1.7400    1.0851    0.0138         1
    1.7450    1.1084    0.0141         1
    1.7500    1.1025    0.0135         1
    1.7550    1.1018    0.0143         1
    1.7600    1.0791    0.0145         1
    1.7650    1.0957    0.0147         1
    1.7700    1.1007    0.0155         1
    1.7750    1.1099    0.0153         1
    1.7800    1.1083    0.0134         1
    1.7850    1.0958    0.0148         1
    1.7900    1.1076    0.0157         1
    1.7950    1.0628    0.0182         1
    1.8000    1.0597    0.0172         1
    1.8050    1.0417    0.0175         1
    1.8100    1.0680    0.0172         1
    1.8150    1.0967    0.0137         1
    1.8200    1.0414    0.0126         1
    1.8250    1.0450    0.0119         1
    1.8300    1.1332    0.0140         1
    1.8350   -1.0000   -1.0000         0
    1.8400   -1.0000   -1.0000         0
    1.8450   -1.0000   -1.0000         0
    1.8500    1.1622    0.0165         1
    1.8550    1.1247    0.0127         1
    1.8600   -1.0000   -1.0000         0
    1.8650   -1.0000   -1.0000         0
    1.8700    1.0272    0.0214         1
    1.8750   -1.0000   -1.0000         0
    1.8800    1.1040    0.0156         1
    1.8850   -1.0000   -1.0000         0
    1.8900    1.0802    0.0110         1
    1.8950   -1.0000   -1.0000         0
    1.9000    1.0830    0.0119         1
    1.9050    0.9916    0.0164         1
    1.9100    1.1190    0.0183         1
    1.9150   -1.0000   -1.0000         0
    1.9200    1.0879    0.0154         1
    1.9250    1.0581    0.0166         1
    1.9300    1.0620    0.0168         1
    1.9350    1.0646    0.0125         1
    1.9400    1.1175    0.0128         1
    1.9450    1.0714    0.0133         1
    1.9500    1.0371    0.0139         1
    1.9550    1.0069    0.0146         1
    1.9600    1.0238    0.0170         1
    1.9650    1.1018    0.0156         1
    1.9700    1.0837    0.0181         1
    1.9750    1.1135    0.0165         1
    1.9800    1.0748    0.0151         1
    1.9850    1.0764    0.0136         1
    1.9900    1.0348    0.0167         1
    1.9950    1.0708    0.0206         1
    2.0000    1.0578    0.0235         1
    2.0050   -1.0000   -1.0000         0
    2.0100    1.0193    0.0215         1
    2.0150    1.0233    0.0191         1
    2.0200    1.0528    0.0207         1
    2.0250    1.0712    0.0189         1
    2.0300    1.0774    0.0177         1
    2.0350    1.0754    0.0171         1
    2.0400    1.0759    0.0180         1
    2.0450    1.0746    0.0177         1
    2.0500    1.1193    0.0184         1
    2.0550    1.0776    0.0173         1
    2.0600    1.0558    0.0181         1
    2.0650    1.0983    0.0195         1
    2.0700    1.1034    0.0171         1
    2.0750    1.0763    0.0167         1
    2.0800    1.0704    0.0165         1
    2.0850    1.1315    0.0153         1
    2.0900    1.1075    0.0156         1
    2.0950    1.0883    0.0150         1
    2.1000    1.0935    0.0159         1
    2.1050    1.0799    0.0147         1
    2.1100    1.1093    0.0155         1
    2.1150    1.1067    0.0166         1
    2.1200    1.1422    0.0160         1
    2.1250    1.1018    0.0162         1
    2.1300    1.1135    0.0155         1
    2.1350    1.1214    0.0154         1
    2.1400    1.1565    0.0164         1
    2.1450    1.1207    0.0182         1
    2.1500    1.1462    0.0197         1
    2.1550    1.1510    0.0209         1
    2.1600    1.1421    0.0170         1
    2.1650    1.1122    0.0161         1
    2.1700    1.1061    0.0160         1
    2.1750    1.1410    0.0179         1
    2.1800    1.1435    0.0172         1
    2.1850    1.0876    0.0179         1
    2.1900    1.1076    0.0208         1
    2.1950    1.1289    0.0177         1
    2.2000    1.1177    0.0184         1
    2.2050    1.1409    0.0191         1
    2.2100    1.1219    0.0174         1
    2.2150    1.1364    0.0165         1
    2.2200    1.1138    0.0163         1
    2.2250    1.1255    0.0174         1
    2.2300    1.1275    0.0171         1
    2.2350    1.1625    0.0174         1
    2.2400    1.1185    0.0175         1
    2.2450    1.1402    0.0167         1
    2.2500    1.1361    0.0197         1
    2.2550    1.1607    0.0179         1
    2.2600    1.1280    0.0188         1
    2.2650    1.1540    0.0162         1
    2.2700    1.1215    0.0202         1
    2.2750    1.1357    0.0192         1
    2.2800    1.1789    0.0176         1
    2.2850    1.1823    0.0197         1
    2.2900    1.1932    0.0192         1
    2.2950    1.1641    0.0222         1
    2.3000    1.1822    0.0221         1
    2.3050    1.1359    0.0210         1
    2.3100    1.1387    0.0206         1
    2.3150    1.2018    0.0225         1
    2.3200    1.1985    0.0227         1
    2.3250    1.2399    0.0258         1
    2.3300    1.1844    0.0228         1
    2.3350    1.1922    0.0233         1
    2.3400    1.2110    0.0253         1
    2.3450    1.1621    0.0312         1
    2.3500    1.1868    0.0264         1