    0.6800   -1.0000   -1.0000         0
    0.6850   -1.0000   -1.0000         0
    0.6900   -1.0000   -1.0000         0
    0.6950   -1.1243    0.7082         1
    0.7000   -1.0000   -1.0000         0
    0.7050   -1.0000   -1.0000         0
    0.7100   -1.0000   -1.0000         0
    0.7150   -1.0000   -1.0000         0
    0.7200   -1.0000   -1.0000         0
    0.7250   -1.0000   -1.0000         0
    0.7300   -1.0000   -1.0000         0
    0.7350   -1.0000   -1.0000         0
    0.7400   -1.0000   -1.0000         0
    0.7450   -1.0000   -1.0000         0
    0.7500   -1.0000   -1.0000         0
    0.7550   -1.0000   -1.0000         0
    0.7600   -1.0000   -1.0000         0
    0.7650   -1.0000   -1.0000         0
    0.7700   -1.0000   -1.0000         0
    0.7750   -1.0000   -1.0000         0
    0.7800   -1.0000   -1.0000         0
    0.7850   -1.0000   -1.0000         0
    0.7900   -1.0000   -1.0000         0
    0.7950   -1.0000   -1.0000         0
    0.8000   -1.0000   -1.0000         0
    0.8050    1.0674    0.0121         1
    0.8100    1.0710    0.0120         1
    0.8150    1.0654    0.0116         1
    0.8200    1.0576    0.0107         1
    0.8250    1.0450    0.0107         1
    0.8300    1.0404    0.0114         1
    0.8350    1.0514    0.0115         1
    0.8400    1.0387    0.0106         1
    0.8450    1.0287    0.0109         1
    0.8500    1.0142    0.0111         1
    0.8550    0.9998    0.0115         1
    0.8600    0.9992    0.0105         1
    0.8650    0.9933    0.0106         1
    0.8700    0.9851    0.0106         1
    0.8750    0.9773    0.0105         1
    0.8800    0.9879    0.0104         1
    0.8850    0.9617    0.0102         1
    0.8900    0.9627    0.0102         1
    0.8950    0.9685    0.0104         1
    0.9000    0.9604    0.0099         1
    0.9050    0.9571    0.0104         1
    0.9100    0.9407    0.0098         1
    0.9150    0.9469    0.0099         1
    0.9200    0.9462    0.0099         1
    0.9250    0.9474    0.0100         1
    0.9300    0.9381    0.0095         1
    0.9350    0.9413    0.0099         1
    0.9400    0.9543    0.0095         1
    0.9450    0.9624    0.0100         1
    0.9500    0.9651    0.0097         1
    0.9550    0.9394    0.0098         1
    0.9600    0.9406    0.0097         1
    0.9650    0.9495    0.0098         1
    0.9700    0.9509    0.0097         1
    0.9750    0.9568    0.0103         1
    0.9800    0.9588    0.0100         1
    0.9850    0.9590    0.0102         1
    0.9900    0.9683    0.0103         1
    0.9950    0.9779    0.0103         1
    1.0000    0.9741    0.0100         1
    1.0050    0.9767    0.0097         1
    1.0100    0.9881    0.0104         1
    1.0150    0.9965    0.0104         1
    1.0200    0.9975    0.0103         1
    1.0250    0.9908    0.0108         1
    1.0300    0.9993    0.0101         1
    1.0350    0.9892    0.0101         1
    1.0400    0.9963    0.0103         1
    1.0450    0.9933    0.0102         1
    1.0500    1.0019    0.0104         1
    1.0550    1.0064    0.0102         1
    1.0600    1.0015    0.0104         1
    1.0650    1.0103    0.0104         1
    1.0700    1.0172    0.0105         1
    1.0750    1.0255    0.0104         1
    1.0800    1.0232    0.0103         1
    1.0850    1.0310    0.0108         1
    1.0900    1.0309    0.0113         1
    1.0950    1.0411    0.0117         1
    1.1000    1.0264    0.0119         1
    1.1050    1.0375    0.0112         1
    1.1100    1.0490    0.0120         1
    1.1150    1.0414    0.0114         1
    1.1200    1.0357    0.0109         1
    1.1250    1.0418    0.0106         1
    1.1300    1.0512    0.0106         1
    1.1350    1.0493    0.0107         1
    1.1400    1.0579    0.0106         1
    1.1450    1.0722    0.0104         1
    1.1500    1.0498    0.0109         1
    1.1550    1.0548    0.0108         1
    1.1600    1.0665    0.0107         1
    1.1650    1.0785    0.0112         1
    1.1700    1.0835    0.0108         1
    1.1750    1.0786    0.0106         1
    1.1800    1.0712    0.0104         1
    1.1850    1.0808    0.0112         1
    1.1900    1.0819    0.0109         1
    1.1950    1.0816    0.0110         1
    1.2000    1.0944    0.0120         1
    1.2050    1.0914    0.0106         1
    1.2100    1.0827    0.0111         1
    1.2150    1.0799    0.0111         1
    1.2200    1.0854    0.0118         1
    1.2250    1.0907    0.0118         1
    1.2300    1.0969    0.0113         1
    1.2350    1.1030    0.0122         1
    1.2400    1.1116    0.0112         1
    1.2450    1.1117    0.0115         1
    1.2500    1.1143    0.0110         1
    1.2550    1.1102    0.0115         1
    1.2600   -1.0000   -1.0000         0
    1.2650    1.1254    0.0116         1
    1.2700    1.1145    0.0114         1
    1.2750    1.1121    0.0119         1
    1.2800    1.1260    0.0119         1
    1.2850    1.1214    0.0118         1
    1.2900    1.1284    0.0113         1
    1.2950    1.1238    0.0120         1
    1.3000    1.1207    0.0122         1
    1.3050    1.1249    0.0117         1
    1.3100    1.1246    0.0112         1
    1.3150    1.1328    0.0116         1
    1.3200    1.1473    0.0117         1
    1.3250    1.1374    0.0115         1
    1.3300    1.1379    0.0116         1
    1.3350    1.1437    0.0110         1
    1.3400    1.1492    0.0110         1
    1.3450    1.1670    0.0107         1
    1.3500    1.1808    0.0105         1
    1.3550    1.1591    0.0091         1
    1.3600   -1.0000   -1.0000         0
    1.3650   -1.0000   -1.0000         0
    1.3700   -1.0000   -1.0000         0
    1.3750    1.1763    0.0101         1
    1.3800    1.1865    0.0094         1
    1.3850    1.1797    0.0105         1
    1.3900    1.1817    0.0104         1
    1.3950    1.1972    0.0099         1
    1.4000   -1.0000   -1.0000         0
    1.4050    1.1568    0.0114         1
    1.4100    1.1862    0.0109         1
    1.4150   -1.0000   -1.0000         0
    1.4200    1.1594    0.0113         1
    1.4250    1.1779    0.0111         1
    1.4300    1.1721    0.0110         1
    1.4350    1.1904    0.0123         1
    1.4400    1.1854    0.0125         1
    1.4450    1.1605    0.0128         1
    1.4500   -1.0000   -1.0000         0
    1.4550    1.1841    0.0123         1
    1.4600    1.1992    0.0121         1
    1.4650    1.1761    0.0118         1
    1.4700    1.1859    0.0121         1
    1.4750    1.1943    0.0114         1
    1.4800    1.1850    0.0153         1
    1.4850   -1.0000   -1.0000         0
    1.4900    1.1911    0.0117         1
    1.4950    1.1912    0.0127         1
    1.5000    1.1874    0.0132         1
    1.5050    1.1765    0.0123         1
    1.5100   -1.0000   -1.0000         0
    1.5150    1.1873    0.0134         1
    1.5200    1.2150    0.0128         1
    1.5250    1.2009    0.0133         1
    1.5300    1.1807    0.0126         1
    1.5350    1.1975    0.0140         1
    1.5400    1.2189    0.0117         1
    1.5450    1.2120    0.0125         1
    1.5500    1.2122    0.0130         1
    1.5550    1.1952    0.0127         1
    1.5600    1.2100    0.0121         1
    1.5650    1.2106    0.0126         1
    1.5700    1.1990    0.0124         1
    1.5750    1.2047    0.0131         1
    1.5800    1.1925    0.0127         1
    1.5850    1.1829    0.0123         1
    1.5900    1.1881    0.0131         1
    1.5950    1.2091    0.0127         1
    1.6000    1.2093    0.0125         1
    1.6050    1.2048    0.0139         1
    1.6100    1.2233    0.0127         1
    1.6150    1.2042    0.0133         1
    1.6200    1.2031    0.0123         1
    1.6250    1.2132    0.0130         1
    1.6300    1.2088    0.0121         1
    1.6350    1.2055    0.0123         1
    1.6400    1.1952    0.0118         1
    1.6450    1.1613    0.0123         1
    1.6500    1.1753    0.0126         1
    1.6550    1.1879    0.0128         1
    1.6600    1.1817    0.0119         1
    1.6650    1.1739    0.0131         1
    1.6700    1.1793    0.0161         1
    1.6750    1.2290    0.0167         1
    1.6800    1.1831    0.0137         1
    1.6850    1.1713    0.0143         1
    1.6900    1.2192    0.0168         1
    1.6950    1.1957    0.0136         1
    1.7000    1.1676    0.0139         1
    1.7050    1.1335    0.0114         1
    1.7100    1.1280    0.0117         1
    1.7150    1.1646    0.0137         1
    1.7200    1.1461    0.0125         1
    1.7250    1.1305    0.0124         1
    1.7300    1.1551    0.0112         1
    1.7350    1.1623    0.0128         1
    1.7400    1.1810    0.0114         1
    1.7450    1.1670    0.0123         1
    1.7500    1.1553    0.0119         1
    1.7550    1.1858    0.0118         1
    1.7600    1.1625    0.0126         1
    1.7650    1.1133    0.0128         1
    1.7700    1.1564    0.0131         1
    1.7750    1.1741    0.0131         1
    1.7800    1.1840    0.0128         1
    1.7850    1.1732    0.0127         1
    1.7900    1.2112    0.0136         1
    1.7950    1.2244    0.0154         1
    1.8000    1.1901    0.0164         1
    1.8050    1.1757    0.0175         1
    1.8100    1.2116    0.0172         1
    1.8150    1.1581    0.0165         1
    1.8200    1.2161    0.0159         1
    1.8250   -1.0000   -1.0000         0
    1.8300    1.1643    0.0129         1
    1.8350    1.0948    0.0135         1
    1.8400    1.1972    0.0140         1
    1.8450    1.0945    0.0145         1
    1.8500    1.1643    0.0168         1
    1.8550    1.1589    0.0150         1
    1.8600    1.2028    0.0134         1
    1.8650    1.1098    0.0158         1
    1.8700   -1.0000   -1.0000         0
    1.8750    1.0792    0.0172         1
    1.8800    1.1894    0.0129         1
    1.8850    1.1619    0.0117         1
    1.8900    1.1669    0.0109         1
    1.8950    1.1489    0.0130         1
    1.9000    1.1438    0.0098         1
    1.9050   -1.0000   -1.0000         0
    1.9100    1.1483    0.0118         1
    1.9150    1.1153    0.0135         1
    1.9200    1.1067    0.0155         1
    1.9250    1.1172    0.0140         1
    1.9300    1.1499    0.0126         1
    1.9350    1.0969    0.0106         1
    1.9400    1.1216    0.0124         1
    1.9450    1.1395    0.0118         1
    1.9500    1.1559    0.0106         1
    1.9550    1.1189    0.0120         1
    1.9600    1.1048    0.0144         1
    1.9650    1.1451    0.0158         1
    1.9700    1.0546    0.0184         1
    1.9750    1.0940    0.0123         1
    1.9800    1.0863    0.0148         1
    1.9850   -1.0000   -1.0000         0
    1.9900    1.0690    0.0199         1
    1.9950    1.0479    0.0162         1
    2.0000    1.1039    0.0170         1
    2.0050    1.0866    0.0171         1
    2.0100    1.1354    0.0156         1
    2.0150    1.1052    0.0149         1
    2.0200    1.1166    0.0142         1
    2.0250    1.1300    0.0133         1
    2.0300    1.1127    0.0138         1
    2.0350    1.0907    0.0134         1
    2.0400    1.1460    0.0137         1
    2.0450    1.1395    0.0121         1
    2.0500    1.1144    0.0135         1
    2.0550    1.1102    0.0126         1
    2.0600    1.1502    0.0122         1
    2.0650    1.1392    0.0128         1
    2.0700    1.1082    0.0135         1
    2.0750    1.1160    0.0115         1
    2.0800    1.1106    0.0115         1
    2.0850    1.1018    0.0126         1
    2.0900    1.1026    0.0145         1
    2.0950    1.0714    0.0180         1
    2.1000    1.0992    0.0157         1
    2.1050    1.1132    0.0173         1
    2.1100    1.0908    0.0172         1
    2.1150    1.0926    0.0147         1
    2.1200    1.0989    0.0118         1
    2.1250    1.1534    0.0133         1
    2.1300    1.1279    0.0125         1
    2.1350    1.1078    0.0117         1
    2.1400    1.1356    0.0115         1
    2.1450    1.1556    0.0135         1
    2.1500    1.1541    0.0140         1
    2.1550    1.1161    0.0135         1
    2.1600    1.1551    0.0133         1
    2.1650    1.1217    0.0134         1
    2.1700    1.1148    0.0129         1
    2.1750    1.1475    0.0134         1
    2.1800    1.1030    0.0145         1
    2.1850    1.1449    0.0156         1
    2.1900    1.1100    0.0179         1
    2.1950    1.1372    0.0193         1
    2.2000    1.0676    0.0230         1
    2.2050    1.0786    0.0154         1
    2.2100    1.1281    0.0184         1
    2.2150    1.1338    0.0154         1
    2.2200    1.1049    0.0160         1
    2.2250    1.1016    0.0170         1
    2.2300    1.1221    0.0153         1
    2.2350    1.1356    0.0153         1
    2.2400    1.1000    0.0152         1
    2.2450    1.1138    0.0133         1
    2.2500    1.1465    0.0138         1
    2.2550    1.1261    0.0131         1
    2.2600    1.1486    0.0138         1
    2.2650    1.1846    0.0140         1
    2.2700    1.1631    0.0142         1
    2.2750    1.1656    0.0127         1
    2.2800    1.1742    0.0150         1
    2.2850    1.1375    0.0141         1
    2.2900    1.1653    0.0166         1
    2.2950    1.1645    0.0158         1
    2.3000    1.1970    0.0143         1
    2.3050    1.1719    0.0142         1
    2.3100    1.1299    0.0153         1
    2.3150    1.1072    0.0152         1
    2.3200    1.1351    0.0155         1
    2.3250    1.1809    0.0168         1
    2.3300    1.1507    0.0203         1
    2.3350    1.2003    0.0164         1
    2.3400    1.1703    0.0161         1
    2.3450    1.1319    0.0171         1
    2.3500    1.1501    0.0190         1