    0.6800   -1.0000   -1.0000         0
    0.6850   -1.0000   -1.0000         0
    0.6900   -1.0000   -1.0000         0
    0.6950   -1.0000   -1.0000         0
    0.7000   -1.0000   -1.0000         0
    0.7050   -1.0000   -1.0000         0
    0.7100   -1.0000   -1.0000         0
    0.7150   -1.0000   -1.0000         0
    0.7200   -1.0000   -1.0000         0
    0.7250   -1.0000   -1.0000         0
    0.7300   -1.0000   -1.0000         0
    0.7350   -1.0000   -1.0000         0
    0.7400   -1.0000   -1.0000         0
    0.7450   -1.0000   -1.0000         0
    0.7500   -1.0000   -1.0000         0
    0.7550   -1.0000   -1.0000         0
    0.7600   -1.0000   -1.0000         0
    0.7650   -1.0000   -1.0000         0
    0.7700   -1.0000   -1.0000         0
    0.7750   -1.0000   -1.0000         0
    0.7800   -1.0000   -1.0000         0
    0.7850   -1.0000   -1.0000         0
    0.7900   -1.0000   -1.0000         0
    0.7950   -1.0000   -1.0000         0
    0.8000   -1.0000   -1.0000         0
    0.8050   -1.0000   -1.0000         0
    0.8100   -1.0000   -1.0000         0
    0.8150   -1.0000   -1.0000         0
    0.8200    1.0791    0.0117         1
    0.8250    1.0585    0.0113         1
    0.8300    1.0288    0.0112         1
    0.8350    1.0173    0.0112         1
    0.8400    1.0317    0.0113         1
    0.8450    1.0274    0.0107         1
    0.8500    1.0037    0.0105         1
    0.8550    0.9988    0.0104         1
    0.8600    0.9758    0.0106         1
    0.8650    0.9657    0.0103         1
    0.8700    0.9860    0.0105         1
    0.8750    0.9981    0.0106         1
    0.8800    0.9951    0.0106         1
    0.8850    0.9972    0.0104         1
    0.8900    0.9765    0.0104         1
    0.8950    0.9658    0.0112         1
    0.9000    0.9656    0.0105         1
    0.9050    0.9753    0.0106         1
    0.9100    0.9480    0.0097         1
    0.9150    0.9347    0.0097         1
    0.9200    0.9467    0.0100         1
    0.9250    0.9436    0.0099         1
    0.9300    0.9317    0.0100         1
    0.9350    0.9571    0.0103         1
    0.9400    0.9715    0.0102         1
    0.9450    0.9692    0.0101         1
    0.9500    0.9577    0.0099         1
    0.9550    0.9335    0.0099         1
    0.9600    0.9472    0.0096         1
    0.9650    0.9466    0.0096         1
    0.9700    0.9475    0.0098         1
    0.9750    0.9508    0.0096         1
    0.9800    0.9533    0.0096         1
    0.9850    0.9636    0.0098         1
    0.9900    0.9753    0.0098         1
    0.9950    0.9829    0.0100         1
    1.0000    0.9944    0.0096         1
    1.0050    0.9872    0.0098         1
    1.0100    0.9786    0.0099         1
    1.0150    0.9875    0.0099         1
    1.0200    0.9929    0.0100         1
    1.0250    0.9955    0.0100         1
    1.0300    0.9935    0.0102         1
    1.0350    1.0044    0.0102         1
    1.0400    0.9954    0.0098         1
    1.0450    0.9816    0.0100         1
    1.0500    0.9966    0.0098         1
    1.0550    1.0035    0.0100         1
    1.0600    1.0026    0.0100         1
    1.0650    1.0067    0.0105         1
    1.0700    1.0298    0.0106         1
    1.0750    1.0378    0.0104         1
    1.0800    1.0306    0.0102         1
    1.0850    1.0292    0.0102         1
    1.0900    1.0191    0.0103         1
    1.0950    1.0259    0.0102         1
    1.1000    1.0497    0.0104         1
    1.1050    1.0471    0.0104         1
    1.1100    1.0510    0.0101         1
    1.1150    1.0359    0.0102         1
    1.1200    1.0200    0.0099         1
    1.1250    1.0426    0.0105         1
    1.1300    1.0583    0.0113         1
    1.1350    1.0514    0.0110         1
    1.1400    1.0510    0.0111         1
    1.1450    1.0651    0.0111         1
    1.1500    1.0527    0.0108         1
    1.1550    1.0572    0.0110         1
    1.1600    1.0614    0.0108         1
    1.1650    1.0698    0.0107         1
    1.1700    1.0692    0.0106         1
    1.1750    1.0667    0.0103         1
    1.1800    1.0665    0.0105         1
    1.1850    1.0698    0.0104         1
    1.1900    1.0786    0.0107         1
    1.1950    1.0743    0.0105         1
    1.2000    1.0700    0.0106         1
    1.2050    1.0761    0.0106         1
    1.2100    1.0798    0.0106         1
    1.2150    1.0771    0.0106         1
    1.2200    1.0682    0.0106         1
    1.2250    1.0805    0.0108         1
    1.2300    1.0840    0.0105         1
    1.2350    1.0800    0.0106         1
    1.2400    1.0955    0.0109         1
    1.2450    1.0955    0.0105         1
    1.2500    1.0908    0.0104         1
    1.2550    1.0963    0.0109         1
    1.2600    1.0971    0.0108         1
    1.2650    1.0998    0.0110         1
    1.2700    1.1027    0.0110         1
    1.2750    1.1029    0.0112         1
    1.2800    1.1062    0.0113         1
    1.2850    1.1241    0.0111         1
    1.2900    1.1221    0.0111         1
    1.2950    1.1067    0.0111         1
    1.3000    1.0952    0.0108         1
    1.3050    1.1143    0.0109         1
    1.3100    1.1205    0.0119         1
    1.3150    1.1405    0.0134         1
    1.3200    1.1598    0.0117         1
    1.3250    1.1299    0.0114         1
    1.3300    1.1286    0.0119         1
    1.3350    1.1661    0.0135         1
    1.3400    1.1728    0.0121         1
    1.3450    1.1467    0.0116         1
    1.3500    1.1384    0.0118         1
    1.3550    1.1283    0.0128         1
    1.3600    1.1414    0.0122         1
    1.3650    1.1300    0.0144         1
    1.3700   -1.0000   -1.0000         0
    1.3750    1.1665    0.0141         1
    1.3800   -1.0000   -1.0000         0
    1.3850    1.1623    0.0129         1
    1.3900    1.1775    0.0142         1
    1.3950    1.1393    0.0136         1
    1.4000    1.1303    0.0132         1
    1.4050    1.1416    0.0131         1
    1.4100    1.1583    0.0139         1
    1.4150    1.1626    0.0138         1
    1.4200    1.1547    0.0131         1
    1.4250    1.1688    0.0121         1
    1.4300    1.1529    0.0118         1
    1.4350    1.1739    0.0120         1
    1.4400    1.1637    0.0122         1
    1.4450    1.1643    0.0126         1
    1.4500    1.1913    0.0121         1
    1.4550    1.1708    0.0122         1
    1.4600    1.1570    0.0126         1
    1.4650    1.1775    0.0120         1
    1.4700    1.1898    0.0131         1
    1.4750    1.1840    0.0122         1
    1.4800    1.1905    0.0162         1
    1.4850   -1.0000   -1.0000         0
    1.4900    1.1894    0.0130         1
    1.4950    1.1799    0.0121         1
    1.5000    1.1826    0.0129         1
    1.5050   -1.0000   -1.0000         0
    1.5100    1.1828    0.0118         1
    1.5150    1.1623    0.0119         1
    1.5200    1.1659    0.0117         1
    1.5250    1.1630    0.0121         1
    1.5300    1.1625    0.0120         1
    1.5350    1.1677    0.0120         1
    1.5400    1.1866    0.0119         1
    1.5450    1.1700    0.0117         1
    1.5500    1.1603    0.0124         1
    1.5550    1.1769    0.0115         1
    1.5600    1.1481    0.0117         1
    1.5650    1.1621    0.0114         1
    1.5700    1.1734    0.0123         1
    1.5750    1.1651    0.0122         1
    1.5800    1.1543    0.0116         1
    1.5850    1.1596    0.0121         1
    1.5900    1.1914    0.0122         1
    1.5950    1.1916    0.0123         1
    1.6000    1.1883    0.0129         1
    1.6050    1.1931    0.0125         1
    1.6100    1.1801    0.0121         1
    1.6150    1.2094    0.0116         1
    1.6200    1.1604    0.0120         1
    1.6250    1.1510    0.0116         1
    1.6300    1.1589    0.0113         1
    1.6350    1.1705    0.0117         1
    1.6400    1.1875    0.0116         1
    1.6450    1.1777    0.0108         1
    1.6500    1.1435    0.0123         1
    1.6550    1.1487    0.0118         1
    1.6600    1.1268    0.0130         1
    1.6650    1.1237    0.0119         1
    1.6700    1.1317    0.0114         1
    1.6750    1.1343    0.0121         1
    1.6800    1.1503    0.0120         1
    1.6850    1.1491    0.0112         1
    1.6900    1.1302    0.0122         1
    1.6950    1.1033    0.0119         1
    1.7000    1.1166    0.0129         1
    1.7050    1.1408    0.0124         1
    1.7100    1.1508    0.0116         1
    1.7150    1.1137    0.0115         1
    1.7200    1.1276    0.0117         1
    1.7250    1.1334    0.0116         1
    1.7300    1.1390    0.0118         1
    1.7350    1.1271    0.0119         1
    1.7400    1.1185    0.0120         1
    1.7450    1.1122    0.0118         1
    1.7500    1.1253    0.0107         1
    1.7550    1.1050    0.0116         1
    1.7600    1.0965    0.0115         1
    1.7650    1.1140    0.0117         1
    1.7700    1.1197    0.0120         1
    1.7750    1.1291    0.0122         1
    1.7800    1.1138    0.0116         1
    1.7850    1.1076    0.0115         1
    1.7900    1.1177    0.0128         1
    1.7950    1.1220    0.0131         1
    1.8000    1.1436    0.0120         1
    1.8050    1.1503    0.0126         1
    1.8100    1.1308    0.0125         1
    1.8150    1.1262    0.0132         1
    1.8200    1.1335    0.0129         1
    1.8250    1.1529    0.0133         1
    1.8300    1.1576    0.0140         1
    1.8350    1.0757    0.0135         1
    1.8400    1.1103    0.0158         1
    1.8450    1.1554    0.0185         1
    1.8500    1.1509    0.0216         1
    1.8550    1.1428    0.0173         1
    1.8600    1.0826    0.0178         1
    1.8650    1.0985    0.0210         1
    1.8700   -1.0000   -1.0000         0
    1.8750    1.0410    0.0213         1
    1.8800    1.0665    0.0183         1
    1.8850    1.1070    0.0150         1
    1.8900    1.1289    0.0139         1
    1.8950    1.0867    0.0130         1
    1.9000    1.0335    0.0130         1
    1.9050    1.0766    0.0160         1
    1.9100    1.1016    0.0218         1
    1.9150    1.0829    0.0164         1
    1.9200    1.1138    0.0149         1
    1.9250    1.0332    0.0184         1
    1.9300    1.0648    0.0164         1
    1.9350    1.1197    0.0129         1
    1.9400    1.0647    0.0125         1
    1.9450    1.0821    0.0126         1
    1.9500    1.1227    0.0121         1
    1.9550    1.0905    0.0131         1
    1.9600    1.0799    0.0152         1
    1.9650   -1.0000   -1.0000         0
    1.9700   -1.0000   -1.0000         0
    1.9750    1.0784    0.0128         1
    1.9800    1.0599    0.0116         1
    1.9850    1.0636    0.0109         1
    1.9900    1.0649    0.0116         1
    1.9950    1.0115    0.0122         1
    2.0000    1.0384    0.0149         1
    2.0050    1.1060    0.0166         1
    2.0100    1.1059    0.0141         1
    2.0150    1.1228    0.0143         1
    2.0200    1.1063    0.0140         1
    2.0250    1.0371    0.0127         1
    2.0300    1.0223    0.0134         1
    2.0350    1.1057    0.0128         1
    2.0400    1.1006    0.0122         1
    2.0450    1.0710    0.0124         1
    2.0500    1.0986    0.0128         1
    2.0550    1.0566    0.0124         1
    2.0600    1.0542    0.0146         1
    2.0650    1.0674    0.0132         1
    2.0700    1.0587    0.0128         1
    2.0750    1.0621    0.0132         1
    2.0800    1.0907    0.0123         1
    2.0850    1.0803    0.0118         1
    2.0900    1.0768    0.0116         1
    2.0950    1.0698    0.0111         1
    2.1000    1.0690    0.0108         1
    2.1050    1.0941    0.0117         1
    2.1100    1.0970    0.0115         1
    2.1150    1.0846    0.0126         1
    2.1200    1.1054    0.0129         1
    2.1250    1.1157    0.0134         1
    2.1300    1.0986    0.0136         1
    2.1350    1.1101    0.0128         1
    2.1400    1.0973    0.0113         1
    2.1450    1.1018    0.0136         1
    2.1500    1.1253    0.0134         1
    2.1550    1.1188    0.0132         1
    2.1600    1.0917    0.0119         1
    2.1650    1.0772    0.0124         1
    2.1700    1.0827    0.0123         1
    2.1750    1.1077    0.0128         1
    2.1800    1.1351    0.0136         1
    2.1850    1.1059    0.0127         1
    2.1900    1.0799    0.0140         1
    2.1950    1.1081    0.0139         1
    2.2000    1.0997    0.0134         1
    2.2050    1.0892    0.0130         1
    2.2100    1.0935    0.0137         1
    2.2150    1.1186    0.0124         1
    2.2200    1.1101    0.0128         1
    2.2250    1.1142    0.0119         1
    2.2300    1.0965    0.0127         1
    2.2350    1.0877    0.0135         1
    2.2400    1.1029    0.0130         1
    2.2450    1.1296    0.0122         1
    2.2500    1.1640    0.0137         1
    2.2550    1.1482    0.0140         1
    2.2600    1.0987    0.0178         1
    2.2650   -1.0000   -1.0000         0
    2.2700   -1.0000   -1.0000         0
    2.2750    1.0565    0.0156         1
    2.2800    1.0963    0.0145         1
    2.2850    1.1255    0.0138         1
    2.2900    1.1257    0.0157         1
    2.2950    1.1233    0.0141         1
    2.3000    1.1006    0.0152         1
    2.3050    1.1525    0.0150         1
    2.3100    1.1973    0.0144         1
    2.3150    1.1393    0.0145         1
    2.3200    1.1517    0.0145         1
    2.3250    1.1812    0.0158         1
    2.3300    1.1680    0.0160         1
    2.3350    1.1804    0.0164         1
    2.3400    1.1613    0.0158         1
    2.3450    1.1481    0.0178         1
    2.3500    1.1658    0.0165         1