    0.6800   -1.0000   -1.0000         0
    0.6850   -1.0000   -1.0000         0
    0.6900   -1.0000   -1.0000         0
    0.6950   -1.0000   -1.0000         0
    0.7000   -1.0000   -1.0000         0
    0.7050   -1.0000   -1.0000         0
    0.7100   -1.0000   -1.0000         0
    0.7150   -1.0000   -1.0000         0
    0.7200   -1.0000   -1.0000         0
    0.7250   -1.0000   -1.0000         0
    0.7300   -1.0000   -1.0000         0
    0.7350   -1.0000   -1.0000         0
    0.7400   -1.0000   -1.0000         0
    0.7450   -1.0000   -1.0000         0
    0.7500   -1.0000   -1.0000         0
    0.7550   -1.0000   -1.0000         0
    0.7600   -1.0000   -1.0000         0
    0.7650   -1.0000   -1.0000         0
    0.7700   -1.0000   -1.0000         0
    0.7750   -1.0000   -1.0000         0
    0.7800   -1.0000   -1.0000         0
    0.7850   -1.0000   -1.0000         0
    0.7900   -1.0000   -1.0000         0
    0.7950   -1.0000   -1.0000         0
    0.8000   -1.0000   -1.0000         0
    0.8050   -1.0000   -1.0000         0
    0.8100   -1.0000   -1.0000         0
    0.8150   -1.0000   -1.0000         0
    0.8200   -1.0000   -1.0000         0
    0.8250    1.0849    0.0097         1
    0.8300    1.0701    0.0095         1
    0.8350    1.0487    0.0096         1
    0.8400    1.0522    0.0088         1
    0.8450    1.0381    0.0090         1
    0.8500    1.0345    0.0088         1
    0.8550    1.0136    0.0088         1
    0.8600    1.0058    0.0088         1
    0.8650    1.0017    0.0087         1
    0.8700    0.9888    0.0089         1
    0.8750    0.9768    0.0086         1
    0.8800    0.9684    0.0088         1
    0.8850    0.9669    0.0082         1
    0.8900    0.9613    0.0090         1
    0.8950    0.9628    0.0087         1
    0.9000    0.9564    0.0087         1
    0.9050    0.9511    0.0087         1
    0.9100    0.9556    0.0089         1
    0.9150    0.9462    0.0086         1
    0.9200    0.9401    0.0085         1
    0.9250    0.9408    0.0087         1
    0.9300    0.9452    0.0088         1
    0.9350    0.9283    0.0088         1
    0.9400    0.9237    0.0086         1
    0.9450    0.9354    0.0096         1
    0.9500    0.9348    0.0092         1
    0.9550    0.9466    0.0099         1
    0.9600    0.9408    0.0093         1
    0.9650    0.9389    0.0097         1
    0.9700    0.9508    0.0092         1
    0.9750    0.9626    0.0085         1
    0.9800    0.9666    0.0087         1
    0.9850    0.9715    0.0087         1
    0.9900    0.9642    0.0089         1
    0.9950    0.9652    0.0089         1
    1.0000    0.9755    0.0093         1
    1.0050    0.9723    0.0091         1
    1.0100    0.9791    0.0094         1
    1.0150    0.9909    0.0093         1
    1.0200    0.9982    0.0093         1
    1.0250    0.9986    0.0095         1
    1.0300    0.9971    0.0094         1
    1.0350    0.9981    0.0095         1
    1.0400    0.9969    0.0096         1
    1.0450    0.9932    0.0093         1
    1.0500    0.9962    0.0093         1
    1.0550    1.0029    0.0094         1
    1.0600    0.9992    0.0095         1
    1.0650    1.0081    0.0095         1
    1.0700    1.0133    0.0096         1
    1.0750    1.0143    0.0094         1
    1.0800    1.0073    0.0098         1
    1.0850    1.0173    0.0099         1
    1.0900    1.0228    0.0099         1
    1.0950    1.0258    0.0101         1
    1.1000    1.0286    0.0106         1
    1.1050    1.0347    0.0104         1
    1.1100    1.0368    0.0106         1
    1.1150    1.0423    0.0106         1
    1.1200    1.0413    0.0106         1
    1.1250    1.0354    0.0109         1
    1.1300    1.0333    0.0105         1
    1.1350    1.0298    0.0106         1
    1.1400    1.0540    0.0112         1
    1.1450    1.0556    0.0112         1
    1.1500    1.0571    0.0096         1
    1.1550    1.0364    0.0104         1
    1.1600    1.0380    0.0104         1
    1.1650    1.0538    0.0109         1
    1.1700    1.0639    0.0105         1
    1.1750    1.0735    0.0104         1
    1.1800    1.0666    0.0107         1
    1.1850    1.0536    0.0107         1
    1.1900    1.0581    0.0108         1
    1.1950    1.0644    0.0108         1
    1.2000    1.0750    0.0111         1
    1.2050    1.0720    0.0102         1
    1.2100    1.0748    0.0108         1
    1.2150    1.0628    0.0108         1
    1.2200    1.0615    0.0115         1
    1.2250    1.0643    0.0109         1
    1.2300    1.0717    0.0114         1
    1.2350    1.0752    0.0112         1
    1.2400    1.0678    0.0108         1
    1.2450    1.0800    0.0114         1
    1.2500    1.0749    0.0106         1
    1.2550    1.0868    0.0112         1
    1.2600    1.0907    0.0115         1
    1.2650    1.0936    0.0120         1
    1.2700    1.0877    0.0133         1
    1.2750   -1.0000   -1.0000         0
    1.2800    1.0978    0.0117         1
    1.2850    1.0937    0.0122         1
    1.2900    1.0791    0.0121         1
    1.2950    1.0989    0.0122         1
    1.3000    1.1145    0.0135         1
    1.3050    1.1005    0.0115         1
    1.3100    1.1009    0.0112         1
    1.3150    1.0898    0.0117         1
    1.3200    1.0840    0.0112         1
    1.3250    1.0973    0.0120         1
    1.3300    1.0982    0.0114         1
    1.3350    1.0922    0.0115         1
    1.3400    1.0909    0.0118         1
    1.3450   -1.0000   -1.0000         0
    1.3500   -1.0000   -1.0000         0
    1.3550   -1.0000   -1.0000         0
    1.3600    1.1133    0.0173         1
    1.3650   -1.0000   -1.0000         0
    1.3700   -1.0000   -1.0000         0
    1.3750    1.1408    0.0155         1
    1.3800   -1.0000   -1.0000         0
    1.3850    1.1485    0.0138         1
    1.3900   -1.0000   -1.0000         0
    1.3950   -1.0000   -1.0000         0
    1.4000   -1.0000   -1.0000         0
    1.4050    1.1222    0.0162         1
    1.4100    1.1100    0.0161         1
    1.4150    1.0973    0.0152         1
    1.4200    1.1463    0.0132         1
    1.4250    1.1374    0.0144         1
    1.4300    1.1531    0.0125         1
    1.4350    1.1276    0.0121         1
    1.4400    1.1189    0.0134         1
    1.4450    1.1303    0.0127         1
    1.4500    1.1483    0.0133         1
    1.4550    1.1227    0.0134         1
    1.4600    1.1154    0.0118         1
    1.4650   -1.0000   -1.0000         0
    1.4700   -1.0000   -1.0000         0
    1.4750    1.1454    0.0169         1
    1.4800   -1.0000   -1.0000         0
    1.4850    1.1458    0.0169         1
    1.4900    1.1174    0.0137         1
    1.4950    1.1191    0.0140         1
    1.5000    1.1230    0.0132         1
    1.5050    1.1049    0.0153         1
    1.5100    1.1208    0.0150         1
    1.5150    1.1278    0.0162         1
    1.5200    1.1275    0.0140         1
    1.5250    1.1078    0.0139         1
    1.5300    1.1257    0.0129         1
    1.5350    1.1327    0.0134         1
    1.5400    1.0769    0.0148         1
    1.5450    1.0856    0.0148         1
    1.5500    1.0868    0.0150         1
    1.5550    1.0951    0.0138         1
    1.5600    1.0905    0.0134         1
    1.5650    1.1063    0.0141         1
    1.5700    1.1041    0.0119         1
    1.5750    1.0844    0.0139         1
    1.5800    1.0847    0.0132         1
    1.5850    1.0831    0.0129         1
    1.5900    1.1096    0.0138         1
    1.5950    1.1020    0.0130         1
    1.6000    1.0577    0.0131         1
    1.6050    1.0710    0.0137         1
    1.6100    1.0885    0.0136         1
    1.6150    1.0513    0.0135         1
    1.6200    1.0533    0.0149         1
    1.6250    1.0822    0.0135         1
    1.6300    1.0768    0.0127         1
    1.6350    1.0745    0.0137         1
    1.6400    1.0791    0.0134         1
    1.6450    1.0784    0.0130         1
    1.6500    1.0657    0.0129         1
    1.6550    1.0400    0.0131         1
    1.6600    1.0487    0.0136         1
    1.6650    1.0689    0.0133         1
    1.6700    1.0603    0.0134         1
    1.6750    1.0360    0.0142         1
    1.6800    1.0686    0.0135         1
    1.6850    1.0485    0.0131         1
    1.6900    1.0339    0.0148         1
    1.6950    1.0407    0.0137         1
    1.7000    1.0581    0.0135         1
    1.7050    1.0511    0.0146         1
    1.7100    1.0450    0.0128         1
    1.7150    1.0233    0.0137         1
    1.7200    1.0405    0.0120         1
    1.7250    1.0550    0.0123         1
    1.7300    1.0652    0.0139         1
    1.7350    1.0535    0.0139         1
    1.7400    1.0492    0.0169         1
    1.7450    1.0381    0.0139         1
    1.7500    1.0284    0.0125         1
    1.7550    1.0281    0.0145         1
    1.7600    1.0547    0.0133         1
    1.7650    1.0428    0.0126         1
    1.7700    1.0062    0.0142         1
    1.7750    1.0137    0.0140         1
    1.7800    1.0363    0.0124         1
    1.7850    1.0172    0.0175         1
    1.7900    0.9929    0.0131         1
    1.7950    1.0515    0.0138         1
    1.8000    1.0457    0.0187         1
    1.8050    1.0028    0.0179         1
    1.8100    1.0042    0.0158         1
    1.8150    1.0490    0.0173         1
    1.8200    1.0286    0.0172         1
    1.8250    1.0421    0.0172         1
    1.8300    1.0468    0.0201         1
    1.8350   -1.0000   -1.0000         0
    1.8400   -1.0000   -1.0000         0
    1.8450   -1.0000   -1.0000         0
    1.8500   -1.0000   -1.0000         0
    1.8550   -1.0000   -1.0000         0
    1.8600   -1.0000   -1.0000         0
    1.8650   -1.0000   -1.0000         0
    1.8700   -1.0000   -1.0000         0
    1.8750   -1.0000   -1.0000         0
    1.8800    0.9605    0.0223         1
    1.8850    1.0176    0.0204         1
    1.8900    1.0374    0.0156         1
    1.8950    1.0267    0.0160         1
    1.9000    1.0061    0.0209         1
    1.9050   -1.0000   -1.0000         0
    1.9100    1.0085    0.0200         1
    1.9150    1.0344    0.0228         1
    1.9200    1.0054    0.0219         1
    1.9250    1.0368    0.0192         1
    1.9300    0.9933    0.0193         1
    1.9350    1.0055    0.0138         1
    1.9400    1.0018    0.0163         1
    1.9450    0.9744    0.0148         1
    1.9500    0.9962    0.0136         1
    1.9550    0.9763    0.0165         1
    1.9600    0.9390    0.0220         1
    1.9650    0.9600    0.0217         1
    1.9700    0.9896    0.0193         1
    1.9750    0.9979    0.0143         1
    1.9800    1.0103    0.0169         1
    1.9850    0.9874    0.0153         1
    1.9900    0.9474    0.0148         1
    1.9950    0.9880    0.0158         1
    2.0000    0.9818    0.0193         1
    2.0050   -1.0000   -1.0000         0
    2.0100    0.9480    0.0191         1
    2.0150    0.9650    0.0160         1
    2.0200    0.9446    0.0186         1
    2.0250    1.0119    0.0178         1
    2.0300   -1.0000   -1.0000         0
    2.0350    0.9952    0.0157         1
    2.0400    0.9671    0.0151         1
    2.0450    0.9664    0.0154         1
    2.0500    0.9826    0.0162         1
    2.0550    0.9625    0.0168         1
    2.0600    0.9735    0.0151         1
    2.0650    1.0155    0.0151         1
    2.0700    0.9835    0.0144         1
    2.0750    0.9685    0.0149         1
    2.0800    0.9923    0.0142         1
    2.0850    0.9780    0.0132         1
    2.0900    0.9647    0.0141         1
    2.0950    0.9692    0.0132         1
    2.1000    0.9764    0.0131         1
    2.1050    1.0002    0.0146         1
    2.1100    0.9795    0.0157         1
    2.1150    0.9791    0.0147         1
    2.1200    0.9882    0.0146         1
    2.1250    1.0066    0.0151         1
    2.1300    1.0054    0.0142         1
    2.1350    0.9875    0.0127         1
    2.1400    0.9795    0.0127         1
    2.1450    0.9703    0.0132         1
    2.1500    0.9805    0.0143         1
    2.1550    1.0108    0.0170         1
    2.1600    1.0072    0.0162         1
    2.1650    0.9982    0.0148         1
    2.1700    0.9764    0.0137         1
    2.1750    0.9994    0.0159         1
    2.1800    1.0014    0.0147         1
    2.1850    0.9900    0.0157         1
    2.1900    0.9854    0.0181         1
    2.1950    0.9931    0.0156         1
    2.2000    1.0239    0.0149         1
    2.2050    1.0276    0.0147         1
    2.2100    1.0103    0.0149         1
    2.2150    0.9886    0.0160         1
    2.2200    0.9896    0.0161         1
    2.2250    0.9594    0.0173         1
    2.2300    0.9435    0.0182         1
    2.2350    0.9932    0.0178         1
    2.2400    1.0078    0.0153         1
    2.2450    0.9960    0.0145         1
    2.2500    0.9819    0.0160         1
    2.2550    0.9838    0.0172         1
    2.2600    1.0188    0.0165         1
    2.2650    0.9958    0.0156         1
    2.2700    0.9911    0.0163         1
    2.2750    0.9926    0.0147         1
    2.2800    0.9852    0.0150         1
    2.2850    0.9991    0.0150         1
    2.2900    0.9993    0.0163         1
    2.2950    1.0080    0.0177         1
    2.3000    1.0003    0.0162         1
    2.3050    1.0094    0.0165         1
    2.3100    1.0420    0.0161         1
    2.3150    1.0426    0.0164         1
    2.3200    1.0244    0.0182         1
    2.3250    1.0287    0.0177         1
    2.3300   -1.0000   -1.0000         0
    2.3350    1.0481    0.0202         1
    2.3400    0.9980    0.0173         1
    2.3450    1.0142    0.0214         1
    2.3500    1.0412    0.0192         1