    0.6800   -1.0000   -1.0000         0
    0.6850   -1.0000   -1.0000         0
    0.6900   -0.8060    0.9418         1
    0.6950   -1.0000   -1.0000         0
    0.7000   -1.0000   -1.0000         0
    0.7050   -1.0000   -1.0000         0
    0.7100   -1.0000   -1.0000         0
    0.7150   -1.0000   -1.0000         0
    0.7200   -1.0000   -1.0000         0
    0.7250   -1.0000   -1.0000         0
    0.7300   -1.0000   -1.0000         0
    0.7350   -1.0000   -1.0000         0
    0.7400   -1.0000   -1.0000         0
    0.7450   -1.0000   -1.0000         0
    0.7500   -1.0000   -1.0000         0
    0.7550   -1.0000   -1.0000         0
    0.7600   -1.0000   -1.0000         0
    0.7650   -1.0000   -1.0000         0
    0.7700   -1.0000   -1.0000         0
    0.7750   -1.0000   -1.0000         0
    0.7800   -1.0000   -1.0000         0
    0.7850   -1.0000   -1.0000         0
    0.7900   -1.0000   -1.0000         0
    0.7950   -1.0000   -1.0000         0
    0.8000   -1.0000   -1.0000         0
    0.8050   -1.0000   -1.0000         0
    0.8100   -1.0000   -1.0000         0
    0.8150   -1.0000   -1.0000         0
    0.8200   -1.0000   -1.0000         0
    0.8250   -1.0000   -1.0000         0
    0.8300    0.9667    0.0118         1
    0.8350    0.9770    0.0116         1
    0.8400    0.9695    0.0116         1
    0.8450    0.9572    0.0103         1
    0.8500    0.9509    0.0093         1
    0.8550    0.9395    0.0095         1
    0.8600    0.9340    0.0098         1
    0.8650    0.9321    0.0104         1
    0.8700    0.9693    0.0114         1
    0.8750    0.9632    0.0118         1
    0.8800    0.9634    0.0118         1
    0.8850    0.9641    0.0112         1
    0.8900    0.9616    0.0108         1
    0.8950    0.9529    0.0100         1
    0.9000    0.9529    0.0099         1
    0.9050    0.9224    0.0095         1
    0.9100    0.9151    0.0095         1
    0.9150    0.9144    0.0094         1
    0.9200    0.9115    0.0097         1
    0.9250    0.9316    0.0081         1
    0.9300    0.9350    0.0071         1
    0.9350    0.9470    0.0082         1
    0.9400    0.9508    0.0102         1
    0.9450    0.9292    0.0107         1
    0.9500    0.9389    0.0109         1
    0.9550    0.9132    0.0115         1
    0.9600    0.9143    0.0126         1
    0.9650    0.9202    0.0120         1
    0.9700    0.9360    0.0110         1
    0.9750    0.9293    0.0106         1
    0.9800    0.9495    0.0108         1
    0.9850    0.9589    0.0121         1
    0.9900    0.9471    0.0112         1
    0.9950    0.9627    0.0106         1
    1.0000    0.9720    0.0107         1
    1.0050    0.9839    0.0106         1
    1.0100    0.9784    0.0108         1
    1.0150    0.9813    0.0105         1
    1.0200    0.9820    0.0102         1
    1.0250    0.9915    0.0100         1
    1.0300    0.9877    0.0101         1
    1.0350    0.9861    0.0103         1
    1.0400    0.9889    0.0101         1
    1.0450    0.9986    0.0106         1
    1.0500    1.0037    0.0104         1
    1.0550    1.0091    0.0104         1
    1.0600    1.0133    0.0105         1
    1.0650    1.0195    0.0106         1
    1.0700    1.0217    0.0106         1
    1.0750    1.0258    0.0110         1
    1.0800    1.0307    0.0108         1
    1.0850    1.0362    0.0108         1
    1.0900    1.0345    0.0106         1
    1.0950    1.0427    0.0105         1
    1.1000    1.0530    0.0104         1
    1.1050    1.0382    0.0094         1
    1.1100    1.0411    0.0083         1
    1.1150    1.0421    0.0073         1
    1.1200    1.0674    0.0074         1
    1.1250    1.0650    0.0089         1
    1.1300    1.0818    0.0114         1
    1.1350    1.0814    0.0135         1
    1.1400    1.0662    0.0121         1
    1.1450    1.0792    0.0121         1
    1.1500    1.1074    0.0134         1
    1.1550    1.1005    0.0153         1
    1.1600    1.0794    0.0153         1
    1.1650    1.0913    0.0134         1
    1.1700    1.0984    0.0120         1
    1.1750    1.0919    0.0119         1
    1.1800    1.1022    0.0111         1
    1.1850    1.0982    0.0119         1
    1.1900    1.0965    0.0118         1
    1.1950    1.0903    0.0114         1
    1.2000    1.1051    0.0118         1
    1.2050    1.1064    0.0117         1
    1.2100    1.1041    0.0119         1
    1.2150    1.1076    0.0118         1
    1.2200    1.1168    0.0121         1
    1.2250    1.1095    0.0121         1
    1.2300    1.1092    0.0122         1
    1.2350    1.1157    0.0117         1
    1.2400    1.1132    0.0123         1
    1.2450    1.1216    0.0121         1
    1.2500    1.1248    0.0120         1
    1.2550    1.1151    0.0115         1
    1.2600    1.1139    0.0114         1
    1.2650    1.1279    0.0123         1
    1.2700    1.1423    0.0132         1
    1.2750    1.1302    0.0132         1
    1.2800    1.1377    0.0129         1
    1.2850    1.1434    0.0130         1
    1.2900    1.1409    0.0124         1
    1.2950    1.1419    0.0123         1
    1.3000    1.1419    0.0121         1
    1.3050    1.1447    0.0112         1
    1.3100    1.1389    0.0116         1
    1.3150    1.1295    0.0111         1
    1.3200    1.1269    0.0105         1
    1.3250    1.1296    0.0094         1
    1.3300    1.1296    0.0097         1
    1.3350    1.1311    0.0094         1
    1.3400    1.1324    0.0098         1
    1.3450   -1.0000   -1.0000         0
    1.3500   -1.0000   -1.0000         0
    1.3550   -1.0000   -1.0000         0
    1.3600   -1.0000   -1.0000         0
    1.3650   -1.0000   -1.0000         0
    1.3700   -1.0000   -1.0000         0
    1.3750   -1.0000   -1.0000         0
    1.3800   -1.0000   -1.0000         0
    1.3850    1.1537    0.0220         1
    1.3900    1.1333    0.0195         1
    1.3950    1.1623    0.0150         1
    1.4000    1.1878    0.0173         1
    1.4050    1.1679    0.0224         1
    1.4100    1.1818    0.0240         1
    1.4150   -1.0000   -1.0000         0
    1.4200   -1.0000   -1.0000         0
    1.4250    1.1405    0.0163         1
    1.4300    1.1478    0.0137         1
    1.4350    1.1758    0.0140         1
    1.4400    1.1891    0.0149         1
    1.4450    1.1751    0.0161         1
    1.4500    1.1851    0.0188         1
    1.4550    1.1786    0.0149         1
    1.4600   -1.0000   -1.0000         0
    1.4650    1.1764    0.0104         1
    1.4700    1.2244    0.0124         1
    1.4750    1.2210    0.0156         1
    1.4800    1.2258    0.0162         1
    1.4850    1.2247    0.0169         1
    1.4900    1.2124    0.0176         1
    1.4950    1.2067    0.0163         1
    1.5000    1.1888    0.0142         1
    1.5050    1.2106    0.0149         1
    1.5100    1.1953    0.0151         1
    1.5150    1.2137    0.0151         1
    1.5200    1.2149    0.0148         1
    1.5250    1.2116    0.0144         1
    1.5300    1.2006    0.0147         1
    1.5350    1.2034    0.0136         1
    1.5400    1.1957    0.0148         1
    1.5450    1.1977    0.0156         1
    1.5500    1.1879    0.0149         1
    1.5550    1.1794    0.0144         1
    1.5600    1.2132    0.0144         1
    1.5650    1.1867    0.0137         1
    1.5700    1.2043    0.0133         1
    1.5750    1.2133    0.0139         1
    1.5800    1.2013    0.0153         1
    1.5850    1.2074    0.0139         1
    1.5900    1.2002    0.0142         1
    1.5950    1.1908    0.0143         1
    1.6000    1.2189    0.0132         1
    1.6050    1.1976    0.0136         1
    1.6100    1.1866    0.0143         1
    1.6150    1.2064    0.0136         1
    1.6200    1.1887    0.0148         1
    1.6250    1.1995    0.0137         1
    1.6300    1.1754    0.0139         1
    1.6350    1.1911    0.0135         1
    1.6400    1.1807    0.0134         1
    1.6450    1.1786    0.0138         1
    1.6500    1.1980    0.0135         1
    1.6550    1.1685    0.0140         1
    1.6600    1.1811    0.0137         1
    1.6650    1.1493    0.0131         1
    1.6700    1.1769    0.0132         1
    1.6750    1.1749    0.0132         1
    1.6800    1.1547    0.0143         1
    1.6850    1.1695    0.0135         1
    1.6900    1.1560    0.0135         1
    1.6950    1.1596    0.0132         1
    1.7000    1.1352    0.0142         1
    1.7050    1.1607    0.0132         1
    1.7100    1.1451    0.0135         1
    1.7150    1.1629    0.0135         1
    1.7200    1.1509    0.0135         1
    1.7250    1.1243    0.0128         1
    1.7300    1.1716    0.0128         1
    1.7350    1.1525    0.0135         1
    1.7400    1.1580    0.0136         1
    1.7450    1.1482    0.0132         1
    1.7500    1.1463    0.0136         1
    1.7550    1.1611    0.0136         1
    1.7600    1.1291    0.0132         1
    1.7650    1.1421    0.0134         1
    1.7700    1.1479    0.0128         1
    1.7750    1.1228    0.0109         1
    1.7800    1.1194    0.0121         1
    1.7850    1.1518    0.0119         1
    1.7900    1.1093    0.0105         1
    1.7950    1.1044    0.0110         1
    1.8000    1.1551    0.0107         1
    1.8050    1.1707    0.0119         1
    1.8100    1.1198    0.0114         1
    1.8150    1.0714    0.0109         1
    1.8200    1.1435    0.0122         1
    1.8250    1.0692    0.0135         1
    1.8300   -1.0000   -1.0000         0
    1.8350   -1.0000   -1.0000         0
    1.8400    1.1184    0.0477         1
    1.8450    1.1011    0.0363         1
    1.8500   -1.0000   -1.0000         0
    1.8550    1.0527    0.0320         1
    1.8600    1.1318    0.0388         1
    1.8650   -1.0000   -1.0000         0
    1.8700   -1.0000   -1.0000         0
    1.8750   -1.0000   -1.0000         0
    1.8800   -1.0000   -1.0000         0
    1.8850    1.0452    0.0314         1
    1.8900   -1.0000   -1.0000         0
    1.8950   -1.0000   -1.0000         0
    1.9000   -1.0000   -1.0000         0
    1.9050   -1.0000   -1.0000         0
    1.9100    1.0891    0.0442         1
    1.9150   -1.0000   -1.0000         0
    1.9200    1.1197    0.0287         1
    1.9250    1.0451    0.0194         1
    1.9300    1.0841    0.0196         1
    1.9350    1.0714    0.0192         1
    1.9400    1.0597    0.0175         1
    1.9450    1.0935    0.0165         1
    1.9500    1.0310    0.0142         1
    1.9550    1.0863    0.0140         1
    1.9600    1.0771    0.0211         1
    1.9650    1.0684    0.0235         1
    1.9700    1.1116    0.0197         1
    1.9750    1.1147    0.0181         1
    1.9800    1.1138    0.0163         1
    1.9850    1.1200    0.0151         1
    1.9900    1.1247    0.0132         1
    1.9950    1.0860    0.0125         1
    2.0000    1.0156    0.0116         1
    2.0050    1.0385    0.0127         1
    2.0100    1.0390    0.0166         1
    2.0150    1.0158    0.0198         1
    2.0200    1.1098    0.0253         1
    2.0250    1.0906    0.0218         1
    2.0300    1.0697    0.0177         1
    2.0350    1.1212    0.0144         1
    2.0400    1.1097    0.0143         1
    2.0450    1.0814    0.0127         1
    2.0500    1.0674    0.0122         1
    2.0550    1.1402    0.0142         1
    2.0600    1.1145    0.0142         1
    2.0650    1.0926    0.0142         1
    2.0700    1.1233    0.0170         1
    2.0750    1.1209    0.0164         1
    2.0800    1.1088    0.0153         1
    2.0850    1.1246    0.0145         1
    2.0900    1.1293    0.0146         1
    2.0950    1.1428    0.0150         1
    2.1000    1.1380    0.0155         1
    2.1050    1.1479    0.0142         1
    2.1100    1.1478    0.0146         1
    2.1150    1.1520    0.0152         1
    2.1200    1.1587    0.0153         1
    2.1250    1.1539    0.0148         1
    2.1300    1.1514    0.0146         1
    2.1350    1.1687    0.0145         1
    2.1400    1.1663    0.0147         1
    2.1450    1.1574    0.0148         1
    2.1500    1.1358    0.0157         1
    2.1550    1.1628    0.0150         1
    2.1600    1.1383    0.0139         1
    2.1650    1.1417    0.0136         1
    2.1700    1.1489    0.0164         1
    2.1750    1.1536    0.0158         1
    2.1800    1.1849    0.0148         1
    2.1850    1.1742    0.0163         1
    2.1900    1.2072    0.0158         1
    2.1950    1.1866    0.0156         1
    2.2000    1.1747    0.0156         1
    2.2050    1.1787    0.0153         1
    2.2100    1.1693    0.0181         1
    2.2150    1.1876    0.0166         1
    2.2200    1.1755    0.0160         1
    2.2250    1.1838    0.0160         1
    2.2300    1.2028    0.0162         1
    2.2350    1.1960    0.0162         1
    2.2400    1.1906    0.0164         1
    2.2450    1.1737    0.0150         1
    2.2500    1.1700    0.0156         1
    2.2550    1.1949    0.0154         1
    2.2600    1.1810    0.0159         1
    2.2650    1.1585    0.0167         1
    2.2700    1.1585    0.0169         1
    2.2750    1.1875    0.0173         1
    2.2800    1.1851    0.0155         1
    2.2850    1.1950    0.0161         1
    2.2900    1.1709    0.0156         1
    2.2950    1.1917    0.0171         1
    2.3000    1.1735    0.0167         1
    2.3050    1.1837    0.0177         1
    2.3100    1.2006    0.0168         1
    2.3150    1.1664    0.0169         1
    2.3200    1.2027    0.0189         1
    2.3250    1.1880    0.0188         1
    2.3300    1.1788    0.0193         1
    2.3350    1.2421    0.0189         1
    2.3400    1.2073    0.0186         1
    2.3450    1.2028    0.0197         1
    2.3500    1.1979    0.0190         1