    0.6800   -1.0000   -1.0000         0
    0.6850   -1.0000   -1.0000         0
    0.6900   -1.0000   -1.0000         0
    0.6950   -1.0000   -1.0000         0
    0.7000   -1.0000   -1.0000         0
    0.7050   -1.0000   -1.0000         0
    0.7100   -1.0000   -1.0000         0
    0.7150   -1.0000   -1.0000         0
    0.7200   -1.0000   -1.0000         0
    0.7250   -1.0000   -1.0000         0
    0.7300   -1.0000   -1.0000         0
    0.7350   -1.0000   -1.0000         0
    0.7400   -1.0000   -1.0000         0
    0.7450   -1.0000   -1.0000         0
    0.7500   -1.0000   -1.0000         0
    0.7550   -1.0000   -1.0000         0
    0.7600   -1.0000   -1.0000         0
    0.7650   -1.0000   -1.0000         0
    0.7700   -1.0000   -1.0000         0
    0.7750   -1.0000   -1.0000         0
    0.7800   -1.0000   -1.0000         0
    0.7850   -1.0000   -1.0000         0
    0.7900   -1.0000   -1.0000         0
    0.7950   -1.0000   -1.0000         0
    0.8000   -1.0000   -1.0000         0
    0.8050   -1.0000   -1.0000         0
    0.8100   -1.0000   -1.0000         0
    0.8150   -1.0000   -1.0000         0
    0.8200   -1.0000   -1.0000         0
    0.8250   -1.0000   -1.0000         0
    0.8300   -1.0000   -1.0000         0
    0.8350    1.0596    0.0065         1
    0.8400   -1.0000   -1.0000         0
    0.8450    1.0499    0.0061         1
    0.8500    1.0331    0.0056         1
    0.8550    1.0170    0.0062         1
    0.8600    1.0111    0.0070         1
    0.8650    0.9926    0.0079         1
    0.8700    0.9756    0.0080         1
    0.8750    0.9734    0.0077         1
    0.8800   -1.0000   -1.0000         0
    0.8850   -1.0000   -1.0000         0
    0.8900    0.9719    0.0065         1
    0.8950    0.9657    0.0064         1
    0.9000    0.9721    0.0056         1
    0.9050    0.9732    0.0058         1
    0.9100    0.9637    0.0053         1
    0.9150    0.9632    0.0056         1
    0.9200    0.9655    0.0052         1
    0.9250    0.9623    0.0056         1
    0.9300    0.9553    0.0057         1
    0.9350    0.9496    0.0057         1
    0.9400    0.9539    0.0055         1
    0.9450    0.9702    0.0059         1
    0.9500    0.9659    0.0058         1
    0.9550    0.9680    0.0056         1
    0.9600    0.9672    0.0057         1
    0.9650    0.9726    0.0056         1
    0.9700    0.9701    0.0055         1
    0.9750    0.9770    0.0056         1
    0.9800    0.9755    0.0054         1
    0.9850    0.9733    0.0054         1
    0.9900    0.9820    0.0057         1
    0.9950    0.9810    0.0057         1
    1.0000    0.9823    0.0056         1
    1.0050    0.9829    0.0055         1
    1.0100    0.9750    0.0054         1
    1.0150    0.9907    0.0057         1
    1.0200    0.9927    0.0059         1
    1.0250    0.9969    0.0059         1
    1.0300    1.0033    0.0056         1
    1.0350    1.0042    0.0058         1
    1.0400    1.0006    0.0055         1
    1.0450    1.0066    0.0058         1
    1.0500    1.0085    0.0057         1
    1.0550    1.0018    0.0056         1
    1.0600    0.9942    0.0058         1
    1.0650    0.9936    0.0059         1
    1.0700    0.9987    0.0058         1
    1.0750    1.0049    0.0059         1
    1.0800    1.0043    0.0057         1
    1.0850    1.0038    0.0058         1
    1.0900    1.0131    0.0063         1
    1.0950    1.0192    0.0061         1
    1.1000    1.0199    0.0060         1
    1.1050    1.0329    0.0060         1
    1.1100    1.0319    0.0061         1
    1.1150    1.0253    0.0059         1
    1.1200    1.0189    0.0062         1
    1.1250    1.0272    0.0058         1
    1.1300    1.0287    0.0060         1
    1.1350    1.0264    0.0059         1
    1.1400    1.0336    0.0066         1
    1.1450    1.0393    0.0064         1
    1.1500    1.0350    0.0060         1
    1.1550    1.0428    0.0064         1
    1.1600    1.0437    0.0066         1
    1.1650    1.0410    0.0065         1
    1.1700    1.0483    0.0063         1
    1.1750    1.0470    0.0065         1
    1.1800    1.0522    0.0060         1
    1.1850    1.0405    0.0064         1
    1.1900    1.0414    0.0066         1
    1.1950    1.0566    0.0063         1
    1.2000    1.0638    0.0074         1
    1.2050    1.0557    0.0065         1
    1.2100    1.0543    0.0064         1
    1.2150    1.0629    0.0067         1
    1.2200    1.0536    0.0065         1
    1.2250    1.0509    0.0068         1
    1.2300    1.0644    0.0068         1
    1.2350    1.0649    0.0068         1
    1.2400    1.0676    0.0066         1
    1.2450    1.0586    0.0066         1
    1.2500    1.0609    0.0065         1
    1.2550    1.0761    0.0068         1
    1.2600    1.0716    0.0068         1
    1.2650    1.0547    0.0076         1
    1.2700    1.0601    0.0073         1
    1.2750    1.0761    0.0074         1
    1.2800    1.0782    0.0077         1
    1.2850    1.0694    0.0068         1
    1.2900    1.0744    0.0070         1
    1.2950    1.0734    0.0068         1
    1.3000    1.0700    0.0068         1
    1.3050    1.0793    0.0069         1
    1.3100    1.0869    0.0068         1
    1.3150    1.0803    0.0069         1
    1.3200    1.0736    0.0071         1
    1.3250    1.0817    0.0071         1
    1.3300    1.0829    0.0069         1
    1.3350    1.0937    0.0066         1
    1.3400    1.1104    0.0070         1
    1.3450    1.1034    0.0075         1
    1.3500    1.1026    0.0092         1
    1.3550    1.0967    0.0094         1
    1.3600   -1.0000   -1.0000         0
    1.3650   -1.0000   -1.0000         0
    1.3700    1.0926    0.0089         1
    1.3750   -1.0000   -1.0000         0
    1.3800   -1.0000   -1.0000         0
    1.3850    1.0901    0.0079         1
    1.3900    1.1166    0.0084         1
    1.3950   -1.0000   -1.0000         0
    1.4000   -1.0000   -1.0000         0
    1.4050    1.0959    0.0083         1
    1.4100    1.1160    0.0084         1
    1.4150    1.1127    0.0087         1
    1.4200    1.1131    0.0076         1
    1.4250    1.1236    0.0080         1
    1.4300    1.1159    0.0075         1
    1.4350    1.1045    0.0076         1
    1.4400    1.1083    0.0075         1
    1.4450    1.1183    0.0075         1
    1.4500    1.1167    0.0073         1
    1.4550    1.1171    0.0074         1
    1.4600   -1.0000   -1.0000         0
    1.4650    1.1229    0.0073         1
    1.4700    1.1087    0.0071         1
    1.4750    1.1145    0.0068         1
    1.4800    1.1199    0.0073         1
    1.4850    1.1041    0.0079         1
    1.4900    1.1065    0.0074         1
    1.4950    1.1106    0.0076         1
    1.5000    1.0984    0.0075         1
    1.5050   -1.0000   -1.0000         0
    1.5100    1.1085    0.0076         1
    1.5150    1.1089    0.0074         1
    1.5200    1.1035    0.0073         1
    1.5250    1.1120    0.0073         1
    1.5300    1.1144    0.0079         1
    1.5350    1.0948    0.0075         1
    1.5400    1.1018    0.0073         1
    1.5450    1.1052    0.0082         1
    1.5500    1.1017    0.0076         1
    1.5550    1.1080    0.0076         1
    1.5600    1.0972    0.0084         1
    1.5650    1.0969    0.0087         1
    1.5700    1.1014    0.0076         1
    1.5750    1.0946    0.0084         1
    1.5800    1.0965    0.0085         1
    1.5850    1.1004    0.0079         1
    1.5900    1.0850    0.0087         1
    1.5950    1.0890    0.0075         1
    1.6000    1.0758    0.0074         1
    1.6050    1.0817    0.0083         1
    1.6100    1.0829    0.0078         1
    1.6150    1.0873    0.0079         1
    1.6200    1.0940    0.0080         1
    1.6250    1.0708    0.0075         1
    1.6300    1.0902    0.0077         1
    1.6350    1.0937    0.0073         1
    1.6400    1.0772    0.0075         1
    1.6450    1.0878    0.0075         1
    1.6500    1.0908    0.0070         1
    1.6550    1.0832    0.0078         1
    1.6600    1.0870    0.0083         1
    1.6650    1.0788    0.0078         1
    1.6700    1.0957    0.0088         1
    1.6750   -1.0000   -1.0000         0
    1.6800    1.0818    0.0082         1
    1.6850    1.0697    0.0084         1
    1.6900    1.0734    0.0079         1
    1.6950    1.0530    0.0078         1
    1.7000    1.0467    0.0080         1
    1.7050    1.0503    0.0080         1
    1.7100    1.0539    0.0074         1
    1.7150    1.0531    0.0076         1
    1.7200    1.0774    0.0084         1
    1.7250    1.0841    0.0086         1
    1.7300    1.0704    0.0077         1
    1.7350    1.0538    0.0082         1
    1.7400    1.0550    0.0083         1
    1.7450    1.0588    0.0078         1
    1.7500    1.0595    0.0078         1
    1.7550    1.0581    0.0076         1
    1.7600    1.0549    0.0082         1
    1.7650    1.0417    0.0084         1
    1.7700    1.0440    0.0080         1
    1.7750    1.0379    0.0073         1
    1.7800    1.0300    0.0073         1
    1.7850    1.0315    0.0075         1
    1.7900    1.0312    0.0087         1
    1.7950    1.0489    0.0077         1
    1.8000    1.0301    0.0082         1
    1.8050    0.9987    0.0085         1
    1.8100    1.0467    0.0089         1
    1.8150    1.0503    0.0083         1
    1.8200    1.0261    0.0087         1
    1.8250    1.0505    0.0081         1
    1.8300   -1.0000   -1.0000         0
    1.8350    1.0067    0.0096         1
    1.8400    0.9979    0.0098         1
    1.8450    1.0546    0.0107         1
    1.8500    1.0428    0.0098         1
    1.8550    0.9986    0.0093         1
    1.8600    1.0128    0.0101         1
    1.8650   -1.0000   -1.0000         0
    1.8700   -1.0000   -1.0000         0
    1.8750   -1.0000   -1.0000         0
    1.8800    1.0435    0.0102         1
    1.8850   -1.0000   -1.0000         0
    1.8900    1.0322    0.0082         1
    1.8950   -1.0000   -1.0000         0
    1.9000   -1.0000   -1.0000         0
    1.9050    0.9833    0.0102         1
    1.9100    1.0032    0.0097         1
    1.9150    1.0304    0.0095         1
    1.9200    1.0164    0.0095         1
    1.9250    1.0054    0.0091         1
    1.9300    1.0080    0.0089         1
    1.9350    1.0185    0.0087         1
    1.9400    1.0226    0.0086         1
    1.9450    0.9957    0.0074         1
    1.9500    0.9925    0.0088         1
    1.9550    0.9884    0.0093         1
    1.9600    1.0175    0.0094         1
    1.9650    1.0148    0.0090         1
    1.9700    0.9951    0.0092         1
    1.9750    1.0033    0.0091         1
    1.9800    1.0158    0.0079         1
    1.9850    0.9998    0.0082         1
    1.9900    0.9891    0.0086         1
    1.9950    1.0207    0.0095         1
    2.0000    0.9802    0.0105         1
    2.0050   -1.0000   -1.0000         0
    2.0100    0.9781    0.0090         1
    2.0150    0.9935    0.0087         1
    2.0200    1.0067    0.0092         1
    2.0250    1.0251    0.0090         1
    2.0300    1.0264    0.0083         1
    2.0350    1.0214    0.0090         1
    2.0400    1.0097    0.0080         1
    2.0450    1.0005    0.0085         1
    2.0500    1.0032    0.0085         1
    2.0550    0.9998    0.0087         1
    2.0600    1.0087    0.0084         1
    2.0650    1.0106    0.0083         1
    2.0700    0.9830    0.0085         1
    2.0750    0.9939    0.0089         1
    2.0800    1.0111    0.0084         1
    2.0850    1.0207    0.0089         1
    2.0900    1.0192    0.0078         1
    2.0950    1.0125    0.0085         1
    2.1000    1.0246    0.0085         1
    2.1050    1.0128    0.0085         1
    2.1100    1.0078    0.0079         1
    2.1150    1.0241    0.0085         1
    2.1200    1.0252    0.0089         1
    2.1250    1.0281    0.0085         1
    2.1300    1.0143    0.0081         1
    2.1350    0.9980    0.0080         1
    2.1400    1.0002    0.0086         1
    2.1450    0.9983    0.0089         1
    2.1500    0.9921    0.0086         1
    2.1550    1.0218    0.0090         1
    2.1600    1.0341    0.0087         1
    2.1650    1.0084    0.0090         1
    2.1700    0.9921    0.0084         1
    2.1750    1.0272    0.0083         1
    2.1800    1.0098    0.0095         1
    2.1850    0.9982    0.0088         1
    2.1900    1.0242    0.0087         1
    2.1950    1.0200    0.0082         1
    2.2000    0.9903    0.0085         1
    2.2050    0.9995    0.0090         1
    2.2100    1.0117    0.0092         1
    2.2150    1.0142    0.0092         1
    2.2200    1.0281    0.0100         1
    2.2250    1.0039    0.0086         1
    2.2300    1.0174    0.0092         1
    2.2350   -1.0000   -1.0000         0
    2.2400    1.0286    0.0104         1
    2.2450    1.0285    0.0107         1
    2.2500    1.0251    0.0100         1
    2.2550    1.0128    0.0084         1
    2.2600    0.9910    0.0095         1
    2.2650    1.0171    0.0092         1
    2.2700    1.0308    0.0118         1
    2.2750    0.9982    0.0100         1
    2.2800    1.0078    0.0098         1
    2.2850    1.0248    0.0093         1
    2.2900    1.0359    0.0091         1
    2.2950    1.0348    0.0109         1
    2.3000    1.0168    0.0092         1
    2.3050    1.0029    0.0097         1
    2.3100    1.0287    0.0094         1
    2.3150    1.0391    0.0100         1
    2.3200    0.9980    0.0094         1
    2.3250    1.0088    0.0108         1
    2.3300    1.0014    0.0131         1
    2.3350    0.9880    0.0135         1
    2.3400   -1.0000   -1.0000         0
    2.3450   -1.0000   -1.0000         0
    2.3500   -1.0000   -1.0000         0