    0.6800   -1.0000   -1.0000         0
    0.6850   -1.0000   -1.0000         0
    0.6900   -1.0000   -1.0000         0
    0.6950   -1.0000   -1.0000         0
    0.7000   -1.0000   -1.0000         0
    0.7050   -1.0000   -1.0000         0
    0.7100   -1.0000   -1.0000         0
    0.7150   -1.0000   -1.0000         0
    0.7200   -1.0000   -1.0000         0
    0.7250   -1.0000   -1.0000         0
    0.7300   -1.0000   -1.0000         0
    0.7350   -1.0000   -1.0000         0
    0.7400   -1.0000   -1.0000         0
    0.7450   -1.0000   -1.0000         0
    0.7500   -1.0000   -1.0000         0
    0.7550   -1.0000   -1.0000         0
    0.7600   -1.0000   -1.0000         0
    0.7650   -1.0000   -1.0000         0
    0.7700   -1.0000   -1.0000         0
    0.7750   -1.0000   -1.0000         0
    0.7800   -1.0000   -1.0000         0
    0.7850   -1.0000   -1.0000         0
    0.7900   -1.0000   -1.0000         0
    0.7950   -1.0000   -1.0000         0
    0.8000   -1.0000   -1.0000         0
    0.8050   -1.0000   -1.0000         0
    0.8100   -1.0000   -1.0000         0
    0.8150   -1.0000   -1.0000         0
    0.8200   -1.0000   -1.0000         0
    0.8250   -1.0000   -1.0000         0
    0.8300   -1.0000   -1.0000         0
    0.8350   -1.0000   -1.0000         0
    0.8400    1.0145    0.0040         1
    0.8450    1.0163    0.0040         1
    0.8500    1.0121    0.0039         1
    0.8550    1.0024    0.0039         1
    0.8600    0.9918    0.0039         1
    0.8650    0.9838    0.0037         1
    0.8700    0.9618    0.0039         1
    0.8750    0.9567    0.0039         1
    0.8800    0.9525    0.0039         1
    0.8850    0.9439    0.0039         1
    0.8900    0.9466    0.0039         1
    0.8950    0.9513    0.0039         1
    0.9000    0.9508    0.0040         1
    0.9050    0.9559    0.0040         1
    0.9100    0.9581    0.0040         1
    0.9150    0.9517    0.0040         1
    0.9200    0.9410    0.0040         1
    0.9250    0.9398    0.0041         1
    0.9300    0.9396    0.0039         1
    0.9350    0.9307    0.0041         1
    0.9400    0.9326    0.0042         1
    0.9450    0.9362    0.0041         1
    0.9500    0.9527    0.0041         1
    0.9550    0.9498    0.0041         1
    0.9600    0.9518    0.0042         1
    0.9650    0.9564    0.0042         1
    0.9700    0.9642    0.0042         1
    0.9750    0.9680    0.0042         1
    0.9800    0.9673    0.0042         1
    0.9850    0.9701    0.0042         1
    0.9900    0.9680    0.0043         1
    0.9950    0.9707    0.0043         1
    1.0000    0.9768    0.0043         1
    1.0050    0.9790    0.0044         1
    1.0100    0.9853    0.0044         1
    1.0150    0.9866    0.0044         1
    1.0200    0.9999    0.0044         1
    1.0250    0.9969    0.0045         1
    1.0300    0.9978    0.0045         1
    1.0350    1.0025    0.0045         1
    1.0400    1.0075    0.0046         1
    1.0450    1.0005    0.0046         1
    1.0500    1.0012    0.0045         1
    1.0550    1.0010    0.0046         1
    1.0600    0.9991    0.0046         1
    1.0650    1.0036    0.0046         1
    1.0700    0.9927    0.0049         1
    1.0750    0.9948    0.0047         1
    1.0800    1.0023    0.0048         1
    1.0850    1.0095    0.0049         1
    1.0900    1.0163    0.0053         1
    1.0950    1.0198    0.0050         1
    1.1000    1.0243    0.0050         1
    1.1050    1.0216    0.0053         1
    1.1100    1.0237    0.0052         1
    1.1150    1.0250    0.0053         1
    1.1200    1.0330    0.0052         1
    1.1250    1.0253    0.0052         1
    1.1300    1.0218    0.0050         1
    1.1350    1.0358    0.0050         1
    1.1400    1.0377    0.0051         1
    1.1450    1.0391    0.0049         1
    1.1500    1.0260    0.0050         1
    1.1550    1.0343    0.0051         1
    1.1600    1.0356    0.0049         1
    1.1650    1.0456    0.0050         1
    1.1700    1.0488    0.0050         1
    1.1750    1.0463    0.0051         1
    1.1800    1.0475    0.0050         1
    1.1850    1.0547    0.0050         1
    1.1900    1.0487    0.0050         1
    1.1950    1.0584    0.0051         1
    1.2000    1.0625    0.0050         1
    1.2050    1.0649    0.0052         1
    1.2100    1.0618    0.0051         1
    1.2150    1.0667    0.0051         1
    1.2200    1.0694    0.0052         1
    1.2250    1.0716    0.0051         1
    1.2300    1.0697    0.0051         1
    1.2350    1.0661    0.0051         1
    1.2400    1.0658    0.0051         1
    1.2450    1.0663    0.0052         1
    1.2500    1.0765    0.0051         1
    1.2550    1.0727    0.0053         1
    1.2600    1.0750    0.0052         1
    1.2650    1.0574    0.0052         1
    1.2700   -1.0000   -1.0000         0
    1.2750    1.0727    0.0052         1
    1.2800   -1.0000   -1.0000         0
    1.2850    1.0672    0.0062         1
    1.2900    1.0859    0.0055         1
    1.2950    1.0868    0.0054         1
    1.3000    1.0863    0.0054         1
    1.3050    1.0825    0.0055         1
    1.3100    1.0819    0.0056         1
    1.3150    1.0884    0.0053         1
    1.3200    1.0949    0.0054         1
    1.3250    1.0940    0.0054         1
    1.3300    1.1032    0.0054         1
    1.3350    1.1158    0.0057         1
    1.3400    1.1093    0.0058         1
    1.3450   -1.0000   -1.0000         0
    1.3500   -1.0000   -1.0000         0
    1.3550    1.1087    0.0076         1
    1.3600   -1.0000   -1.0000         0
    1.3650   -1.0000   -1.0000         0
    1.3700   -1.0000   -1.0000         0
    1.3750   -1.0000   -1.0000         0
    1.3800   -1.0000   -1.0000         0
    1.3850    1.1024    0.0060         1
    1.3900    1.1085    0.0065         1
    1.3950   -1.0000   -1.0000         0
    1.4000    1.1223    0.0060         1
    1.4050    1.1110    0.0059         1
    1.4100   -1.0000   -1.0000         0
    1.4150   -1.0000   -1.0000         0
    1.4200    1.1139    0.0059         1
    1.4250    1.1279    0.0057         1
    1.4300    1.1174    0.0058         1
    1.4350    1.1188    0.0056         1
    1.4400    1.1174    0.0057         1
    1.4450    1.1212    0.0057         1
    1.4500    1.1259    0.0060         1
    1.4550    1.1141    0.0059         1
    1.4600    1.1273    0.0057         1
    1.4650   -1.0000   -1.0000         0
    1.4700    1.1245    0.0057         1
    1.4750    1.1092    0.0057         1
    1.4800    1.1139    0.0058         1
    1.4850    1.1218    0.0056         1
    1.4900    1.1145    0.0057         1
    1.4950    1.1144    0.0058         1
    1.5000    1.1152    0.0057         1
    1.5050    1.1172    0.0057         1
    1.5100    1.1185    0.0057         1
    1.5150    1.1256    0.0056         1
    1.5200    1.1289    0.0058         1
    1.5250    1.1255    0.0057         1
    1.5300    1.1187    0.0058         1
    1.5350    1.1181    0.0057         1
    1.5400    1.1182    0.0057         1
    1.5450    1.1165    0.0057         1
    1.5500    1.1275    0.0058         1
    1.5550    1.1183    0.0059         1
    1.5600    1.1163    0.0056         1
    1.5650    1.1140    0.0055         1
    1.5700    1.0990    0.0058         1
    1.5750    1.1052    0.0058         1
    1.5800    1.1053    0.0057         1
    1.5850    1.1076    0.0057         1
    1.5900    1.1093    0.0057         1
    1.5950    1.1108    0.0056         1
    1.6000    1.1218    0.0058         1
    1.6050    1.1080    0.0058         1
    1.6100    1.1070    0.0057         1
    1.6150    1.1058    0.0057         1
    1.6200    1.1025    0.0056         1
    1.6250    1.1046    0.0057         1
    1.6300    1.1033    0.0056         1
    1.6350    1.1125    0.0056         1
    1.6400    1.1094    0.0058         1
    1.6450    1.1048    0.0057         1
    1.6500    1.0968    0.0058         1
    1.6550    1.0925    0.0056         1
    1.6600    1.0987    0.0057         1
    1.6650    1.0958    0.0056         1
    1.6700    1.0930    0.0056         1
    1.6750    1.0902    0.0057         1
    1.6800    1.0857    0.0058         1
    1.6850    1.0833    0.0056         1
    1.6900    1.0790    0.0055         1
    1.6950    1.0751    0.0056         1
    1.7000    1.0749    0.0056         1
    1.7050    1.0768    0.0056         1
    1.7100    1.0792    0.0055         1
    1.7150    1.0638    0.0057         1
    1.7200    1.0570    0.0055         1
    1.7250    1.0715    0.0056         1
    1.7300    1.0766    0.0056         1
    1.7350    1.0724    0.0054         1
    1.7400    1.0755    0.0056         1
    1.7450    1.0711    0.0057         1
    1.7500    1.0666    0.0055         1
    1.7550    1.0747    0.0057         1
    1.7600    1.0577    0.0058         1
    1.7650    1.0498    0.0055         1
    1.7700    1.0536    0.0058         1
    1.7750    1.0618    0.0058         1
    1.7800    1.0540    0.0058         1
    1.7850    1.0497    0.0057         1
    1.7900    1.0505    0.0059         1
    1.7950    1.0635    0.0057         1
    1.8000    1.0625    0.0058         1
    1.8050    1.0474    0.0061         1
    1.8100    1.0610    0.0065         1
    1.8150    1.0729    0.0061         1
    1.8200   -1.0000   -1.0000         0
    1.8250    1.0442    0.0066         1
    1.8300   -1.0000   -1.0000         0
    1.8350   -1.0000   -1.0000         0
    1.8400   -1.0000   -1.0000         0
    1.8450    1.0597    0.0096         1
    1.8500   -1.0000   -1.0000         0
    1.8550    1.0524    0.0077         1
    1.8600    1.0385    0.0083         1
    1.8650   -1.0000   -1.0000         0
    1.8700    1.0232    0.0085         1
    1.8750   -1.0000   -1.0000         0
    1.8800    1.0360    0.0082         1
    1.8850   -1.0000   -1.0000         0
    1.8900   -1.0000   -1.0000         0
    1.8950   -1.0000   -1.0000         0
    1.9000    1.0574    0.0089         1
    1.9050   -1.0000   -1.0000         0
    1.9100   -1.0000   -1.0000         0
    1.9150   -1.0000   -1.0000         0
    1.9200    1.0551    0.0073         1
    1.9250   -1.0000   -1.0000         0
    1.9300    1.0319    0.0062         1
    1.9350    1.0473    0.0063         1
    1.9400    1.0457    0.0059         1
    1.9450    1.0530    0.0063         1
    1.9500    1.0432    0.0060         1
    1.9550    1.0328    0.0058         1
    1.9600    1.0303    0.0060         1
    1.9650    1.0247    0.0056         1
    1.9700    1.0246    0.0059         1
    1.9750    1.0233    0.0055         1
    1.9800    1.0388    0.0058         1
    1.9850    1.0395    0.0057         1
    1.9900    1.0609    0.0059         1
    1.9950   -1.0000   -1.0000         0
    2.0000    1.0253    0.0062         1
    2.0050   -1.0000   -1.0000         0
    2.0100    1.0273    0.0063         1
    2.0150   -1.0000   -1.0000         0
    2.0200    1.0196    0.0063         1
    2.0250    1.0415    0.0060         1
    2.0300    1.0502    0.0057         1
    2.0350    1.0519    0.0059         1
    2.0400    1.0376    0.0060         1
    2.0450    1.0388    0.0059         1
    2.0500    1.0300    0.0061         1
    2.0550    1.0256    0.0060         1
    2.0600    1.0354    0.0059         1
    2.0650    1.0405    0.0060         1
    2.0700    1.0454    0.0058         1
    2.0750    1.0396    0.0059         1
    2.0800    1.0361    0.0059         1
    2.0850    1.0482    0.0059         1
    2.0900    1.0550    0.0057         1
    2.0950    1.0440    0.0057         1
    2.1000    1.0432    0.0061         1
    2.1050    1.0356    0.0060         1
    2.1100    1.0307    0.0063         1
    2.1150    1.0380    0.0060         1
    2.1200    1.0380    0.0060         1
    2.1250    1.0521    0.0061         1
    2.1300    1.0549    0.0057         1
    2.1350    1.0511    0.0058         1
    2.1400    1.0426    0.0058         1
    2.1450    1.0500    0.0061         1
    2.1500    1.0608    0.0062         1
    2.1550    1.0525    0.0064         1
    2.1600    1.0544    0.0062         1
    2.1650    1.0510    0.0059         1
    2.1700    1.0530    0.0061         1
    2.1750    1.0446    0.0058         1
    2.1800    1.0498    0.0058         1
    2.1850    1.0572    0.0058         1
    2.1900    1.0633    0.0062         1
    2.1950    1.0605    0.0061         1
    2.2000    1.0644    0.0061         1
    2.2050    1.0630    0.0063         1
    2.2100    1.0509    0.0060         1
    2.2150    1.0473    0.0061         1
    2.2200    1.0538    0.0061         1
    2.2250    1.0619    0.0059         1
    2.2300    1.0540    0.0060         1
    2.2350    1.0554    0.0059         1
    2.2400    1.0611    0.0059         1
    2.2450    1.0596    0.0060         1
    2.2500    1.0634    0.0060         1
    2.2550    1.0472    0.0059         1
    2.2600    1.0490    0.0059         1
    2.2650    1.0664    0.0062         1
    2.2700    1.0528    0.0062         1
    2.2750    1.0484    0.0063         1
    2.2800    1.0626    0.0064         1
    2.2850    1.0680    0.0063         1
    2.2900    1.0771    0.0062         1
    2.2950    1.0630    0.0064         1
    2.3000    1.0542    0.0064         1
    2.3050    1.0541    0.0060         1
    2.3100    1.0695    0.0062         1
    2.3150    1.0700    0.0062         1
    2.3200    1.0626    0.0063         1
    2.3250    1.0946    0.0061         1
    2.3300    1.0901    0.0063         1
    2.3350    1.0757    0.0067         1
    2.3400    1.0860    0.0062         1
    2.3450    1.0783    0.0064         1
    2.3500    1.0785    0.0067         1