 0.4000	 0.8657	 0.0085
 0.4025	 0.8909	 0.0121
 0.4050	 0.8424	 0.0091
 0.4075	 0.8542	 0.0153
 0.4100	 0.9141	 0.0057
 0.4125	 0.8989	 0.0023
 0.4150	 0.8739	 0.0016
 0.4175	 0.8758	 0.0058
 0.4200	 0.8783	 0.0062
 0.4225	 0.9177	 0.0088
 0.4250	 0.9121	 0.0098
 0.4275	 0.9099	 0.0163
 0.4300	 0.9250	 0.0200
 0.4325	 0.9125	 0.0154
 0.4350	 0.9302	 0.0086
 0.4375	 0.9232	 0.0240
 0.4400	 0.9218	 0.0092
 0.4425	 0.9517	 0.0068
 0.4450	 0.9472	 0.0043
 0.4475	 0.9514	 0.0045
 0.4500	 0.9561	 0.0033
 0.4525	 0.9619	 0.0062
 0.4550	 0.9552	 0.0072
 0.4575	 0.9683	 0.0063
 0.4600	 0.9639	 0.0137
 0.4625	 0.9652	 0.0047
 0.4650	 0.9424	 0.0070
 0.4675	 0.9478	 0.0059
 0.4700	 0.9503	 0.0064
 0.4725	 0.9472	 0.0093
 0.4750	 0.9559	 0.0046
 0.4775	 0.9651	 0.0087
 0.4800	 0.9615	 0.0071
 0.4825	 0.9495	 0.0067
 0.4850	 0.9443	 0.0217
 0.4900	 0.9498	 0.0054
 0.4925	 1.0019	 0.0101
 0.4950	 1.0018	 0.0032
 0.4975	 0.9789	 0.0080
 0.5000	 0.9475	 0.0104
 0.5075	 0.9619	 0.0053
 0.5150	 0.9639	 0.0033
 0.5175	 0.9930	 0.0078
 0.5250	 1.0299	 0.0091
 0.5275	 0.9556	 0.0157
 0.5300	 0.9551	 0.0141
 0.5325	 0.9547	 0.0175
 0.5350	 1.0030	 0.0079
 0.5375	 1.0120	 0.0039
 0.5400	 1.0167	 0.0034
 0.5425	 1.0325	 0.0099
 0.5450	 1.0419	 0.0064
 0.5475	 1.0222	 0.0051
 0.5500	 1.0306	 0.0062
 0.5525	 1.0288	 0.0054
 0.5550	 1.0288	 0.0036
 0.5575	 1.0187	 0.0046
 0.5600	 1.0239	 0.0038
 0.5625	 1.0057	 0.0055
 0.5650	 0.9966	 0.0103
 0.5675	 1.0056	 0.0040
 0.5700	 0.9993	 0.0065
 0.5725	 1.0065	 0.0064
 0.5775	 1.0205	 0.0073
 0.5800	 1.0315	 0.0057
 0.5825	 1.0337	 0.0027
 0.5850	 1.0261	 0.0068
 0.5875	 1.0281	 0.0097
 0.5900	 1.0209	 0.0045
 0.5925	 1.0327	 0.0045
 0.5950	 1.0281	 0.0058
 0.5975	 1.0311	 0.0096
 0.6000	 1.0380	 0.0059
 0.6025	 1.0415	 0.0060
 0.6050	 1.0472	 0.0048
 0.6075	 1.0635	 0.0038
 0.6100	 1.0598	 0.0078
 0.6125	 1.0575	 0.0068
 0.6150	 1.0517	 0.0074
 0.6175	 1.0466	 0.0029
 0.6200	 1.0416	 0.0067
 0.6225	 1.0232	 0.0120
 0.6250	 1.0172	 0.0130
 0.6275	 1.0066	 0.0101
 0.6300	 1.0095	 0.0124
 0.6325	 1.0205	 0.0070
 0.6350	 1.0281	 0.0088
 0.6375	 1.0423	 0.0048
 0.6400	 1.0408	 0.0094
 0.6425	 1.0554	 0.0045
 0.6450	 1.0599	 0.0036
 0.6475	 1.0715	 0.0043
 0.6500	 1.0726	 0.0050
 0.6525	 1.0758	 0.0025
 0.6600	 1.0778	 0.0026
 0.6625	 1.0665	 0.0073
 0.6650	 1.0636	 0.0078
 0.6675	 1.0615	 0.0098
 0.6700	 1.0617	 0.0106
 0.6725	 1.0595	 0.0061
 0.6750	 1.0610	 0.0055
 0.6775	 1.0642	 0.0061
 0.6800	 1.0657	 0.0095
 0.6825	 1.0639	 0.0109
 0.6925	 1.0684	 0.0057
 0.6950	 1.0644	 0.0093
 0.6975	 1.0601	 0.0111
 0.7000	 1.0639	 0.0109
 0.7025	 1.0639	 0.0102
 0.7050	 1.0716	 0.0113
 0.7075	 1.0667	 0.0080
 0.7100	 1.0719	 0.0118
 0.7125	 1.0858	 0.0118
 0.7150	 1.0784	 0.0165
 0.7175	 1.0652	 0.0258
 0.7200	 1.0734	 0.0054
 0.7225	 1.0863	 0.0089
 0.7250	 1.0921	 0.0076
 0.7275	 1.0945	 0.0080
 0.7300	 1.1045	 0.0072
 0.7325	 1.1127	 0.0024
 0.7350	 1.1093	 0.0088
 0.7375	 1.1120	 0.0079
 0.7400	 1.1109	 0.0094
 0.7425	 1.1157	 0.0019
 0.7450	 1.1169	 0.0059
 0.7475	 1.1160	 0.0057
 0.7500	 1.1129	 0.0041
 0.7525	 1.1099	 0.0049
 0.7550	 1.1066	 0.0075
 0.7700	 1.1007	 0.0055
 0.7725	 1.0997	 0.0126
 0.7750	 1.1328	 0.0056
 0.7775	 1.1044	 0.0126
 0.7800	 1.1254	 0.0118
 0.7825	 1.1242	 0.0112
 0.7850	 1.1254	 0.0105
 0.7875	 1.1250	 0.0103
 0.7900	 1.1312	 0.0104
 0.7925	 1.1149	 0.0106
 0.7950	 1.1317	 0.0066
 0.7975	 1.1267	 0.0079
 0.8000	 1.1411	 0.0045
 0.8025	 1.1349	 0.0106
 0.8050	 1.1195	 0.0107
 0.8075	 1.1349	 0.0073
 0.8100	 1.1212	 0.0074
 0.8125	 1.1231	 0.0113
 0.8150	 1.1228	 0.0121
 0.8175	 1.1207	 0.0049
 0.8200	 1.1242	 0.0072
 0.8225	 1.1293	 0.0101
 0.8250	 1.1351	 0.0053
 0.8275	 1.1321	 0.0098
 0.8300	 1.1411	 0.0024
 0.8325	 1.1199	 0.0138
 0.8350	 1.1433	 0.0056
 0.8375	 1.1395	 0.0029
 0.8400	 1.1300	 0.0097
 0.8425	 1.1584	 0.0069
 0.8450	 1.1597	 0.0068
 0.8475	 1.1582	 0.0058
 0.8500	 1.1457	 0.0054
 0.8525	 1.1226	 0.0124
 0.8550	 1.1845	 0.0044
 0.8575	 1.1548	 0.0044
 0.8600	 1.1377	 0.0090
 0.8625	 1.1550	 0.0055
 0.8650	 1.1577	 0.0073
 0.8675	 1.1893	 0.0029
 0.8700	 1.1590	 0.0009
 0.8725	 1.1530	 0.0054
 0.8750	 1.1658	 0.0055
 0.8775	 1.1816	 0.0039
 0.8800	 1.1579	 0.0065
 0.8825	 1.1718	 0.0049
 0.8850	 1.1842	 0.0053
 0.8875	 1.1820	 0.0054
 0.8900	 1.1648	 0.0099
 0.8925	 1.1555	 0.0050
 0.8950	 1.1614	 0.0072
 0.8975	 1.1513	 0.0069
 0.9000	 1.1734	 0.0017
 0.9025	 1.1674	 0.0021
 0.9050	 1.1508	 0.0063
 0.9075	 1.1553	 0.0017
 0.9100	 1.1540	 0.0059
 0.9125	 1.1447	 0.0040
 0.9150	 1.1555	 0.0018
 0.9175	 1.1696	 0.0027
 0.9200	 1.1712	 0.0076
 0.7800	 1.0922	 0.0056
 0.7850	 1.0995	 0.0052
 0.7900	 1.1139	 0.0045
 0.7950	 1.1151	 0.0043
 0.8000	 1.1245	 0.0043
 0.8050	 1.1253	 0.0043
 0.8100	 1.1245	 0.0042
 0.8150	 1.1284	 0.0042
 0.8200	 1.1337	 0.0042
 0.8250	 1.1329	 0.0042
 0.8300	 1.1358	 0.0041
 0.8350	 1.1433	 0.0042
 0.8400	 1.1355	 0.0041
 0.8450	 1.1508	 0.0041
 0.8500	 1.1591	 0.0042
 0.8550	 1.1554	 0.0041
 0.8600	 1.1640	 0.0041
 0.8650	 1.1587	 0.0040
 0.8700	 1.1507	 0.0040
 0.8750	 1.1548	 0.0039
 0.8800	 1.1615	 0.0039
 0.8850	 1.1722	 0.0039
 0.8900	 1.1671	 0.0039
 0.8950	 1.1687	 0.0040
 0.9000	 1.1807	 0.0039
 0.9050	 1.1802	 0.0039
 0.9100	 1.1818	 0.0038
 0.9150	 1.1911	 0.0039
 0.9200	 1.1956	 0.0040
 0.9250	 1.1928	 0.0038
 0.9300	 1.1957	 0.0039
 0.9350	 1.1947	 0.0039
 0.9400	 1.1887	 0.0040
 0.9450	 1.1912	 0.0041
 0.9550	 1.2012	 0.0039
 0.9600	 1.2109	 0.0039
 0.9650	 1.2168	 0.0038
 0.9700	 1.2218	 0.0037
 0.9750	 1.2132	 0.0036
 0.9800	 1.2240	 0.0036
 0.9850	 1.2220	 0.0035
 0.9900	 1.2180	 0.0035
 0.9950	 1.2295	 0.0035
 1.0000	 1.2274	 0.0036
 1.0050	 1.2332	 0.0035
 1.0100	 1.2373	 0.0037
 1.0150	 1.2351	 0.0035
 1.0200	 1.2460	 0.0034
 1.0250	 1.2450	 0.0034
 1.0300	 1.2368	 0.0034
 1.0350	 1.2431	 0.0034
 1.0400	 1.2518	 0.0034
 1.0450	 1.2487	 0.0033
 1.0500	 1.2526	 0.0033
 1.0550	 1.2594	 0.0033
 1.0600	 1.2703	 0.0033
 1.0650	 1.2701	 0.0035
 1.0700	 1.2713	 0.0037
 1.0750	 1.2730	 0.0038
 1.0800	 1.2734	 0.0033
 1.0850	 1.2704	 0.0033
 1.0900	 1.2761	 0.0033
 1.0950	 1.2806	 0.0033
 1.1000	 1.2804	 0.0033
 1.1050	 1.2828	 0.0033
 1.1100	 1.2840	 0.0034
 1.1150	 1.2839	 0.0033
 1.1200	 1.2873	 0.0034
 1.1250	 1.2841	 0.0035
 1.1300	 1.2885	 0.0035
 1.1350	 1.2960	 0.0037
 1.1400	 1.2936	 0.0035
 1.1450	 1.2991	 0.0035
 1.1500	 1.2996	 0.0036
 1.1550	 1.2995	 0.0034
 1.1600	 1.3036	 0.0032
 1.1650	 1.3135	 0.0032
 1.1700	 1.3165	 0.0031
 1.1750	 1.3141	 0.0031
 1.1800	 1.3157	 0.0031
 1.1850	 1.3201	 0.0032
 1.1900	 1.3178	 0.0031
 1.1950	 1.3238	 0.0031
 1.2000	 1.3201	 0.0031
 1.2050	 1.3202	 0.0031
 1.2100	 1.3293	 0.0031
 1.2150	 1.3327	 0.0031
 1.2200	 1.3304	 0.0033
 1.2250	 1.3328	 0.0030
 1.2300	 1.3354	 0.0033
 1.2350	 1.3439	 0.0035
 1.2400	 1.3409	 0.0034
 1.2450	 1.3418	 0.0031
 1.2500	 1.3461	 0.0030
 1.2550	 1.3462	 0.0031
 1.2600	 1.3506	 0.0032
 1.2650	 1.3508	 0.0032
 1.2700	 1.3462	 0.0032
 1.2750	 1.3517	 0.0032
 1.2800	 1.3469	 0.0032
 1.2850	 1.3527	 0.0031
 1.2900	 1.3670	 0.0032
 1.2950	 1.3616	 0.0033
 1.3000	 1.3686	 0.0033
 1.3050	 1.3720	 0.0031
 1.3100	 1.3679	 0.0031
 1.3150	 1.3683	 0.0031
 1.3200	 1.3764	 0.0034
 1.3250	 1.3839	 0.0034
 1.3300	 1.3847	 0.0033
 1.3350	 1.3857	 0.0034
 1.3400	 1.3950	 0.0037
 1.3450	 1.4058	 0.0044
 1.3500	 1.4057	 0.0066
 1.3600	 1.3904	 0.0072
 1.3750	 1.4015	 0.0062
 1.3850	 1.3975	 0.0057
 1.3900	 1.4062	 0.0056
 1.3950	 1.4108	 0.0054
 1.4000	 1.4123	 0.0054
 1.4050	 1.4217	 0.0051
 1.4100	 1.4263	 0.0048
 1.4150	 1.4187	 0.0045
 1.4200	 1.4277	 0.0044
 1.4300	 1.4339	 0.0042
 1.4350	 1.4299	 0.0041
 1.4400	 1.4390	 0.0040
 1.4500	 1.4341	 0.0049
 1.4550	 1.4411	 0.0047
 1.4650	 1.4469	 0.0038
 1.4700	 1.4475	 0.0038
 1.4750	 1.4520	 0.0039
 1.4800	 1.4588	 0.0038
 1.4850	 1.4550	 0.0037
 1.4900	 1.4487	 0.0038
 1.4950	 1.4490	 0.0038
 1.5000	 1.4524	 0.0036
 1.5050	 1.4550	 0.0036
 1.5100	 1.4582	 0.0036
 1.5150	 1.4554	 0.0036
 1.5200	 1.4636	 0.0036
 1.5250	 1.4641	 0.0036
 1.5300	 1.4713	 0.0036
 1.5350	 1.4676	 0.0036
 1.5400	 1.4725	 0.0037
 1.5450	 1.4827	 0.0037
 1.5500	 1.4716	 0.0036
 1.5550	 1.4773	 0.0037
 1.5600	 1.4848	 0.0038
 1.5650	 1.4813	 0.0037
 1.5700	 1.4775	 0.0038
 1.5750	 1.4808	 0.0038
 1.5800	 1.4836	 0.0038
 1.5850	 1.4838	 0.0039
 1.5900	 1.4901	 0.0039
 1.5950	 1.5042	 0.0039
 1.6000	 1.4933	 0.0039
 1.6050	 1.4988	 0.0039
 1.6100	 1.4959	 0.0045
 1.6150	 1.4890	 0.0043
 1.6200	 1.5010	 0.0038
 1.6250	 1.5056	 0.0039
 1.6300	 1.5051	 0.0039
 1.6350	 1.5094	 0.0040
 1.6400	 1.5106	 0.0040
 1.6450	 1.5188	 0.0040
 1.6500	 1.5227	 0.0041
 1.6550	 1.5203	 0.0040
 1.6600	 1.5232	 0.0040
 1.6650	 1.5174	 0.0040
 1.6700	 1.5238	 0.0041
 1.6750	 1.5314	 0.0041
 1.6800	 1.5293	 0.0041
 1.6850	 1.5321	 0.0041
 1.6900	 1.5327	 0.0042
 1.6950	 1.5294	 0.0042
 1.7000	 1.5288	 0.0042
 1.7050	 1.5339	 0.0042
 1.7100	 1.5396	 0.0043
 1.7150	 1.5519	 0.0043
 1.7200	 1.5542	 0.0043
 1.7250	 1.5679	 0.0046
 1.7300	 1.5694	 0.0046
 1.7350	 1.5745	 0.0045
 1.7400	 1.5659	 0.0045
 1.7450	 1.5698	 0.0045
 1.7500	 1.5706	 0.0045
 1.7550	 1.5779	 0.0046
 1.7600	 1.5827	 0.0046
 1.7650	 1.5788	 0.0046
 1.7700	 1.5802	 0.0047
 1.7750	 1.5862	 0.0050
 1.7800	 1.5933	 0.0055
 1.7850	 1.5989	 0.0051
 1.7900	 1.5991	 0.0050
 1.7950	 1.6007	 0.0053
 1.8000	 1.5996	 0.0055
 1.8050	 1.5899	 0.0058
 1.8100	 1.5961	 0.0062
 1.8150	 1.6105	 0.0065
 1.8200	 1.5973	 0.0068
 1.8250	 1.5993	 0.0074
 1.8300	 1.6110	 0.0082
 1.8400	 1.6053	 0.0108
 1.8450	 1.6132	 0.0111
 1.8500	 1.6172	 0.0109
 1.8550	 1.6019	 0.0105
 1.8600	 1.6072	 0.0102
 1.8700	 1.6266	 0.0120
 1.8800	 1.6155	 0.0115
 1.8850	 1.6386	 0.0113
 1.8900	 1.6453	 0.0095
 1.8950	 1.6425	 0.0089
 1.9000	 1.6311	 0.0096
 1.9050	 1.6263	 0.0104
 1.9150	 1.6428	 0.0100
 1.9200	 1.6285	 0.0091
 1.9250	 1.6473	 0.0086
 1.9300	 1.6574	 0.0081
 1.9350	 1.6582	 0.0078
 1.9400	 1.6559	 0.0075
 1.9450	 1.6617	 0.0074
 1.9500	 1.6575	 0.0077
 1.9550	 1.6653	 0.0076
 1.9600	 1.6480	 0.0078
 1.9650	 1.6491	 0.0074
 1.9700	 1.6655	 0.0070
 1.9750	 1.6705	 0.0066
 1.9800	 1.6692	 0.0064
 1.9850	 1.6689	 0.0061
 1.9900	 1.6727	 0.0061
 1.9950	 1.6680	 0.0063
 2.0000	 1.6525	 0.0074
 2.0050	 1.6653	 0.0090
 2.0150	 1.6550	 0.0086
 2.0200	 1.6654	 0.0080
 2.0250	 1.6778	 0.0073
 2.0300	 1.6736	 0.0067
 2.0350	 1.6659	 0.0064
 2.0400	 1.6809	 0.0064
 2.0450	 1.6829	 0.0065
 2.0500	 1.6698	 0.0068
 2.0550	 1.6833	 0.0071
 2.0600	 1.6820	 0.0072
 2.0650	 1.7015	 0.0073
 2.0700	 1.7007	 0.0072
 2.0750	 1.7023	 0.0072
 2.0800	 1.7179	 0.0070
 2.0850	 1.7118	 0.0067
 2.0900	 1.7101	 0.0067
 2.0950	 1.7204	 0.0067
 2.1000	 1.7184	 0.0067
 2.1050	 1.7250	 0.0068
 2.1100	 1.7195	 0.0068
 2.1150	 1.7232	 0.0069
 2.1200	 1.7212	 0.0071
 2.1250	 1.7339	 0.0070
 2.1350	 1.7274	 0.0070
 2.1400	 1.7411	 0.0071
 2.1450	 1.7448	 0.0071
 2.1500	 1.7352	 0.0074
 2.1550	 1.7409	 0.0073
 2.1600	 1.7432	 0.0073
 2.1650	 1.7624	 0.0074
 2.1700	 1.7595	 0.0075
 2.1750	 1.7573	 0.0075
 2.1800	 1.7509	 0.0075
 2.1850	 1.7476	 0.0074
 2.1950	 1.7684	 0.0112
 2.2000	 1.7501	 0.0079
 2.2050	 1.7727	 0.0079
 2.2100	 1.7854	 0.0079
 2.2150	 1.7667	 0.0078
 2.2200	 1.7787	 0.0079
 2.2250	 1.7790	 0.0079
 2.2300	 1.7845	 0.0081
 2.2350	 1.7860	 0.0081
 2.2400	 1.7959	 0.0082
 2.2450	 1.8069	 0.0083
 2.2500	 1.8032	 0.0084
 2.2550	 1.7898	 0.0085
 2.2600	 1.8076	 0.0086
 2.2650	 1.8115	 0.0087
 2.2700	 1.8126	 0.0087
 2.2750	 1.8150	 0.0088
 2.2800	 1.8224	 0.0089
 2.2850	 1.8236	 0.0089
 2.2900	 1.8226	 0.0090
 2.2950	 1.8194	 0.0093
 2.3000	 1.8415	 0.0093
 2.3050	 1.8328	 0.0092
 2.3100	 1.8374	 0.0094
 2.3150	 1.8500	 0.0096
 2.3200	 1.8406	 0.0097
 2.3250	 1.8478	 0.0096
 2.3300	 1.8417	 0.0096
 2.3350	 1.8605	 0.0099
 2.3400	 1.8487	 0.0100
 2.3450	 1.8561	 0.0102
 2.3550	 1.8749	 0.0103
 2.3600	 1.8636	 0.0106
 2.3650	 1.8617	 0.0111
 2.3700	 1.8541	 0.0107
 2.3850	 1.8868	 0.0110
 2.4050	 1.9036	 0.0114
 2.4100	 1.8983	 0.0118
 2.4150	 1.9105	 0.0119
 2.4200	 1.9227	 0.0118
 2.4250	 1.9109	 0.0118
 2.4300	 1.9174	 0.0122
 2.4350	 1.9056	 0.0127
 2.4400	 1.9267	 0.0129
 2.4450	 1.9287	 0.0132
 2.4500	 1.9271	 0.0131
 2.4550	 1.9570	 0.0132
 2.4600	 1.9563	 0.0131
