 0.8250	 0.9352	 0.0125
 0.8300	 0.9449	 0.0110
 0.8350	 0.9407	 0.0118
 0.8400	 0.9452	 0.0119
 0.8500	 0.9458	 0.0112
 0.8550	 0.9345	 0.0115
 0.8600	 0.9290	 0.0116
 0.8650	 0.9346	 0.0116
 0.8700	 0.9390	 0.0110
 0.8750	 0.9426	 0.0112
 0.8800	 0.9424	 0.0113
 0.8850	 0.9413	 0.0113
 0.8900	 0.9390	 0.0106
 0.8950	 0.9357	 0.0106
 0.9000	 0.9440	 0.0103
 0.9050	 0.9541	 0.0107
 0.9100	 0.9574	 0.0099
 0.9150	 0.9550	 0.0110
 0.9200	 0.9517	 0.0106
 0.9250	 0.9494	 0.0104
 0.9300	 0.9623	 0.0100
 0.9350	 0.9468	 0.0108
 0.9400	 0.9449	 0.0117
 0.9450	 0.9496	 0.0107
 0.9500	 0.9524	 0.0116
 0.9550	 0.9615	 0.0107
 0.9600	 0.9740	 0.0110
 0.9650	 0.9752	 0.0093
 0.9700	 0.9668	 0.0102
 0.9750	 0.9797	 0.0105
 0.9800	 0.9732	 0.0111
 0.9850	 0.9625	 0.0095
 0.9900	 0.9707	 0.0089
 0.9950	 0.9745	 0.0090
 1.0000	 0.9726	 0.0092
 1.0050	 0.9661	 0.0090
 1.0100	 0.9625	 0.0093
 1.0150	 0.9946	 0.0110
 1.0200	 0.9641	 0.0088
 1.0250	 0.9711	 0.0087
 1.0300	 0.9816	 0.0089
 1.0350	 0.9750	 0.0092
 1.0400	 0.9729	 0.0089
 1.0450	 0.9720	 0.0086
 1.0500	 0.9746	 0.0091
 1.0550	 0.9745	 0.0090
 1.0600	 0.9766	 0.0090
 1.0650	 0.9775	 0.0086
 1.0700	 0.9836	 0.0086
 1.0750	 0.9776	 0.0086
 1.0800	 0.9737	 0.0092
 1.0850	 0.9755	 0.0088
 1.0900	 0.9844	 0.0088
 1.0950	 0.9934	 0.0083
 1.1000	 0.9884	 0.0080
 1.1050	 0.9912	 0.0085
 1.1100	 0.9956	 0.0094
 1.1150	 0.9999	 0.0095
 1.1200	 1.0035	 0.0087
 1.1300	 0.9982	 0.0101
 1.1350	 0.9879	 0.0096
 1.1400	 0.9909	 0.0090
 1.1450	 0.9934	 0.0090
 1.1500	 0.9983	 0.0087
 1.1550	 0.9957	 0.0084
 1.1600	 1.0082	 0.0091
 1.1650	 0.9935	 0.0086
 1.1700	 1.0058	 0.0081
 1.1750	 1.0132	 0.0077
 1.1800	 1.0043	 0.0074
 1.1850	 1.0065	 0.0076
 1.1900	 1.0040	 0.0079
 1.1950	 1.0146	 0.0083
 1.2000	 1.0086	 0.0088
 1.2050	 1.0031	 0.0082
 1.2100	 1.0022	 0.0077
 1.2150	 1.0018	 0.0077
 1.2200	 1.0194	 0.0083
 1.2250	 1.0091	 0.0082
 1.2300	 1.0114	 0.0079
 1.2350	 1.0151	 0.0079
 1.2400	 1.0131	 0.0079
 1.2450	 1.0258	 0.0075
 1.2500	 1.0121	 0.0077
 1.2550	 1.0115	 0.0081
 1.2600	 1.0103	 0.0081
 1.2650	 1.0132	 0.0082
 1.2700	 1.0192	 0.0079
 1.2750	 1.0119	 0.0079
 1.2800	 1.0111	 0.0081
 1.2850	 1.0075	 0.0084
 1.2900	 1.0083	 0.0076
 1.2950	 1.0325	 0.0076
 1.3000	 1.0146	 0.0088
 1.3050	 1.0179	 0.0087
 1.3100	 1.0121	 0.0090
 1.3150	 1.0089	 0.0086
 1.3200	 1.0259	 0.0081
 1.3250	 1.0298	 0.0080
 1.3300	 1.0341	 0.0092
 1.3350	 1.0220	 0.0090
 1.3400	 1.0295	 0.0097
 1.3450	 1.0324	 0.0107
 1.3500	 1.0405	 0.0119
 1.3550	 1.0389	 0.0147
 1.3600	 1.0034	 0.0160
 1.3650	 1.0274	 0.0164
 1.3750	 1.0288	 0.0164
 1.3800	 1.0379	 0.0135
 1.3900	 1.0209	 0.0136
 1.3950	 1.0282	 0.0148
 1.4000	 1.0358	 0.0134
 1.4050	 1.0232	 0.0120
 1.4100	 1.0151	 0.0116
 1.4150	 1.0278	 0.0121
 1.4200	 1.0305	 0.0116
 1.4250	 1.0341	 0.0112
 1.4300	 1.0342	 0.0100
 1.4350	 1.0357	 0.0103
 1.4400	 1.0413	 0.0101
 1.4450	 1.0408	 0.0097
 1.4500	 1.0388	 0.0096
 1.4550	 1.0399	 0.0091
 1.4600	 1.0393	 0.0089
 1.4650	 1.0446	 0.0091
 1.4700	 1.0291	 0.0093
 1.4750	 1.0409	 0.0093
 1.4800	 1.0327	 0.0094
 1.4850	 1.0249	 0.0095
 1.4900	 1.0340	 0.0099
 1.4950	 1.0142	 0.0097
 1.5000	 1.0253	 0.0087
 1.5050	 1.0129	 0.0101
 1.5100	 1.0237	 0.0097
 1.5150	 1.0306	 0.0085
 1.5200	 1.0326	 0.0085
 1.5250	 1.0507	 0.0086
 1.5300	 1.0475	 0.0099
 1.5350	 1.0353	 0.0101
 1.5400	 1.0439	 0.0094
 1.5450	 1.0344	 0.0096
 1.5500	 1.0276	 0.0099
 1.5550	 1.0333	 0.0096
 1.5600	 1.0437	 0.0092
 1.5650	 1.0431	 0.0100
 1.5700	 1.0364	 0.0110
 1.5750	 1.0389	 0.0096
 1.5800	 1.0368	 0.0094
 1.5850	 1.0313	 0.0100
 1.5900	 1.0450	 0.0103
 1.5950	 1.0319	 0.0097
 1.6000	 1.0251	 0.0097
 1.6050	 1.0339	 0.0093
 1.6100	 1.0317	 0.0102
 1.6150	 1.0178	 0.0100
 1.6200	 1.0286	 0.0095
 1.6250	 1.0214	 0.0091
 1.6300	 1.0456	 0.0103
 1.6350	 1.0541	 0.0110
 1.6400	 1.0478	 0.0099
 1.6450	 1.0314	 0.0097
 1.6500	 1.0286	 0.0100
 1.6550	 1.0263	 0.0101
 1.6600	 1.0197	 0.0102
 1.6650	 1.0229	 0.0122
 1.6700	 1.0347	 0.0111
 1.6750	 1.0417	 0.0101
 1.6800	 1.0257	 0.0109
 1.6850	 1.0381	 0.0098
 1.6900	 1.0291	 0.0092
 1.6950	 1.0140	 0.0094
 1.7000	 0.9968	 0.0095
 1.7050	 1.0306	 0.0115
 1.7100	 1.0328	 0.0105
 1.7150	 1.0410	 0.0105
 1.7200	 1.0295	 0.0105
 1.7250	 1.0349	 0.0113
 1.7300	 1.0284	 0.0108
 1.7350	 1.0303	 0.0112
 1.7400	 1.0300	 0.0110
 1.7450	 1.0390	 0.0106
 1.7500	 1.0388	 0.0110
 1.7550	 1.0305	 0.0106
 1.7600	 1.0217	 0.0114
 1.7650	 1.0343	 0.0109
 1.7700	 1.0334	 0.0112
 1.7750	 1.0419	 0.0119
 1.7800	 1.0315	 0.0127
 1.7850	 1.0407	 0.0121
 1.7900	 1.0467	 0.0117
 1.7950	 1.0392	 0.0128
 1.8000	 1.0359	 0.0133
 1.8050	 1.0417	 0.0135
 1.8100	 1.0423	 0.0143
 1.8150	 1.0237	 0.0164
 1.8200	 1.0275	 0.0162
 1.8250	 1.0177	 0.0167
 1.8300	 1.0253	 0.0187
 1.8450	 1.0186	 0.0246
 1.8500	 0.9976	 0.0183
 1.8550	 1.0384	 0.0215
 1.8600	 1.0181	 0.0232
 1.8650	 1.0194	 0.0247
 1.8700	 1.0365	 0.0261
 1.8750	 1.0217	 0.0261
 1.8800	 1.0234	 0.0246
 1.8850	 1.0204	 0.0213
 1.8900	 1.0172	 0.0186
 1.8950	 1.0165	 0.0202
 1.9000	 1.0392	 0.0219
 1.9050	 1.0263	 0.0225
 1.9100	 1.0267	 0.0224
 1.9150	 1.0432	 0.0198
 1.9200	 1.0330	 0.0197
 1.9250	 1.0052	 0.0175
 1.9300	 1.0323	 0.0172
 1.9350	 1.0369	 0.0163
 1.9400	 1.0335	 0.0158
 1.9450	 1.0242	 0.0153
 1.9500	 1.0416	 0.0168
 1.9550	 1.0463	 0.0176
 1.9600	 1.0331	 0.0173
 1.9650	 1.0561	 0.0159
 1.9700	 1.0399	 0.0148
 1.9750	 1.0266	 0.0142
 1.9800	 1.0352	 0.0132
 1.9850	 1.0335	 0.0126
 1.9900	 1.0068	 0.0162
 1.9950	 1.0183	 0.0190
 2.0000	 1.0506	 0.0223
 2.0050	 1.0484	 0.0218
 2.0100	 1.0486	 0.0213
 2.0150	 1.0372	 0.0180
 2.0200	 1.0198	 0.0171
 2.0250	 1.0255	 0.0163
 2.0300	 1.0456	 0.0144
 2.0350	 1.0402	 0.0143
 2.0400	 1.0365	 0.0140
 2.0450	 1.0247	 0.0152
 2.0500	 1.0244	 0.0166
 2.0550	 1.0363	 0.0157
 2.0600	 1.0390	 0.0158
 2.0650	 1.0481	 0.0162
 2.0700	 1.0438	 0.0158
 2.0750	 1.0362	 0.0159
 2.0800	 1.0385	 0.0152
 2.0850	 1.0523	 0.0164
 2.0900	 1.0457	 0.0160
 2.0950	 1.0376	 0.0164
 2.1000	 1.0333	 0.0149
 2.1050	 1.0344	 0.0142
 2.1100	 1.0342	 0.0157
 2.1150	 1.0277	 0.0152
 2.1200	 1.0404	 0.0148
 2.1250	 1.0508	 0.0154
 2.1300	 1.0424	 0.0163
 2.1350	 1.0370	 0.0154
 2.1400	 1.0399	 0.0148
 2.1450	 1.0427	 0.0155
 2.1500	 1.0617	 0.0154
 2.1550	 1.0461	 0.0172
 2.1600	 1.0370	 0.0164
 2.1650	 1.0456	 0.0165
 2.1700	 1.0521	 0.0172
 2.1750	 1.0601	 0.0172
 2.1800	 1.0328	 0.0153
 2.1850	 1.0345	 0.0166
 2.1900	 1.0478	 0.0165
 2.1950	 1.0556	 0.0181
 2.2000	 1.0514	 0.0181
 2.2050	 1.0309	 0.0169
 2.2100	 1.0328	 0.0165
 2.2150	 1.0271	 0.0171
 2.2200	 1.0323	 0.0181
 2.2250	 1.0486	 0.0177
 2.2300	 1.0452	 0.0176
 2.2350	 1.0505	 0.0183
 2.2400	 1.0228	 0.0178
 2.2450	 1.0131	 0.0186
 2.2500	 1.0232	 0.0197
 2.2550	 1.0156	 0.0184
 2.2600	 1.0489	 0.0188
 2.2700	 1.0538	 0.0232
 2.2750	 1.0401	 0.0208
 2.2800	 1.0305	 0.0204
 2.2850	 1.0303	 0.0206
 2.2900	 1.0184	 0.0198
 2.2950	 1.0095	 0.0231
 2.3000	 1.0035	 0.0203
 2.3050	 1.0300	 0.0197
 2.3100	 1.0113	 0.0217
 2.3150	 1.0137	 0.0198
 2.3200	 1.0304	 0.0202
 2.3250	 0.9980	 0.0211
 2.3300	 1.0152	 0.0228
 2.3400	 1.0267	 0.0248
 2.3450	 1.0198	 0.0206
 2.3500	 1.0205	 0.0245
 2.3600	 1.0316	 0.0211
 2.3650	 1.0168	 0.0212
 2.3750	 1.0134	 0.0259
 2.3800	 1.0094	 0.0220
 2.3850	 1.0359	 0.0232
 2.4050	 1.0204	 0.0227
 2.4100	 1.0472	 0.0259
 2.4250	 1.0174	 0.0244
 2.4400	 1.0263	 0.0285
 2.4450	 0.9894	 0.0273
 2.4550	 1.0125	 0.0250
 2.4600	 1.0007	 0.0262
