 0.8000	 1.0127	 0.0283
 0.8050	 0.9989	 0.0275
 0.8100	 1.0203	 0.0274
 0.8150	 0.9782	 0.0268
 0.8200	 0.9812	 0.0261
 0.8250	 0.9896	 0.0262
 0.8300	 0.9904	 0.0269
 0.8350	 0.9907	 0.0271
 0.8400	 1.0105	 0.0268
 0.8450	 1.0055	 0.0266
 0.8500	 0.9930	 0.0266
 0.8550	 1.0184	 0.0278
 0.8600	 1.0219	 0.0258
 0.8650	 0.9911	 0.0273
 0.8700	 0.9620	 0.0273
 0.8750	 0.9920	 0.0238
 0.8800	 1.0067	 0.0252
 0.8850	 0.9696	 0.0251
 0.8900	 0.9639	 0.0228
 0.8950	 0.9730	 0.0239
 0.9000	 0.9859	 0.0252
 0.9050	 0.9603	 0.0233
 0.9100	 0.9714	 0.0234
 0.9150	 0.9970	 0.0229
 0.9200	 0.9526	 0.0248
 0.9250	 0.9314	 0.0227
 0.9300	 0.9624	 0.0247
 0.9350	 0.9918	 0.0245
 0.9400	 1.0055	 0.0218
 0.9450	 0.9459	 0.0250
 0.9500	 0.9446	 0.0246
 0.9550	 0.9646	 0.0227
 0.9600	 0.9739	 0.0238
 0.9650	 0.9907	 0.0227
 0.9700	 0.9915	 0.0240
 0.9750	 0.9756	 0.0224
 0.9800	 0.9800	 0.0226
 0.9850	 0.9939	 0.0222
 0.9900	 0.9954	 0.0210
 0.9950	 0.9888	 0.0202
 1.0000	 0.9695	 0.0199
 1.0050	 0.9552	 0.0220
 1.0100	 0.9478	 0.0212
 1.0150	 0.9584	 0.0200
 1.0200	 0.9617	 0.0207
 1.0250	 0.9441	 0.0212
 1.0300	 0.9809	 0.0221
 1.0350	 0.9977	 0.0207
 1.0400	 0.9795	 0.0195
 1.0450	 0.9625	 0.0190
 1.0500	 0.9594	 0.0199
 1.0550	 0.9678	 0.0216
 1.0600	 0.9689	 0.0201
 1.0650	 0.9622	 0.0189
 1.0700	 0.9872	 0.0212
 1.0750	 0.9656	 0.0196
 1.0800	 0.9637	 0.0210
 1.0850	 0.9609	 0.0191
 1.0900	 0.9667	 0.0207
 1.0950	 1.0017	 0.0182
 1.1000	 0.9957	 0.0177
 1.1050	 0.9765	 0.0182
 1.1100	 0.9747	 0.0188
 1.1150	 0.9725	 0.0188
 1.1200	 0.9753	 0.0190
 1.1250	 1.0033	 0.0182
 1.1300	 0.9922	 0.0196
 1.1350	 0.9810	 0.0205
 1.1400	 0.9652	 0.0197
 1.1450	 0.9917	 0.0191
 1.1500	 1.0148	 0.0199
 1.1550	 1.0067	 0.0205
 1.1600	 1.0151	 0.0194
 1.1650	 1.0201	 0.0206
 1.1700	 1.0184	 0.0200
 1.1750	 0.9939	 0.0163
 1.1800	 0.9535	 0.0176
 1.1850	 0.9685	 0.0171
 1.1900	 0.9811	 0.0186
 1.1950	 0.9565	 0.0189
 1.2000	 0.9735	 0.0170
 1.2050	 1.0099	 0.0174
 1.2100	 0.9962	 0.0165
 1.2150	 1.0052	 0.0167
 1.2200	 0.9984	 0.0166
 1.2250	 0.9741	 0.0174
 1.2300	 0.9799	 0.0166
 1.2350	 0.9828	 0.0172
 1.2400	 0.9843	 0.0178
 1.2450	 1.0042	 0.0163
 1.2500	 1.0000	 0.0161
 1.2550	 1.0094	 0.0159
 1.2600	 1.0102	 0.0164
 1.2650	 1.0166	 0.0168
 1.2700	 1.0155	 0.0174
 1.2750	 1.0444	 0.0170
 1.2800	 1.0529	 0.0174
 1.2850	 1.0167	 0.0163
 1.2900	 1.0123	 0.0167
 1.2950	 1.0136	 0.0161
 1.3000	 1.0066	 0.0166
 1.3050	 1.0250	 0.0167
 1.3100	 1.0375	 0.0157
 1.3150	 1.0199	 0.0154
 1.3200	 1.0001	 0.0165
 1.3250	 1.0259	 0.0200
 1.3300	 1.0428	 0.0190
 1.3350	 1.0236	 0.0189
 1.3400	 1.0366	 0.0198
 1.3450	 1.0307	 0.0192
 1.3500	 0.9910	 0.0182
 1.3550	 1.0394	 0.0267
 1.3600	 1.0174	 0.0259
 1.3650	 1.0121	 0.0289
 1.3700	 0.9976	 0.0272
 1.3750	 1.0330	 0.0259
 1.3800	 0.9985	 0.0259
 1.3900	 1.0176	 0.0266
 1.3950	 1.0520	 0.0262
 1.4000	 1.0380	 0.0240
 1.4050	 0.9994	 0.0260
 1.4100	 1.0476	 0.0253
 1.4200	 1.0478	 0.0216
 1.4250	 1.0072	 0.0201
 1.4300	 1.0214	 0.0213
 1.4350	 1.0300	 0.0212
 1.4400	 1.0159	 0.0190
 1.4450	 1.0101	 0.0209
 1.4500	 1.0012	 0.0202
 1.4550	 1.0400	 0.0188
 1.4600	 1.0466	 0.0176
 1.4650	 1.0534	 0.0192
 1.4700	 1.0539	 0.0204
 1.4750	 1.0115	 0.0211
 1.4800	 1.0217	 0.0188
 1.4850	 1.0551	 0.0184
 1.4900	 1.0326	 0.0190
 1.5100	 1.0112	 0.0178
 1.5150	 1.0210	 0.0174
 1.5200	 1.0232	 0.0186
 1.5250	 1.0348	 0.0180
 1.5300	 1.0367	 0.0177
 1.5350	 1.0288	 0.0195
 1.5400	 1.0230	 0.0185
 1.5450	 1.0210	 0.0179
 1.5500	 1.0312	 0.0192
 1.5550	 1.0330	 0.0187
 1.5600	 1.0118	 0.0191
 1.5650	 1.0433	 0.0196
 1.5700	 1.0449	 0.0195
 1.5750	 1.0206	 0.0190
 1.5800	 1.0359	 0.0180
 1.5850	 1.0330	 0.0200
 1.5900	 1.0568	 0.0203
 1.5950	 1.0489	 0.0209
 1.6000	 1.0552	 0.0218
 1.6050	 1.0319	 0.0190
 1.6100	 1.0291	 0.0205
 1.6150	 1.0642	 0.0217
 1.6200	 1.0478	 0.0197
 1.6250	 1.0554	 0.0193
 1.6300	 1.0605	 0.0188
 1.6350	 1.0532	 0.0197
 1.6400	 1.1006	 0.0197
 1.6500	 1.1063	 0.0206
 1.6550	 1.0634	 0.0209
 1.6600	 1.0446	 0.0224
 1.6650	 1.0674	 0.0220
 1.6700	 1.0965	 0.0222
 1.6750	 1.0862	 0.0221
 1.6800	 1.0496	 0.0189
 1.6850	 1.0608	 0.0197
 1.6900	 1.0638	 0.0208
 1.6950	 1.1162	 0.0214
 1.7000	 1.1217	 0.0213
 1.7050	 1.1126	 0.0208
 1.7100	 1.0495	 0.0208
 1.7150	 1.0409	 0.0213
 1.7200	 1.1217	 0.0244
 1.7250	 1.1167	 0.0200
 1.7300	 1.0537	 0.0214
 1.7350	 1.0417	 0.0213
 1.7400	 1.0640	 0.0219
 1.7450	 1.0589	 0.0207
 1.7500	 1.0953	 0.0219
 1.7550	 1.0950	 0.0223
 1.7600	 1.0760	 0.0222
 1.7650	 1.1095	 0.0214
 1.7700	 1.1029	 0.0219
 1.7750	 1.0831	 0.0234
 1.7800	 1.1052	 0.0272
 1.7850	 1.1348	 0.0247
 1.7900	 1.1129	 0.0225
 1.7950	 1.0972	 0.0220
 1.8000	 1.0810	 0.0236
 1.8050	 1.0825	 0.0250
 1.8100	 1.1024	 0.0263
 1.8150	 1.1193	 0.0274
 1.8200	 1.0979	 0.0282
 1.8250	 1.0894	 0.0285
 1.8300	 1.1272	 0.0285
 1.8350	 1.0456	 0.0293
 1.8400	 1.0534	 0.0346
 1.8450	 1.0766	 0.0400
 1.8500	 1.1537	 0.0416
 1.8550	 1.1264	 0.0383
 1.8600	 1.1428	 0.0406
 1.8650	 1.1376	 0.0360
 1.8700	 1.1031	 0.0388
 1.8750	 1.0597	 0.0392
 1.8800	 1.0542	 0.0450
 1.8850	 1.1311	 0.0426
 1.8900	 1.1270	 0.0326
 1.8950	 1.1404	 0.0350
 1.9000	 1.1395	 0.0343
 1.9050	 1.1082	 0.0387
 1.9100	 1.0779	 0.0370
 1.9150	 1.0488	 0.0417
 1.9300	 1.0957	 0.0339
 1.9350	 1.0580	 0.0324
 1.9400	 1.0589	 0.0314
 1.9500	 1.0970	 0.0314
 1.9550	 1.1618	 0.0329
 1.9600	 1.1516	 0.0371
 1.9650	 1.1753	 0.0344
 1.9700	 1.1002	 0.0319
 1.9750	 1.0643	 0.0350
 1.9800	 1.1361	 0.0306
 1.9850	 1.1684	 0.0296
 2.0000	 1.1566	 0.0299
 2.0050	 1.1111	 0.0311
 2.0100	 1.0562	 0.0393
 2.0200	 1.0769	 0.0412
 2.0250	 1.1409	 0.0385
 2.0300	 1.1568	 0.0331
 2.0350	 1.1047	 0.0309
 2.0400	 1.1448	 0.0302
 2.0450	 1.1309	 0.0279
 2.0500	 1.0943	 0.0309
 2.0550	 1.1416	 0.0291
 2.0600	 1.0535	 0.0294
 2.0650	 1.1021	 0.0329
 2.0700	 1.1306	 0.0339
 2.0750	 1.1149	 0.0335
 2.0800	 1.1674	 0.0319
 2.0850	 1.1454	 0.0295
 2.0900	 1.1257	 0.0288
 2.0950	 1.1219	 0.0298
 2.1000	 1.1088	 0.0329
 2.1050	 1.0933	 0.0308
 2.1100	 1.1231	 0.0307
 2.1150	 1.1358	 0.0303
 2.1200	 1.0804	 0.0305
 2.1250	 1.1084	 0.0324
 2.1300	 1.1337	 0.0314
 2.1350	 1.0779	 0.0284
 2.1400	 1.0979	 0.0314
 2.1450	 1.1193	 0.0315
 2.1500	 1.0999	 0.0317
 2.1550	 1.1132	 0.0334
 2.1600	 1.1333	 0.0337
 2.1650	 1.1686	 0.0356
 2.1700	 1.1716	 0.0338
 2.1750	 1.1773	 0.0339
 2.1800	 1.1984	 0.0339
 2.1850	 1.2035	 0.0373
 2.1900	 1.1513	 0.0357
 2.1950	 1.0876	 0.0315
 2.2000	 1.1312	 0.0333
 2.2050	 1.1980	 0.0382
 2.2100	 1.1428	 0.0351
 2.2150	 1.0999	 0.0336
 2.2200	 1.1507	 0.0357
 2.2250	 1.1520	 0.0361
 2.2300	 1.1443	 0.0357
 2.2350	 1.1950	 0.0396
 2.2400	 1.1919	 0.0358
 2.2450	 1.1814	 0.0380
 2.2500	 1.1664	 0.0399
 2.2550	 1.1691	 0.0404
 2.2600	 1.2210	 0.0377
 2.2650	 1.2282	 0.0403
 2.2700	 1.2312	 0.0383
 2.2750	 1.2010	 0.0375
 2.2800	 1.1526	 0.0401
 2.2850	 1.1781	 0.0421
 2.2900	 1.1710	 0.0459
 2.2950	 1.2397	 0.0439
 2.3000	 1.2724	 0.0430
 2.3050	 1.2108	 0.0420
 2.3100	 1.2270	 0.0396
 2.3150	 1.1323	 0.0379
 2.3300	 1.1498	 0.0422
 2.3350	 1.1363	 0.0405
 2.3400	 1.1426	 0.0455
 2.3450	 1.1441	 0.0436
 2.3500	 1.1786	 0.0464
 2.3550	 1.1985	 0.0427
 2.3600	 1.2123	 0.0426
 2.3650	 1.2133	 0.0488
 2.3700	 1.2929	 0.0463
 2.3750	 1.2437	 0.0442
 2.3800	 1.1958	 0.0447
 2.3850	 1.1890	 0.0470
 2.3900	 1.2572	 0.0471
 2.3950	 1.2684	 0.0445
 2.4000	 1.1883	 0.0423
 2.4050	 1.1919	 0.0464
 2.4250	 1.1747	 0.0534
 2.4300	 1.2661	 0.0505
 2.4350	 1.2767	 0.0540
 2.4400	 1.2581	 0.0529
 2.4450	 1.2159	 0.0514
 2.4500	 1.2366	 0.0578
