 0.8000	 0.8656	 0.0170
 0.8050	 0.8627	 0.0158
 0.8100	 0.8670	 0.0144
 0.8150	 0.8739	 0.0130
 0.8200	 0.8707	 0.0119
 0.8250	 0.8730	 0.0115
 0.8300	 0.8791	 0.0114
 0.8350	 0.8792	 0.0114
 0.8400	 0.8856	 0.0113
 0.8450	 0.8858	 0.0109
 0.8500	 0.8908	 0.0113
 0.8550	 0.8891	 0.0116
 0.8600	 0.8801	 0.0117
 0.8650	 0.8767	 0.0118
 0.8700	 0.8873	 0.0118
 0.8750	 0.8765	 0.0116
 0.8800	 0.8898	 0.0111
 0.8850	 0.8974	 0.0107
 0.8900	 0.8842	 0.0101
 0.8950	 0.8987	 0.0099
 0.9000	 0.8920	 0.0096
 0.9050	 0.8944	 0.0094
 0.9100	 0.9045	 0.0094
 0.9150	 0.9125	 0.0094
 0.9200	 0.9127	 0.0095
 0.9250	 0.9018	 0.0095
 0.9300	 0.8975	 0.0096
 0.9350	 0.9013	 0.0097
 0.9400	 0.8973	 0.0096
 0.9450	 0.9015	 0.0096
 0.9500	 0.9058	 0.0094
 0.9550	 0.9126	 0.0091
 0.9600	 0.9222	 0.0096
 0.9650	 0.9293	 0.0089
 0.9700	 0.9271	 0.0085
 0.9750	 0.9316	 0.0084
 0.9800	 0.9279	 0.0084
 0.9850	 0.9154	 0.0082
 0.9900	 0.9278	 0.0082
 0.9950	 0.9381	 0.0081
 1.0000	 0.9440	 0.0080
 1.0050	 0.9343	 0.0079
 1.0100	 0.9328	 0.0078
 1.0150	 0.9398	 0.0077
 1.0200	 0.9436	 0.0077
 1.0250	 0.9406	 0.0076
 1.0300	 0.9346	 0.0076
 1.0350	 0.9462	 0.0076
 1.0400	 0.9480	 0.0077
 1.0450	 0.9505	 0.0076
 1.0500	 0.9516	 0.0076
 1.0550	 0.9542	 0.0075
 1.0600	 0.9508	 0.0075
 1.0650	 0.9504	 0.0075
 1.0700	 0.9498	 0.0074
 1.0750	 0.9480	 0.0074
 1.0800	 0.9505	 0.0073
 1.0850	 0.9578	 0.0072
 1.0900	 0.9512	 0.0072
 1.0950	 0.9592	 0.0072
 1.1000	 0.9669	 0.0072
 1.1050	 0.9630	 0.0072
 1.1100	 0.9620	 0.0072
 1.1150	 0.9733	 0.0074
 1.1200	 0.9682	 0.0076
 1.1250	 0.9737	 0.0079
 1.1300	 0.9803	 0.0080
 1.1350	 0.9823	 0.0080
 1.1400	 0.9801	 0.0078
 1.1450	 0.9721	 0.0077
 1.1500	 0.9797	 0.0075
 1.1550	 0.9869	 0.0073
 1.1600	 0.9852	 0.0071
 1.1650	 0.9877	 0.0069
 1.1700	 0.9952	 0.0069
 1.1750	 0.9974	 0.0068
 1.1800	 0.9938	 0.0067
 1.1850	 0.9977	 0.0067
 1.1900	 1.0009	 0.0067
 1.1950	 1.0030	 0.0067
 1.2000	 1.0034	 0.0067
 1.2050	 1.0029	 0.0067
 1.2100	 1.0015	 0.0067
 1.2150	 1.0066	 0.0067
 1.2200	 1.0020	 0.0067
 1.2250	 1.0075	 0.0067
 1.2300	 1.0142	 0.0067
 1.2350	 1.0156	 0.0067
 1.2400	 1.0226	 0.0068
 1.2450	 1.0220	 0.0068
 1.2500	 1.0197	 0.0068
 1.2550	 1.0219	 0.0069
 1.2600	 1.0246	 0.0070
 1.2650	 1.0188	 0.0070
 1.2700	 1.0175	 0.0069
 1.2750	 1.0184	 0.0069
 1.2800	 1.0262	 0.0069
 1.2850	 1.0377	 0.0068
 1.2900	 1.0409	 0.0068
 1.2950	 1.0403	 0.0068
 1.3000	 1.0362	 0.0068
 1.3050	 1.0437	 0.0069
 1.3100	 1.0402	 0.0070
 1.3150	 1.0403	 0.0071
 1.3200	 1.0423	 0.0071
 1.3250	 1.0419	 0.0072
 1.3300	 1.0409	 0.0073
 1.3350	 1.0298	 0.0075
 1.3400	 1.0397	 0.0080
 1.3450	 1.0384	 0.0091
 1.3500	 1.0542	 0.0106
 1.3550	 1.0305	 0.0130
 1.3600	 1.0181	 0.0154
 1.3650	 1.0411	 0.0158
 1.3700	 1.0446	 0.0168
 1.3750	 1.0638	 0.0144
 1.3800	 1.0636	 0.0137
 1.3850	 1.0621	 0.0133
 1.3900	 1.0626	 0.0129
 1.3950	 1.0628	 0.0124
 1.4000	 1.0622	 0.0119
 1.4050	 1.0493	 0.0117
 1.4100	 1.0420	 0.0116
 1.4150	 1.0656	 0.0100
 1.4200	 1.0885	 0.0096
 1.4250	 1.0705	 0.0096
 1.4300	 1.0805	 0.0087
 1.4350	 1.0815	 0.0094
 1.4400	 1.0770	 0.0092
 1.4450	 1.0847	 0.0089
 1.4500	 1.0851	 0.0088
 1.4550	 1.0939	 0.0085
 1.4600	 1.0816	 0.0087
 1.4650	 1.0857	 0.0088
 1.4700	 1.0960	 0.0090
 1.4750	 1.0828	 0.0089
 1.4800	 1.0819	 0.0087
 1.4850	 1.0941	 0.0087
 1.4900	 1.0900	 0.0086
 1.4950	 1.0798	 0.0085
 1.5000	 1.0857	 0.0085
 1.5050	 1.0994	 0.0086
 1.5100	 1.1057	 0.0086
 1.5150	 1.1038	 0.0086
 1.5200	 1.0942	 0.0085
 1.5250	 1.1118	 0.0087
 1.5300	 1.0983	 0.0086
 1.5350	 1.0878	 0.0086
 1.5400	 1.1088	 0.0087
 1.5450	 1.1119	 0.0088
 1.5500	 1.1105	 0.0088
 1.5550	 1.1150	 0.0088
 1.5600	 1.1093	 0.0089
 1.5650	 1.1117	 0.0090
 1.5700	 1.1127	 0.0091
 1.5750	 1.1221	 0.0093
 1.5800	 1.1270	 0.0093
 1.5850	 1.1124	 0.0092
 1.5900	 1.1255	 0.0093
 1.5950	 1.1534	 0.0095
 1.6000	 1.1373	 0.0094
 1.6050	 1.1142	 0.0097
 1.6100	 1.1163	 0.0096
 1.6150	 1.1333	 0.0095
 1.6200	 1.1365	 0.0094
 1.6250	 1.1524	 0.0096
 1.6300	 1.1411	 0.0096
 1.6350	 1.1488	 0.0098
 1.6400	 1.1222	 0.0099
 1.6450	 1.1431	 0.0100
 1.6500	 1.1565	 0.0101
 1.6550	 1.1492	 0.0101
 1.6600	 1.1439	 0.0101
 1.6650	 1.1358	 0.0102
 1.6700	 1.1336	 0.0103
 1.6750	 1.1461	 0.0105
 1.6800	 1.1454	 0.0106
 1.6850	 1.1451	 0.0106
 1.6900	 1.1448	 0.0106
 1.6950	 1.1558	 0.0108
 1.7000	 1.1395	 0.0108
 1.7050	 1.1458	 0.0109
 1.7100	 1.1404	 0.0109
 1.7150	 1.1462	 0.0110
 1.7200	 1.1501	 0.0111
 1.7250	 1.1517	 0.0112
 1.7300	 1.1727	 0.0115
 1.7350	 1.1615	 0.0116
 1.7400	 1.1440	 0.0115
 1.7450	 1.1571	 0.0115
 1.7500	 1.1582	 0.0116
 1.7550	 1.1728	 0.0117
 1.7600	 1.1548	 0.0116
 1.7650	 1.1468	 0.0118
 1.7700	 1.1719	 0.0121
 1.7750	 1.1696	 0.0123
 1.7800	 1.1693	 0.0124
 1.7850	 1.1690	 0.0124
 1.7900	 1.1597	 0.0126
 1.7950	 1.1455	 0.0130
 1.8000	 1.1622	 0.0138
 1.8050	 1.1740	 0.0147
 1.8100	 1.1601	 0.0155
 1.8150	 1.1862	 0.0168
 1.8200	 1.1764	 0.0179
 1.8250	 1.1552	 0.0192
 1.8300	 1.1772	 0.0215
 1.8350	 1.1652	 0.0256
 1.8400	 1.1961	 0.0289
 1.8450	 1.1900	 0.0309
 1.8500	 1.1626	 0.0301
 1.8550	 1.1914	 0.0296
 1.8600	 1.1853	 0.0284
 1.8650	 1.1720	 0.0294
 1.8700	 1.1754	 0.0348
 1.8750	 1.1815	 0.0411
 1.8800	 1.1691	 0.0333
 1.8850	 1.1551	 0.0274
 1.8900	 1.1952	 0.0240
 1.8950	 1.1959	 0.0249
 1.9000	 1.2068	 0.0281
 1.9050	 1.2175	 0.0308
 1.9100	 1.1995	 0.0312
 1.9150	 1.1944	 0.0292
 1.9200	 1.1929	 0.0268
 1.9250	 1.2065	 0.0250
 1.9300	 1.2318	 0.0236
 1.9350	 1.2224	 0.0225
 1.9400	 1.2145	 0.0217
 1.9450	 1.2221	 0.0216
 1.9500	 1.2195	 0.0221
 1.9550	 1.2058	 0.0228
 1.9600	 1.2094	 0.0232
 1.9650	 1.2183	 0.0225
 1.9700	 1.2182	 0.0210
 1.9750	 1.2071	 0.0192
 1.9800	 1.2083	 0.0181
 1.9850	 1.2154	 0.0175
 1.9900	 1.2278	 0.0176
 1.9950	 1.1917	 0.0192
 2.0000	 1.2108	 0.0218
 2.0050	 1.2105	 0.0262
 2.0150	 1.2252	 0.0268
 2.0200	 1.2236	 0.0245
 2.0250	 1.2291	 0.0222
 2.0300	 1.2199	 0.0197
 2.0350	 1.2279	 0.0185
 2.0400	 1.2494	 0.0185
 2.0450	 1.2254	 0.0188
 2.0500	 1.2086	 0.0199
 2.0550	 1.2339	 0.0216
 2.0600	 1.2436	 0.0219
 2.0650	 1.2156	 0.0215
 2.0700	 1.2538	 0.0215
 2.0750	 1.2613	 0.0209
 2.0800	 1.2307	 0.0197
 2.0850	 1.2510	 0.0196
 2.0900	 1.2440	 0.0195
 2.0950	 1.2418	 0.0194
 2.1000	 1.2485	 0.0195
 2.1050	 1.2498	 0.0196
 2.1100	 1.2318	 0.0196
 2.1150	 1.2501	 0.0200
 2.1200	 1.2401	 0.0200
 2.1250	 1.2336	 0.0200
 2.1300	 1.2597	 0.0204
 2.1350	 1.2407	 0.0204
 2.1400	 1.2323	 0.0205
 2.1450	 1.2456	 0.0210
 2.1500	 1.2151	 0.0211
 2.1550	 1.2537	 0.0216
 2.1600	 1.2566	 0.0221
 2.1650	 1.2670	 0.0228
 2.1700	 1.2435	 0.0226
 2.1750	 1.2443	 0.0227
 2.1800	 1.2669	 0.0229
 2.1850	 1.2772	 0.0247
 2.1900	 1.2783	 0.0236
 2.1950	 1.2501	 0.0237
 2.2000	 1.2542	 0.0244
 2.2050	 1.2526	 0.0244
 2.2100	 1.2827	 0.0248
 2.2150	 1.2949	 0.0250
 2.2200	 1.2921	 0.0254
 2.2250	 1.2595	 0.0254
 2.2300	 1.2556	 0.0256
 2.2350	 1.2711	 0.0261
 2.2400	 1.2931	 0.0269
 2.2450	 1.2731	 0.0270
 2.2500	 1.2691	 0.0274
 2.2550	 1.2654	 0.0279
 2.2600	 1.3091	 0.0269
 2.2650	 1.2608	 0.0285
 2.2700	 1.2564	 0.0288
 2.2750	 1.2721	 0.0294
 2.2800	 1.2871	 0.0297
 2.2850	 1.3028	 0.0303
 2.2900	 1.3065	 0.0310
 2.2950	 1.2851	 0.0312
 2.3000	 1.3054	 0.0313
 2.3050	 1.2915	 0.0311
 2.3100	 1.2963	 0.0313
 2.3150	 1.3074	 0.0328
 2.3250	 1.3098	 0.0324
 2.3300	 1.2921	 0.0329
 2.3400	 1.3086	 0.0345
 2.3450	 1.3288	 0.0353
 2.3500	 1.3524	 0.0356
 2.3550	 1.3398	 0.0352
 2.3600	 1.3232	 0.0357
 2.3650	 1.3351	 0.0365
 2.3700	 1.2770	 0.0386
 2.3800	 1.2951	 0.0370
 2.3950	 1.3359	 0.0369
 2.4000	 1.3359	 0.0375
 2.4050	 1.2542	 0.0391
 2.4100	 1.3355	 0.0392
 2.4150	 1.3392	 0.0386
 2.4200	 1.2627	 0.0389
 2.4250	 1.2898	 0.0385
 2.4350	 1.2539	 0.0399
 2.4400	 1.3153	 0.0387
 2.4500	 1.3137	 0.1000
