 0.8200	 0.9255	 0.0032
 0.8250	 0.9312	 0.0034
 0.8300	 0.9319	 0.0034
 0.8350	 0.9291	 0.0033
 0.8400	 0.9375	 0.0033
 0.8450	 0.9437	 0.0034
 0.8500	 0.9402	 0.0034
 0.8550	 0.9400	 0.0036
 0.8600	 0.9337	 0.0035
 0.8650	 0.9323	 0.0029
 0.8700	 0.9149	 0.0036
 0.8750	 0.9337	 0.0032
 0.8800	 0.9403	 0.0031
 0.8850	 0.9398	 0.0030
 0.8900	 0.9534	 0.0030
 0.8950	 0.9523	 0.0030
 0.9000	 0.9577	 0.0030
 0.9050	 0.9562	 0.0029
 0.9100	 0.9663	 0.0030
 0.9150	 0.9557	 0.0029
 0.9200	 0.9595	 0.0030
 0.9250	 0.9562	 0.0031
 0.9300	 0.9577	 0.0033
 0.9350	 0.9573	 0.0030
 0.9400	 0.9607	 0.0029
 0.9450	 0.9671	 0.0029
 0.9500	 0.9760	 0.0029
 0.9550	 0.9835	 0.0028
 0.9600	 0.9814	 0.0028
 0.9650	 0.9827	 0.0027
 0.9700	 0.9763	 0.0027
 0.9750	 0.9760	 0.0026
 0.9800	 0.9830	 0.0026
 0.9850	 0.9846	 0.0026
 0.9900	 0.9854	 0.0026
 0.9950	 0.9840	 0.0026
 1.0000	 0.9845	 0.0026
 1.0050	 0.9837	 0.0026
 1.0100	 0.9910	 0.0026
 1.0150	 0.9878	 0.0025
 1.0200	 0.9884	 0.0026
 1.0250	 0.9887	 0.0025
 1.0300	 0.9933	 0.0025
 1.0350	 0.9855	 0.0025
 1.0400	 1.0002	 0.0025
 1.0450	 1.0008	 0.0025
 1.0500	 0.9964	 0.0025
 1.0550	 0.9933	 0.0024
 1.0600	 0.9995	 0.0025
 1.0650	 0.9916	 0.0025
 1.0700	 0.9925	 0.0025
 1.0750	 1.0009	 0.0024
 1.0800	 1.0015	 0.0024
 1.0850	 1.0022	 0.0024
 1.0900	 0.9992	 0.0024
 1.0950	 1.0003	 0.0024
 1.1000	 1.0005	 0.0024
 1.1050	 1.0098	 0.0025
 1.1100	 0.9903	 0.0029
 1.1150	 0.9815	 0.0031
 1.1200	 1.0068	 0.0036
 1.1250	 1.0038	 0.0031
 1.1300	 0.9982	 0.0026
 1.1350	 0.9923	 0.0025
 1.1400	 0.9889	 0.0026
 1.1450	 0.9898	 0.0031
 1.1500	 1.0024	 0.0030
 1.1550	 1.0007	 0.0024
 1.1600	 1.0025	 0.0024
 1.1650	 1.0002	 0.0024
 1.1700	 1.0013	 0.0023
 1.1750	 1.0057	 0.0024
 1.1800	 1.0079	 0.0022
 1.1850	 1.0101	 0.0022
 1.1900	 1.0050	 0.0022
 1.1950	 1.0081	 0.0022
 1.2000	 1.0065	 0.0022
 1.2050	 1.0102	 0.0022
 1.2100	 1.0075	 0.0023
 1.2150	 1.0096	 0.0023
 1.2200	 1.0149	 0.0022
 1.2250	 1.0134	 0.0022
 1.2300	 1.0215	 0.0022
 1.2350	 1.0180	 0.0023
 1.2400	 1.0170	 0.0022
 1.2450	 1.0225	 0.0023
 1.2500	 1.0224	 0.0023
 1.2550	 1.0155	 0.0024
 1.2600	 1.0193	 0.0029
 1.2650	 1.0284	 0.0024
 1.2700	 1.0226	 0.0023
 1.2750	 1.0139	 0.0024
 1.2800	 1.0145	 0.0024
 1.2850	 1.0213	 0.0022
 1.2900	 1.0271	 0.0022
 1.2950	 1.0303	 0.0023
 1.3000	 1.0348	 0.0024
 1.3050	 1.0254	 0.0023
 1.3100	 1.0250	 0.0023
 1.3150	 1.0265	 0.0023
 1.3200	 1.0359	 0.0023
 1.3250	 1.0283	 0.0024
 1.3300	 1.0248	 0.0026
 1.3350	 1.0175	 0.0027
 1.3500	 1.0058	 0.0107
 1.3650	 1.0312	 0.0051
 1.3700	 1.0330	 0.0036
 1.3750	 0.9994	 0.0042
 1.3800	 1.0079	 0.0038
 1.3850	 1.0479	 0.0029
 1.3900	 1.0365	 0.0036
 1.3950	 1.0077	 0.0040
 1.4000	 1.0298	 0.0031
 1.4050	 1.0366	 0.0031
 1.4100	 1.0329	 0.0030
 1.4150	 1.0297	 0.0036
 1.4200	 1.0237	 0.0028
 1.4250	 1.0268	 0.0027
 1.4300	 1.0302	 0.0027
 1.4400	 1.0357	 0.0028
 1.4450	 1.0301	 0.0025
 1.4500	 1.0275	 0.0029
 1.4550	 1.0247	 0.0029
 1.4600	 1.0224	 0.0027
 1.4650	 1.0253	 0.0027
 1.4700	 1.0301	 0.0027
 1.4750	 1.0290	 0.0026
 1.4800	 1.0317	 0.0027
 1.4850	 1.0276	 0.0027
 1.4900	 1.0226	 0.0026
 1.4950	 1.0154	 0.0026
 1.5000	 1.0173	 0.0026
 1.5050	 1.0175	 0.0026
 1.5100	 1.0173	 0.0027
 1.5150	 1.0212	 0.0025
 1.5200	 1.0248	 0.0026
 1.5250	 1.0266	 0.0027
 1.5300	 1.0239	 0.0026
 1.5350	 1.0280	 0.0027
 1.5400	 1.0282	 0.0026
 1.5450	 1.0320	 0.0026
 1.5500	 1.0326	 0.0028
 1.5550	 1.0388	 0.0028
 1.5600	 1.0368	 0.0027
 1.5650	 1.0374	 0.0028
 1.5700	 1.0384	 0.0028
 1.5750	 1.0311	 0.0029
 1.5800	 1.0374	 0.0028
 1.5850	 1.0324	 0.0028
 1.5900	 1.0358	 0.0029
 1.5950	 1.0332	 0.0028
 1.6000	 1.0404	 0.0028
 1.6050	 1.0356	 0.0028
 1.6100	 1.0366	 0.0033
 1.6150	 1.0396	 0.0034
 1.6200	 1.0409	 0.0029
 1.6250	 1.0367	 0.0030
 1.6300	 1.0392	 0.0028
 1.6350	 1.0360	 0.0030
 1.6400	 1.0367	 0.0030
 1.6450	 1.0390	 0.0029
 1.6500	 1.0380	 0.0029
 1.6550	 1.0434	 0.0029
 1.6600	 1.0373	 0.0031
 1.6650	 1.0352	 0.0036
 1.6700	 1.0337	 0.0030
 1.6750	 1.0338	 0.0031
 1.6800	 1.0369	 0.0032
 1.6850	 1.0388	 0.0031
 1.6900	 1.0299	 0.0032
 1.6950	 1.0343	 0.0032
 1.7000	 1.0245	 0.0032
 1.7050	 1.0363	 0.0031
 1.7100	 1.0418	 0.0031
 1.7150	 1.0405	 0.0032
 1.7200	 1.0352	 0.0033
 1.7250	 1.0407	 0.0033
 1.7300	 1.0430	 0.0034
 1.7350	 1.0446	 0.0034
 1.7400	 1.0475	 0.0034
 1.7450	 1.0473	 0.0038
 1.7500	 1.0393	 0.0033
 1.7550	 1.0469	 0.0033
 1.7600	 1.0427	 0.0033
 1.7650	 1.0376	 0.0033
 1.7700	 1.0433	 0.0035
 1.7750	 1.0434	 0.0036
 1.7800	 1.0472	 0.0035
 1.7850	 1.0596	 0.0035
 1.7900	 1.0438	 0.0036
 1.7950	 1.0334	 0.0038
 1.8000	 1.0361	 0.0040
 1.8050	 1.0500	 0.0042
 1.8100	 1.0530	 0.0048
 1.8150	 1.0556	 0.0044
 1.8200	 1.0746	 0.0057
 1.8250	 1.0550	 0.0043
 1.8300	 1.0545	 0.0070
 1.8350	 1.0803	 0.0101
 1.8400	 1.0667	 0.0074
 1.8450	 1.0527	 0.0058
 1.8500	 1.0388	 0.0062
 1.8550	 1.0623	 0.0058
 1.8600	 1.0475	 0.0048
 1.8650	 1.0592	 0.0081
 1.8700	 1.0560	 0.0081
 1.8750	 1.0377	 0.0078
 1.8800	 1.0531	 0.0071
 1.8850	 1.0668	 0.0067
 1.8900	 1.0572	 0.0055
 1.8950	 1.0616	 0.0066
 1.9000	 1.0695	 0.0066
 1.9050	 1.0655	 0.0064
 1.9100	 1.0495	 0.0057
 1.9150	 1.0626	 0.0058
 1.9200	 1.0635	 0.0058
 1.9250	 1.0465	 0.0051
 1.9300	 1.0612	 0.0049
 1.9350	 1.0569	 0.0047
 1.9400	 1.0555	 0.0047
 1.9450	 1.0590	 0.0051
 1.9500	 1.0633	 0.0057
 1.9550	 1.0689	 0.0058
 1.9600	 1.0754	 0.0055
 1.9650	 1.0786	 0.0052
 1.9700	 1.0769	 0.0050
 1.9750	 1.0641	 0.0049
 1.9800	 1.0618	 0.0042
 1.9850	 1.0695	 0.0043
 1.9900	 1.0543	 0.0049
 1.9950	 1.1011	 0.0074
 2.0000	 1.0889	 0.0089
 2.0050	 1.0688	 0.0086
 2.0100	 1.0782	 0.0057
 2.0200	 1.0617	 0.0072
 2.0250	 1.0764	 0.0060
 2.0300	 1.0785	 0.0046
 2.0350	 1.0746	 0.0045
 2.0400	 1.0771	 0.0045
 2.0450	 1.0754	 0.0059
 2.0500	 1.0883	 0.0062
 2.0550	 1.0932	 0.0059
 2.0600	 1.0788	 0.0049
 2.0650	 1.0848	 0.0050
 2.0700	 1.1032	 0.0057
 2.0750	 1.1110	 0.0060
 2.0800	 1.0865	 0.0047
 2.0850	 1.0814	 0.0046
 2.0900	 1.0874	 0.0047
 2.0950	 1.0879	 0.0048
 2.1000	 1.0878	 0.0048
 2.1050	 1.0839	 0.0049
 2.1100	 1.0791	 0.0048
 2.1150	 1.0850	 0.0049
 2.1200	 1.0823	 0.0049
 2.1250	 1.0826	 0.0049
 2.1300	 1.0841	 0.0050
 2.1350	 1.0873	 0.0050
 2.1400	 1.0804	 0.0049
 2.1450	 1.0787	 0.0052
 2.1500	 1.0758	 0.0053
 2.1550	 1.0785	 0.0055
 2.1600	 1.0842	 0.0053
 2.1650	 1.0882	 0.0053
 2.1700	 1.0891	 0.0054
 2.1750	 1.0854	 0.0053
 2.1800	 1.0811	 0.0056
 2.1850	 1.0859	 0.0054
 2.1900	 1.0753	 0.0055
 2.1950	 1.0689	 0.0056
 2.2000	 1.0855	 0.0056
 2.2050	 1.0843	 0.0057
 2.2100	 1.0879	 0.0057
 2.2150	 1.0899	 0.0058
 2.2200	 1.0871	 0.0057
 2.2250	 1.0866	 0.0057
 2.2300	 1.0879	 0.0058
 2.2350	 1.0805	 0.0060
 2.2400	 1.0795	 0.0060
 2.2450	 1.0852	 0.0062
 2.2500	 1.0847	 0.0061
 2.2550	 1.0821	 0.0061
 2.2600	 1.0909	 0.0063
 2.2650	 1.0888	 0.0062
 2.2700	 1.0847	 0.0062
 2.2750	 1.0881	 0.0065
 2.2800	 1.0920	 0.0065
 2.2850	 1.0856	 0.0065
 2.2900	 1.0842	 0.0066
 2.2950	 1.0809	 0.0067
 2.3000	 1.0939	 0.0068
 2.3050	 1.0964	 0.0065
 2.3100	 1.0895	 0.0074
 2.3150	 1.0832	 0.0080
 2.3200	 1.0913	 0.0069
 2.3250	 1.1011	 0.0071
 2.3300	 1.0922	 0.0070
 2.3350	 1.0880	 0.0074
 2.3400	 1.0863	 0.0073
 2.3450	 1.0927	 0.0072
 2.3500	 1.0987	 0.0076
 2.3550	 1.1019	 0.0074
 2.3600	 1.1068	 0.0073
 2.3650	 1.0961	 0.0077
 2.3700	 1.0944	 0.0079
 2.3750	 1.0926	 0.0075
 2.3800	 1.0887	 0.0074
 2.3850	 1.0991	 0.0078
 2.3900	 1.0938	 0.0080
 2.3950	 1.1069	 0.0078
 2.4050	 1.1148	 0.0082
 2.4100	 1.1108	 0.0084
 2.4150	 1.1070	 0.0088
 2.4200	 1.1138	 0.0085
 2.4250	 1.1062	 0.0089
 2.4300	 1.1158	 0.0094
 2.4350	 1.1186	 0.0101
 2.4400	 1.1060	 0.0073
 2.4500	 1.0832	 0.0083
 2.4550	 1.0825	 0.0076
 2.4600	 1.0894	 0.0073
 2.4650	 1.0940	 0.0073
 2.4700	 1.0881	 0.0077
 2.4750	 1.1032	 0.0081
