 0.8200	 0.9093	 0.0041
 0.8250	 0.8937	 0.0037
 0.8300	 0.9026	 0.0039
 0.8350	 0.9041	 0.0040
 0.8400	 0.9156	 0.0035
 0.8450	 0.9205	 0.0036
 0.8500	 0.9187	 0.0038
 0.8550	 0.9212	 0.0039
 0.8600	 0.9155	 0.0037
 0.8650	 0.9182	 0.0040
 0.8700	 0.9225	 0.0040
 0.8750	 0.9236	 0.0040
 0.8800	 0.9328	 0.0041
 0.8850	 0.9404	 0.0040
 0.8900	 0.9385	 0.0036
 0.8950	 0.9412	 0.0032
 0.9000	 0.9415	 0.0031
 0.9050	 0.9405	 0.0031
 0.9100	 0.9395	 0.0033
 0.9150	 0.9468	 0.0033
 0.9200	 0.9493	 0.0033
 0.9250	 0.9340	 0.0037
 0.9300	 0.9416	 0.0034
 0.9350	 0.9511	 0.0037
 0.9400	 0.9516	 0.0035
 0.9450	 0.9576	 0.0034
 0.9500	 0.9593	 0.0032
 0.9550	 0.9599	 0.0037
 0.9600	 0.9597	 0.0033
 0.9650	 0.9628	 0.0030
 0.9700	 0.9595	 0.0030
 0.9750	 0.9677	 0.0033
 0.9800	 0.9684	 0.0029
 0.9850	 0.9695	 0.0031
 0.9900	 0.9714	 0.0029
 0.9950	 0.9738	 0.0032
 1.0000	 0.9763	 0.0032
 1.0050	 0.9795	 0.0029
 1.0100	 0.9859	 0.0029
 1.0150	 0.9788	 0.0030
 1.0200	 0.9786	 0.0030
 1.0250	 0.9830	 0.0030
 1.0300	 0.9806	 0.0033
 1.0350	 0.9859	 0.0029
 1.0400	 0.9829	 0.0030
 1.0450	 0.9762	 0.0029
 1.0500	 0.9845	 0.0027
 1.0550	 0.9854	 0.0030
 1.0600	 0.9870	 0.0028
 1.0650	 0.9927	 0.0029
 1.0700	 0.9968	 0.0028
 1.0750	 0.9899	 0.0028
 1.0800	 0.9920	 0.0027
 1.0850	 0.9920	 0.0026
 1.0900	 0.9987	 0.0027
 1.0950	 0.9991	 0.0027
 1.1000	 1.0005	 0.0029
 1.1050	 0.9892	 0.0037
 1.1100	 1.0130	 0.0033
 1.1150	 0.9946	 0.0037
 1.1200	 1.0175	 0.0031
 1.1250	 1.0085	 0.0033
 1.1300	 1.0099	 0.0031
 1.1350	 1.0011	 0.0031
 1.1400	 1.0057	 0.0034
 1.1450	 1.0081	 0.0038
 1.1500	 1.0020	 0.0035
 1.1550	 1.0097	 0.0033
 1.1600	 1.0132	 0.0031
 1.1650	 1.0131	 0.0029
 1.1700	 1.0171	 0.0028
 1.1750	 1.0158	 0.0026
 1.1800	 1.0160	 0.0026
 1.1850	 1.0168	 0.0029
 1.1900	 1.0216	 0.0026
 1.1950	 1.0164	 0.0026
 1.2000	 1.0125	 0.0026
 1.2050	 1.0151	 0.0026
 1.2100	 1.0123	 0.0027
 1.2150	 1.0184	 0.0026
 1.2200	 1.0164	 0.0025
 1.2250	 1.0211	 0.0026
 1.2300	 1.0198	 0.0026
 1.2350	 1.0181	 0.0027
 1.2400	 1.0249	 0.0028
 1.2450	 1.0124	 0.0027
 1.2500	 1.0164	 0.0026
 1.2550	 1.0196	 0.0036
 1.2600	 1.0162	 0.0042
 1.2650	 1.0091	 0.0027
 1.2700	 1.0142	 0.0027
 1.2750	 1.0270	 0.0028
 1.2800	 1.0236	 0.0031
 1.2850	 1.0201	 0.0030
 1.2900	 1.0217	 0.0029
 1.2950	 1.0276	 0.0028
 1.3000	 1.0212	 0.0027
 1.3050	 1.0247	 0.0029
 1.3100	 1.0297	 0.0027
 1.3150	 1.0224	 0.0028
 1.3200	 1.0206	 0.0028
 1.3250	 1.0184	 0.0030
 1.3300	 1.0245	 0.0034
 1.3350	 1.0309	 0.0032
 1.3400	 1.0258	 0.0035
 1.3450	 1.0227	 0.0035
 1.3500	 1.0491	 0.0038
 1.3550	 1.0268	 0.0046
 1.3600	 1.0343	 0.0061
 1.3650	 1.0285	 0.0039
 1.3700	 1.0374	 0.0057
 1.3750	 1.0256	 0.0047
 1.3800	 1.0216	 0.0041
 1.3850	 1.0248	 0.0047
 1.3900	 1.0319	 0.0052
 1.3950	 1.0346	 0.0044
 1.4000	 1.0296	 0.0041
 1.4050	 1.0330	 0.0046
 1.4100	 1.0455	 0.0038
 1.4150	 1.0420	 0.0042
 1.4200	 1.0354	 0.0039
 1.4250	 1.0343	 0.0033
 1.4300	 1.0358	 0.0036
 1.4350	 1.0301	 0.0031
 1.4400	 1.0336	 0.0033
 1.4450	 1.0489	 0.0036
 1.4500	 1.0371	 0.0034
 1.4550	 1.0392	 0.0033
 1.4600	 1.0328	 0.0031
 1.4650	 1.0345	 0.0031
 1.4700	 1.0349	 0.0033
 1.4750	 1.0370	 0.0032
 1.4800	 1.0374	 0.0030
 1.4850	 1.0312	 0.0035
 1.4900	 1.0341	 0.0031
 1.4950	 1.0362	 0.0029
 1.5000	 1.0347	 0.0029
 1.5050	 1.0353	 0.0032
 1.5100	 1.0385	 0.0030
 1.5150	 1.0313	 0.0031
 1.5200	 1.0334	 0.0029
 1.5250	 1.0338	 0.0032
 1.5300	 1.0330	 0.0030
 1.5350	 1.0351	 0.0029
 1.5400	 1.0386	 0.0030
 1.5450	 1.0404	 0.0030
 1.5500	 1.0355	 0.0031
 1.5550	 1.0334	 0.0033
 1.5600	 1.0315	 0.0031
 1.5650	 1.0346	 0.0033
 1.5700	 1.0341	 0.0033
 1.5750	 1.0395	 0.0035
 1.5800	 1.0428	 0.0037
 1.5850	 1.0357	 0.0035
 1.5900	 1.0341	 0.0032
 1.5950	 1.0365	 0.0031
 1.6000	 1.0383	 0.0034
 1.6050	 1.0375	 0.0032
 1.6100	 1.0368	 0.0033
 1.6150	 1.0302	 0.0036
 1.6200	 1.0324	 0.0031
 1.6250	 1.0339	 0.0031
 1.6300	 1.0343	 0.0031
 1.6350	 1.0365	 0.0034
 1.6400	 1.0432	 0.0034
 1.6450	 1.0363	 0.0033
 1.6500	 1.0357	 0.0032
 1.6550	 1.0316	 0.0032
 1.6600	 1.0267	 0.0034
 1.6650	 1.0280	 0.0035
 1.6700	 1.0367	 0.0035
 1.6750	 1.0361	 0.0034
 1.6800	 1.0306	 0.0034
 1.6850	 1.0349	 0.0035
 1.6900	 1.0378	 0.0036
 1.6950	 1.0318	 0.0038
 1.7000	 1.0310	 0.0034
 1.7050	 1.0316	 0.0034
 1.7100	 1.0248	 0.0036
 1.7150	 1.0316	 0.0037
 1.7200	 1.0325	 0.0035
 1.7250	 1.0340	 0.0036
 1.7300	 1.0300	 0.0035
 1.7350	 1.0319	 0.0035
 1.7400	 1.0306	 0.0036
 1.7450	 1.0308	 0.0037
 1.7500	 1.0335	 0.0039
 1.7550	 1.0316	 0.0039
 1.7600	 1.0273	 0.0037
 1.7650	 1.0400	 0.0038
 1.7700	 1.0294	 0.0038
 1.7750	 1.0309	 0.0038
 1.7800	 1.0348	 0.0038
 1.7850	 1.0313	 0.0039
 1.7900	 1.0346	 0.0043
 1.7950	 1.0351	 0.0041
 1.8000	 1.0284	 0.0046
 1.8050	 1.0323	 0.0048
 1.8100	 1.0325	 0.0051
 1.8150	 1.0349	 0.0051
 1.8200	 1.0439	 0.0052
 1.8250	 1.0406	 0.0055
 1.8300	 1.0334	 0.0067
 1.8350	 1.0324	 0.0058
 1.8400	 1.0385	 0.0060
 1.8450	 1.0281	 0.0063
 1.8500	 1.0218	 0.0060
 1.8550	 1.0432	 0.0068
 1.8600	 1.0274	 0.0069
 1.8700	 1.0343	 0.0103
 1.8750	 1.0399	 0.0089
 1.8800	 1.0396	 0.0069
 1.8850	 1.0279	 0.0066
 1.8900	 1.0113	 0.0062
 1.9000	 1.0234	 0.0064
 1.9050	 1.0328	 0.0064
 1.9100	 1.0300	 0.0069
 1.9150	 1.0367	 0.0068
 1.9200	 1.0383	 0.0063
 1.9250	 1.0321	 0.0061
 1.9300	 1.0425	 0.0055
 1.9350	 1.0425	 0.0050
 1.9400	 1.0414	 0.0049
 1.9450	 1.0328	 0.0051
 1.9500	 1.0174	 0.0055
 1.9550	 1.0112	 0.0060
 1.9600	 1.0138	 0.0062
 1.9650	 1.0272	 0.0064
 1.9700	 1.0248	 0.0058
 1.9750	 1.0228	 0.0054
 1.9800	 1.0251	 0.0047
 1.9850	 1.0353	 0.0045
 1.9900	 1.0304	 0.0053
 1.9950	 1.0272	 0.0058
 2.0000	 1.0001	 0.0055
 2.0050	 1.0250	 0.0079
 2.0200	 1.0286	 0.0084
 2.0250	 1.0244	 0.0065
 2.0300	 1.0198	 0.0052
 2.0350	 1.0265	 0.0054
 2.0400	 1.0301	 0.0054
 2.0450	 1.0320	 0.0056
 2.0500	 1.0150	 0.0058
 2.0550	 1.0178	 0.0059
 2.0600	 1.0176	 0.0053
 2.0650	 1.0217	 0.0053
 2.0700	 1.0268	 0.0057
 2.0750	 1.0236	 0.0054
 2.0800	 1.0186	 0.0053
 2.0850	 1.0320	 0.0050
 2.0900	 1.0349	 0.0052
 2.0950	 1.0275	 0.0057
 2.1000	 1.0276	 0.0054
 2.1050	 1.0309	 0.0058
 2.1100	 1.0319	 0.0051
 2.1150	 1.0287	 0.0051
 2.1200	 1.0315	 0.0051
 2.1250	 1.0400	 0.0053
 2.1300	 1.0367	 0.0052
 2.1350	 1.0335	 0.0051
 2.1400	 1.0351	 0.0052
 2.1450	 1.0335	 0.0052
 2.1500	 1.0339	 0.0056
 2.1550	 1.0324	 0.0054
 2.1600	 1.0354	 0.0057
 2.1650	 1.0392	 0.0056
 2.1700	 1.0401	 0.0058
 2.1750	 1.0387	 0.0057
 2.1800	 1.0318	 0.0057
 2.1850	 1.0298	 0.0057
 2.1900	 1.0363	 0.0058
 2.1950	 1.0336	 0.0060
 2.2000	 1.0205	 0.0065
 2.2050	 1.0141	 0.0068
 2.2100	 1.0286	 0.0062
 2.2150	 1.0297	 0.0065
 2.2200	 1.0319	 0.0063
 2.2250	 1.0343	 0.0063
 2.2300	 1.0154	 0.0071
 2.2350	 1.0193	 0.0066
 2.2400	 1.0320	 0.0066
 2.2450	 1.0204	 0.0068
 2.2500	 1.0290	 0.0065
 2.2550	 1.0145	 0.0072
 2.2600	 1.0159	 0.0072
 2.2650	 1.0119	 0.0072
 2.2700	 1.0148	 0.0072
 2.2750	 1.0282	 0.0070
 2.2800	 1.0237	 0.0074
 2.2850	 1.0119	 0.0078
 2.2900	 1.0241	 0.0072
 2.2950	 1.0250	 0.0074
 2.3000	 1.0222	 0.0076
 2.3050	 1.0111	 0.0076
 2.3100	 1.0329	 0.0087
 2.3150	 1.0317	 0.0085
 2.3200	 1.0275	 0.0077
 2.3250	 1.0305	 0.0083
 2.3300	 1.0237	 0.0082
 2.3350	 1.0348	 0.0080
 2.3400	 1.0281	 0.0080
 2.3450	 1.0257	 0.0086
 2.3500	 1.0156	 0.0083
 2.3550	 1.0213	 0.0092
 2.3600	 1.0287	 0.0086
 2.3650	 1.0284	 0.0086
 2.3700	 1.0208	 0.0092
 2.3750	 1.0109	 0.0089
 2.3800	 1.0225	 0.0091
 2.3850	 1.0369	 0.0103
 2.3900	 1.0796	 0.0108
 2.3950	 1.0406	 0.0097
 2.4000	 1.0444	 0.0102
 2.4050	 1.0513	 0.0110
 2.4100	 1.0549	 0.0116
 2.4150	 1.0537	 0.0115
 2.4200	 1.0434	 0.0123
 2.4250	 1.0456	 0.0125
 2.4300	 1.0539	 0.0134
 2.4400	 1.0506	 0.0153
 2.4450	 1.0346	 0.0157
 2.4550	 1.0618	 0.0164
 2.4600	 1.0467	 0.0140
 2.4650	 1.0416	 0.0141
