 0.7800	 0.9652	 0.0093
 0.7850	 0.9664	 0.0096
 0.7900	 0.9841	 0.0093
 0.7950	 0.9905	 0.0091
 0.8000	 0.9691	 0.0093
 0.8050	 0.9664	 0.0090
 0.8100	 0.9799	 0.0091
 0.8150	 0.9769	 0.0092
 0.8200	 0.9830	 0.0088
 0.8250	 0.9819	 0.0088
 0.8300	 0.9781	 0.0091
 0.8350	 0.9803	 0.0086
 0.8400	 0.9935	 0.0086
 0.8450	 0.9949	 0.0084
 0.8500	 0.9997	 0.0087
 0.8550	 0.9920	 0.0088
 0.8600	 1.0025	 0.0086
 0.8650	 0.9912	 0.0087
 0.8700	 0.9808	 0.0094
 0.8750	 0.9854	 0.0087
 0.8800	 0.9976	 0.0083
 0.8850	 0.9839	 0.0080
 0.8900	 0.9781	 0.0079
 0.8950	 0.9900	 0.0078
 0.9000	 0.9787	 0.0081
 0.9050	 0.9769	 0.0075
 0.9100	 0.9883	 0.0075
 0.9150	 0.9853	 0.0074
 0.9200	 0.9761	 0.0075
 0.9250	 0.9765	 0.0073
 0.9300	 0.9902	 0.0076
 0.9350	 0.9757	 0.0074
 0.9400	 0.9804	 0.0076
 0.9450	 0.9812	 0.0077
 0.9500	 0.9785	 0.0076
 0.9550	 0.9703	 0.0074
 0.9600	 0.9728	 0.0076
 0.9650	 0.9650	 0.0075
 0.9700	 0.9639	 0.0083
 0.9750	 0.9711	 0.0074
 0.9800	 0.9724	 0.0072
 0.9850	 0.9764	 0.0074
 0.9900	 0.9756	 0.0076
 0.9950	 0.9607	 0.0069
 1.0000	 0.9758	 0.0069
 1.0050	 0.9812	 0.0067
 1.0100	 0.9771	 0.0066
 1.0150	 0.9802	 0.0065
 1.0200	 0.9805	 0.0071
 1.0250	 0.9640	 0.0066
 1.0300	 0.9688	 0.0065
 1.0350	 0.9636	 0.0068
 1.0400	 0.9627	 0.0065
 1.0450	 0.9687	 0.0067
 1.0500	 0.9631	 0.0065
 1.0550	 0.9540	 0.0063
 1.0600	 0.9546	 0.0061
 1.0650	 0.9596	 0.0062
 1.0700	 0.9707	 0.0065
 1.0750	 0.9655	 0.0065
 1.0800	 0.9731	 0.0061
 1.0850	 0.9702	 0.0061
 1.0900	 0.9593	 0.0065
 1.0950	 0.9634	 0.0062
 1.1000	 0.9856	 0.0062
 1.1050	 0.9765	 0.0063
 1.1100	 0.9767	 0.0060
 1.1150	 0.9770	 0.0059
 1.1200	 0.9687	 0.0055
 1.1250	 0.9775	 0.0055
 1.1300	 0.9642	 0.0058
 1.1350	 0.9731	 0.0060
 1.1400	 0.9751	 0.0066
 1.1450	 0.9707	 0.0056
 1.1500	 0.9702	 0.0053
 1.1550	 0.9771	 0.0063
 1.1600	 0.9629	 0.0061
 1.1650	 0.9791	 0.0061
 1.1700	 0.9875	 0.0047
 1.1750	 0.9888	 0.0047
 1.1850	 0.9891	 0.0058
 1.1900	 0.9901	 0.0055
 1.1950	 0.9825	 0.0057
 1.2000	 0.9890	 0.0058
 1.2050	 0.9943	 0.0059
 1.2100	 0.9851	 0.0056
 1.2150	 0.9821	 0.0058
 1.2200	 0.9831	 0.0059
 1.2250	 0.9840	 0.0058
 1.2300	 0.9877	 0.0056
 1.2350	 0.9851	 0.0056
 1.2400	 0.9848	 0.0053
 1.2450	 0.9966	 0.0053
 1.2500	 0.9886	 0.0053
 1.2550	 0.9945	 0.0057
 1.2600	 0.9883	 0.0062
 1.2650	 0.9912	 0.0062
 1.2700	 0.9798	 0.0060
 1.2750	 0.9709	 0.0071
 1.2800	 0.9999	 0.0061
 1.2850	 0.9863	 0.0056
 1.2900	 0.9891	 0.0059
 1.2950	 0.9950	 0.0060
 1.3000	 0.9882	 0.0060
 1.3050	 0.9939	 0.0062
 1.3100	 1.0038	 0.0060
 1.3150	 1.0088	 0.0056
 1.3200	 1.0092	 0.0054
 1.3250	 0.9913	 0.0055
 1.3300	 0.9929	 0.0057
 1.3350	 0.9955	 0.0051
 1.3400	 1.0046	 0.0052
 1.3450	 1.0056	 0.0055
 1.3500	 0.9997	 0.0061
 1.3550	 1.0051	 0.0071
 1.3600	 0.9982	 0.0062
 1.3650	 1.0167	 0.0076
 1.3700	 1.0228	 0.0100
 1.3750	 1.0034	 0.0095
 1.3800	 1.0231	 0.0085
 1.3850	 1.0048	 0.0087
 1.3900	 1.0109	 0.0092
 1.3950	 1.0229	 0.0087
 1.4000	 1.0186	 0.0082
 1.4050	 1.0064	 0.0080
 1.4100	 1.0136	 0.0084
 1.4150	 1.0218	 0.0072
 1.4200	 1.0277	 0.0069
 1.4250	 1.0183	 0.0067
 1.4300	 1.0199	 0.0076
 1.4350	 1.0218	 0.0085
 1.4400	 1.0195	 0.0055
 1.4450	 1.0305	 0.0073
 1.4500	 1.0278	 0.0069
 1.4550	 1.0410	 0.0064
 1.4600	 1.0398	 0.0068
 1.4650	 1.0456	 0.0069
 1.4700	 1.0356	 0.0071
 1.4750	 1.0388	 0.0070
 1.4800	 1.0408	 0.0072
 1.4850	 1.0372	 0.0065
 1.4900	 1.0398	 0.0066
 1.4950	 1.0460	 0.0063
 1.5000	 1.0442	 0.0067
 1.5050	 1.0464	 0.0080
 1.5100	 1.0459	 0.0065
 1.5150	 1.0336	 0.0072
 1.5200	 1.0306	 0.0068
 1.5250	 1.0398	 0.0067
 1.5300	 1.0578	 0.0072
 1.5350	 1.0511	 0.0070
 1.5400	 1.0357	 0.0067
 1.5450	 1.0411	 0.0070
 1.5500	 1.0522	 0.0071
 1.5550	 1.0504	 0.0068
 1.5600	 1.0363	 0.0068
 1.5650	 1.0456	 0.0072
 1.5700	 1.0441	 0.0067
 1.5750	 1.0521	 0.0070
 1.5800	 1.0545	 0.0078
 1.5850	 1.0398	 0.0074
 1.5900	 1.0419	 0.0062
 1.5950	 1.0520	 0.0084
 1.6000	 1.0614	 0.0089
 1.6050	 1.0532	 0.0072
 1.6100	 1.0445	 0.0074
 1.6150	 1.0309	 0.0079
 1.6200	 1.0589	 0.0081
 1.6250	 1.0629	 0.0074
 1.6300	 1.0602	 0.0070
 1.6350	 1.0581	 0.0071
 1.6400	 1.0621	 0.0073
 1.6450	 1.0639	 0.0079
 1.6500	 1.0596	 0.0081
 1.6550	 1.0397	 0.0077
 1.6600	 1.0356	 0.0072
 1.6650	 1.0453	 0.0075
 1.6700	 1.0531	 0.0079
 1.6750	 1.0518	 0.0077
 1.6800	 1.0445	 0.0078
 1.6850	 1.0689	 0.0079
 1.6900	 1.0481	 0.0080
 1.6950	 1.0384	 0.0079
 1.7000	 1.0361	 0.0076
 1.7050	 1.0457	 0.0074
 1.7100	 1.0425	 0.0074
 1.7150	 1.0454	 0.0078
 1.7200	 1.0418	 0.0084
 1.7250	 1.0564	 0.0081
 1.7300	 1.0532	 0.0076
 1.7350	 1.0651	 0.0082
 1.7400	 1.0782	 0.0079
 1.7450	 1.0608	 0.0077
 1.7500	 1.0621	 0.0075
 1.7550	 1.0648	 0.0075
 1.7600	 1.0726	 0.0084
 1.7650	 1.0697	 0.0082
 1.7700	 1.0717	 0.0089
 1.7750	 1.0657	 0.0087
 1.7800	 1.0692	 0.0087
 1.7850	 1.0573	 0.0084
 1.7900	 1.0402	 0.0080
 1.7950	 1.0513	 0.0082
 1.8000	 1.0654	 0.0097
 1.8050	 1.0590	 0.0093
 1.8100	 1.0390	 0.0094
 1.8150	 1.0600	 0.0089
 1.8200	 1.0673	 0.0099
 1.8250	 1.0648	 0.0094
 1.8400	 1.0457	 0.0120
 1.8450	 1.0523	 0.0135
 1.8500	 1.0622	 0.0168
 1.8550	 1.0664	 0.0149
 1.8600	 1.0750	 0.0133
 1.8650	 1.0444	 0.0135
 1.8700	 1.0815	 0.0151
 1.8750	 1.0897	 0.0150
 1.8800	 1.1011	 0.0164
 1.8850	 1.0854	 0.0186
 1.8900	 1.0716	 0.0127
 1.8950	 1.0677	 0.0125
 1.9050	 1.0496	 0.0134
 1.9100	 1.0705	 0.0129
 1.9150	 1.0841	 0.0148
 1.9200	 1.0738	 0.0138
 1.9250	 1.0950	 0.0137
 1.9300	 1.0775	 0.0123
 1.9350	 1.0688	 0.0123
 1.9400	 1.1009	 0.0124
 1.9450	 1.0939	 0.0126
 1.9500	 1.0683	 0.0107
 1.9550	 1.0729	 0.0115
 1.9600	 1.0606	 0.0121
 1.9650	 1.0597	 0.0130
 1.9700	 1.0690	 0.0132
 1.9750	 1.1081	 0.0141
 1.9800	 1.0896	 0.0111
 1.9850	 1.0783	 0.0102
 1.9900	 1.0944	 0.0107
 1.9950	 1.0979	 0.0103
 2.0000	 1.1092	 0.0115
 2.0050	 1.0960	 0.0119
 2.0200	 1.0550	 0.0164
 2.0250	 1.0627	 0.0165
 2.0300	 1.0906	 0.0133
 2.0350	 1.0904	 0.0121
 2.0400	 1.0937	 0.0121
 2.0500	 1.1145	 0.0088
 2.0550	 1.0959	 0.0107
 2.0600	 1.0762	 0.0111
 2.0650	 1.0591	 0.0129
 2.0700	 1.0544	 0.0107
 2.0750	 1.0678	 0.0115
 2.0800	 1.0789	 0.0106
 2.0850	 1.0794	 0.0105
 2.0900	 1.0857	 0.0100
 2.0950	 1.0791	 0.0101
 2.1000	 1.0801	 0.0102
 2.1050	 1.0843	 0.0112
 2.1100	 1.0786	 0.0107
 2.1150	 1.0808	 0.0105
 2.1200	 1.0798	 0.0113
 2.1250	 1.0763	 0.0110
 2.1300	 1.0849	 0.0107
 2.1350	 1.0902	 0.0106
 2.1400	 1.0850	 0.0116
 2.1450	 1.0673	 0.0112
 2.1500	 1.0536	 0.0124
 2.1550	 1.0675	 0.0123
 2.1600	 1.0908	 0.0113
 2.1650	 1.0851	 0.0111
 2.1700	 1.0905	 0.0118
 2.1750	 1.0911	 0.0117
 2.1800	 1.0609	 0.0115
 2.1850	 1.0508	 0.0125
 2.1900	 1.0598	 0.0124
 2.1950	 1.0610	 0.0126
 2.2000	 1.0673	 0.0117
 2.2050	 1.0719	 0.0126
 2.2100	 1.0620	 0.0123
 2.2150	 1.0753	 0.0115
 2.2200	 1.0744	 0.0122
 2.2250	 1.0631	 0.0132
 2.2300	 1.0634	 0.0131
 2.2350	 1.0857	 0.0135
 2.2400	 1.0979	 0.0135
 2.2450	 1.0787	 0.0128
 2.2500	 1.0884	 0.0144
 2.2550	 1.0993	 0.0141
 2.2600	 1.0988	 0.0130
 2.2650	 1.0989	 0.0137
 2.2700	 1.1041	 0.0134
 2.2750	 1.0913	 0.0129
 2.2800	 1.0833	 0.0140
 2.2850	 1.0780	 0.0136
 2.2900	 1.0788	 0.0147
 2.2950	 1.1152	 0.0181
 2.3000	 1.1011	 0.0151
 2.3050	 1.0918	 0.0151
 2.3100	 1.1154	 0.0172
 2.3150	 1.0927	 0.0166
 2.3200	 1.0632	 0.0150
 2.3250	 1.0794	 0.0140
 2.3300	 1.0890	 0.0140
 2.3350	 1.0865	 0.0147
 2.3400	 1.0993	 0.0168
 2.3450	 1.1037	 0.0172
 2.3500	 1.1126	 0.0160
 2.3550	 1.0959	 0.0143
 2.3600	 1.0971	 0.0183
 2.3650	 1.1078	 0.0166
 2.3700	 1.0949	 0.0154
 2.3750	 1.0935	 0.0144
 2.3800	 1.1047	 0.0140
 2.3850	 1.1032	 0.0174
 2.3900	 1.1170	 0.0147
 2.3950	 1.1099	 0.0171
 2.4050	 1.0803	 0.0145
 2.4100	 1.1247	 0.0183
 2.4150	 1.1400	 0.0192
 2.4200	 1.1106	 0.0183
 2.4250	 1.1058	 0.0204
 2.4300	 1.1626	 0.0173
 2.4400	 1.0881	 0.0153
 2.4450	 1.0926	 0.0201
 2.4500	 1.1111	 0.0149
