 0.8200	 0.8423	 0.0159
 0.8250	 0.8268	 0.0155
 0.8300	 0.8354	 0.0148
 0.8350	 0.8432	 0.0144
 0.8400	 0.8459	 0.0142
 0.8450	 0.8536	 0.0142
 0.8500	 0.8424	 0.0147
 0.8550	 0.8335	 0.0148
 0.8600	 0.8377	 0.0148
 0.8650	 0.8381	 0.0148
 0.8700	 0.8431	 0.0148
 0.8750	 0.8475	 0.0143
 0.8800	 0.8416	 0.0138
 0.8850	 0.8460	 0.0131
 0.8900	 0.8523	 0.0127
 0.8950	 0.8550	 0.0124
 0.9000	 0.8722	 0.0123
 0.9050	 0.8723	 0.0122
 0.9100	 0.8718	 0.0120
 0.9150	 0.8796	 0.0123
 0.9200	 0.8761	 0.0120
 0.9250	 0.8744	 0.0126
 0.9300	 0.8797	 0.0126
 0.9350	 0.8705	 0.0127
 0.9400	 0.8761	 0.0125
 0.9450	 0.8828	 0.0122
 0.9500	 0.8870	 0.0119
 0.9550	 0.9017	 0.0117
 0.9600	 0.9104	 0.0115
 0.9650	 0.9041	 0.0111
 0.9700	 0.9016	 0.0109
 0.9750	 0.9140	 0.0109
 0.9800	 0.9093	 0.0108
 0.9850	 0.8999	 0.0105
 0.9900	 0.9037	 0.0105
 0.9950	 0.9031	 0.0103
 1.0000	 0.9249	 0.0103
 1.0050	 0.9215	 0.0104
 1.0100	 0.9125	 0.0102
 1.0150	 0.9181	 0.0098
 1.0200	 0.9332	 0.0100
 1.0250	 0.9252	 0.0101
 1.0300	 0.9241	 0.0099
 1.0350	 0.9388	 0.0101
 1.0400	 0.9469	 0.0100
 1.0450	 0.9479	 0.0099
 1.0500	 0.9444	 0.0099
 1.0550	 0.9449	 0.0097
 1.0600	 0.9439	 0.0097
 1.0650	 0.9465	 0.0095
 1.0700	 0.9467	 0.0095
 1.0750	 0.9467	 0.0096
 1.0800	 0.9514	 0.0095
 1.0850	 0.9507	 0.0094
 1.0900	 0.9498	 0.0093
 1.0950	 0.9496	 0.0092
 1.1000	 0.9537	 0.0093
 1.1050	 0.9613	 0.0096
 1.1100	 0.9614	 0.0095
 1.1150	 0.9687	 0.0099
 1.1200	 0.9718	 0.0101
 1.1250	 0.9779	 0.0104
 1.1300	 0.9735	 0.0106
 1.1350	 0.9796	 0.0104
 1.1400	 0.9731	 0.0100
 1.1450	 0.9732	 0.0099
 1.1500	 0.9676	 0.0099
 1.1550	 0.9833	 0.0095
 1.1600	 0.9887	 0.0094
 1.1650	 0.9948	 0.0090
 1.1700	 1.0055	 0.0088
 1.1750	 1.0062	 0.0088
 1.1800	 0.9996	 0.0087
 1.1850	 0.9983	 0.0087
 1.1900	 1.0057	 0.0086
 1.1950	 1.0109	 0.0085
 1.2000	 1.0092	 0.0087
 1.2050	 1.0047	 0.0089
 1.2100	 1.0042	 0.0087
 1.2150	 1.0176	 0.0088
 1.2200	 1.0170	 0.0089
 1.2250	 1.0099	 0.0087
 1.2300	 1.0183	 0.0088
 1.2350	 1.0145	 0.0089
 1.2400	 1.0281	 0.0085
 1.2450	 1.0408	 0.0090
 1.2500	 1.0510	 0.0091
 1.2550	 1.0415	 0.0091
 1.2600	 1.0400	 0.0093
 1.2650	 1.0388	 0.0094
 1.2700	 1.0260	 0.0093
 1.2750	 1.0352	 0.0092
 1.2800	 1.0459	 0.0094
 1.2850	 1.0488	 0.0094
 1.2900	 1.0600	 0.0099
 1.3000	 1.0540	 0.0086
 1.3050	 1.0393	 0.0088
 1.3100	 1.0405	 0.0089
 1.3150	 1.0592	 0.0093
 1.3200	 1.0764	 0.0091
 1.3250	 1.0727	 0.0093
 1.3300	 1.0734	 0.0095
 1.3350	 1.0739	 0.0095
 1.3400	 1.0821	 0.0099
 1.3450	 1.0802	 0.0108
 1.3500	 1.0773	 0.0120
 1.3550	 1.0718	 0.0145
 1.3600	 1.0694	 0.0175
 1.3650	 1.0881	 0.0197
 1.3750	 1.0811	 0.0201
 1.3800	 1.0805	 0.0193
 1.3850	 1.0769	 0.0177
 1.3900	 1.0827	 0.0178
 1.3950	 1.0908	 0.0174
 1.4000	 1.0818	 0.0185
 1.4050	 1.0899	 0.0164
 1.4100	 1.1119	 0.0149
 1.4150	 1.0925	 0.0141
 1.4200	 1.0977	 0.0134
 1.4250	 1.1113	 0.0125
 1.4300	 1.1076	 0.0131
 1.4350	 1.1110	 0.0123
 1.4400	 1.1124	 0.0121
 1.4450	 1.1086	 0.0117
 1.4500	 1.1090	 0.0114
 1.4600	 1.1167	 0.0117
 1.4650	 1.1186	 0.0115
 1.4750	 1.1146	 0.0116
 1.4800	 1.1182	 0.0116
 1.4850	 1.1180	 0.0112
 1.4900	 1.1151	 0.0110
 1.4950	 1.1049	 0.0108
 1.5000	 1.1340	 0.0117
 1.5050	 1.1402	 0.0112
 1.5100	 1.1152	 0.0114
 1.5150	 1.1149	 0.0109
 1.5200	 1.1307	 0.0113
 1.5250	 1.1251	 0.0110
 1.5300	 1.1268	 0.0121
 1.5350	 1.1302	 0.0117
 1.5400	 1.1371	 0.0113
 1.5450	 1.1554	 0.0113
 1.5500	 1.1690	 0.0120
 1.5550	 1.1450	 0.0112
 1.5600	 1.1471	 0.0115
 1.5650	 1.1336	 0.0112
 1.5700	 1.1359	 0.0116
 1.5750	 1.1170	 0.0129
 1.5800	 1.1230	 0.0119
 1.5850	 1.1373	 0.0123
 1.5900	 1.1597	 0.0125
 1.5950	 1.1672	 0.0118
 1.6000	 1.1759	 0.0123
 1.6050	 1.1582	 0.0129
 1.6100	 1.1552	 0.0121
 1.6150	 1.1821	 0.0131
 1.6200	 1.1627	 0.0125
 1.6250	 1.1522	 0.0120
 1.6300	 1.1473	 0.0126
 1.6350	 1.1753	 0.0136
 1.6400	 1.1724	 0.0122
 1.6450	 1.1680	 0.0122
 1.6500	 1.1822	 0.0125
 1.6550	 1.1709	 0.0126
 1.6600	 1.1848	 0.0128
 1.6650	 1.1868	 0.0126
 1.6700	 1.1953	 0.0133
 1.6750	 1.1907	 0.0135
 1.6800	 1.1945	 0.0141
 1.6850	 1.1939	 0.0139
 1.6900	 1.2055	 0.0150
 1.6950	 1.1903	 0.0134
 1.7000	 1.1874	 0.0135
 1.7050	 1.1957	 0.0139
 1.7100	 1.1848	 0.0136
 1.7150	 1.1791	 0.0138
 1.7200	 1.2063	 0.0139
 1.7250	 1.1960	 0.0139
 1.7300	 1.2082	 0.0140
 1.7350	 1.2221	 0.0144
 1.7400	 1.2176	 0.0151
 1.7450	 1.2167	 0.0146
 1.7500	 1.2217	 0.0144
 1.7550	 1.2113	 0.0146
 1.7600	 1.2271	 0.0148
 1.7650	 1.2156	 0.0152
 1.7700	 1.2224	 0.0153
 1.7750	 1.2228	 0.0155
 1.7800	 1.2367	 0.0152
 1.7850	 1.2030	 0.0148
 1.7900	 1.2132	 0.0157
 1.7950	 1.2382	 0.0163
 1.8000	 1.2016	 0.0183
 1.8050	 1.2326	 0.0200
 1.8100	 1.2407	 0.0197
 1.8150	 1.2452	 0.0212
 1.8200	 1.2513	 0.0236
 1.8250	 1.2737	 0.0279
 1.8300	 1.2733	 0.0290
 1.8350	 1.2563	 0.0316
 1.8400	 1.2208	 0.0388
 1.8450	 1.2129	 0.0394
 1.8500	 1.2610	 0.0429
 1.8550	 1.2637	 0.0384
 1.8600	 1.2629	 0.0330
 1.8650	 1.2307	 0.0324
 1.8700	 1.2632	 0.0445
 1.8750	 1.2150	 0.0499
 1.8850	 1.2326	 0.0308
 1.8900	 1.2784	 0.0309
 1.8950	 1.2754	 0.0327
 1.9000	 1.2753	 0.0353
 1.9050	 1.2489	 0.0386
 1.9100	 1.2671	 0.0379
 1.9150	 1.2599	 0.0352
 1.9200	 1.2273	 0.0348
 1.9300	 1.2693	 0.0306
 1.9350	 1.2876	 0.0248
 1.9400	 1.2936	 0.0267
 1.9450	 1.2776	 0.0239
 1.9500	 1.2968	 0.0271
 1.9550	 1.2557	 0.0270
 1.9600	 1.2619	 0.0261
 1.9650	 1.2694	 0.0272
 1.9700	 1.2674	 0.0236
 1.9750	 1.2843	 0.0222
 1.9800	 1.2920	 0.0212
 1.9850	 1.2841	 0.0201
 1.9900	 1.3019	 0.0205
 2.0050	 1.3028	 0.0294
 2.0100	 1.3068	 0.0331
 2.0150	 1.3077	 0.0299
 2.0200	 1.2984	 0.0291
 2.0250	 1.2877	 0.0255
 2.0300	 1.3026	 0.0253
 2.0350	 1.2781	 0.0226
 2.0400	 1.2999	 0.0221
 2.0450	 1.3084	 0.0244
 2.0500	 1.3174	 0.0234
 2.0550	 1.3136	 0.0249
 2.0600	 1.3032	 0.0254
 2.0650	 1.3170	 0.0253
 2.0700	 1.2940	 0.0232
 2.0750	 1.3152	 0.0231
 2.0800	 1.3391	 0.0234
 2.0850	 1.3317	 0.0219
 2.0900	 1.3248	 0.0216
 2.0950	 1.3360	 0.0224
 2.1000	 1.3202	 0.0219
 2.1050	 1.3026	 0.0216
 2.1100	 1.3367	 0.0222
 2.1150	 1.3414	 0.0223
 2.1200	 1.2957	 0.0244
 2.1250	 1.3358	 0.0227
 2.1300	 1.3255	 0.0230
 2.1350	 1.3217	 0.0236
 2.1400	 1.3543	 0.0234
 2.1450	 1.3674	 0.0244
 2.1500	 1.3185	 0.0235
 2.1550	 1.3580	 0.0261
 2.1600	 1.3696	 0.0246
 2.1650	 1.3913	 0.0244
 2.1750	 1.3932	 0.0263
 2.1800	 1.3766	 0.0260
 2.1850	 1.3930	 0.0261
 2.1900	 1.3488	 0.0269
 2.1950	 1.3824	 0.0265
 2.2000	 1.3913	 0.0268
 2.2050	 1.3707	 0.0268
 2.2100	 1.3936	 0.0279
 2.2150	 1.3866	 0.0271
 2.2200	 1.3907	 0.0279
 2.2250	 1.3899	 0.0283
 2.2300	 1.3894	 0.0280
 2.2350	 1.4000	 0.0286
 2.2400	 1.3803	 0.0299
 2.2450	 1.4140	 0.0311
 2.2500	 1.4153	 0.0302
 2.2550	 1.4239	 0.0304
 2.2600	 1.4148	 0.0313
 2.2650	 1.4038	 0.0309
 2.2700	 1.4156	 0.0320
 2.2750	 1.3966	 0.0320
 2.2800	 1.4024	 0.0324
 2.2850	 1.3826	 0.0321
 2.2900	 1.3805	 0.0330
 2.2950	 1.4342	 0.0333
 2.3000	 1.4320	 0.0342
 2.3050	 1.4165	 0.0364
 2.3100	 1.3951	 0.0348
 2.3150	 1.4438	 0.0355
 2.3200	 1.4483	 0.0357
 2.3250	 1.4491	 0.0369
 2.3300	 1.4214	 0.0353
 2.3350	 1.4637	 0.0380
 2.3400	 1.4417	 0.0357
 2.3450	 1.4522	 0.0377
 2.3500	 1.4212	 0.0376
 2.3550	 1.4016	 0.0364
 2.3600	 1.4456	 0.0385
 2.3650	 1.4541	 0.0388
 2.3700	 1.4550	 0.0374
 2.3800	 1.4623	 0.0401
 2.3850	 1.4053	 0.0377
 2.3950	 1.4529	 0.0401
 2.4000	 1.4700	 0.0409
 2.4050	 1.4832	 0.0410
 2.4100	 1.4565	 0.0419
 2.4150	 1.4355	 0.0455
 2.4200	 1.4672	 0.0433
 2.4250	 1.4260	 0.0433
 2.4300	 1.4250	 0.0436
 2.4350	 1.4638	 0.0452
 2.4400	 1.4729	 0.0462
 2.4450	 1.5221	 0.0538
 2.4500	 1.4832	 0.0514
