 0.7800	 0.8637	 0.0124
 0.7850	 0.8686	 0.0124
 0.7900	 0.8813	 0.0122
 0.7950	 0.8796	 0.0124
 0.8000	 0.8678	 0.0120
 0.8050	 0.8818	 0.0118
 0.8100	 0.8606	 0.0117
 0.8150	 0.8585	 0.0119
 0.8200	 0.8817	 0.0115
 0.8250	 0.8797	 0.0113
 0.8300	 0.8877	 0.0115
 0.8350	 0.8873	 0.0112
 0.8400	 0.8886	 0.0116
 0.8450	 0.8860	 0.0111
 0.8500	 0.8714	 0.0106
 0.8550	 0.8723	 0.0106
 0.8600	 0.8808	 0.0107
 0.8650	 0.8952	 0.0114
 0.8700	 0.8954	 0.0106
 0.8750	 0.8920	 0.0105
 0.8800	 0.8826	 0.0101
 0.8850	 0.8913	 0.0104
 0.8900	 0.8977	 0.0102
 0.8950	 0.8889	 0.0099
 0.9000	 0.8808	 0.0097
 0.9050	 0.8916	 0.0096
 0.9100	 0.9022	 0.0097
 0.9150	 0.9085	 0.0097
 0.9200	 0.9034	 0.0098
 0.9250	 0.8927	 0.0094
 0.9300	 0.8964	 0.0099
 0.9350	 0.9074	 0.0099
 0.9400	 0.9016	 0.0106
 0.9450	 0.8824	 0.0093
 0.9500	 0.8894	 0.0097
 0.9550	 0.9013	 0.0094
 0.9600	 0.9220	 0.0098
 0.9650	 0.9234	 0.0095
 0.9700	 0.9372	 0.0089
 0.9750	 0.9385	 0.0087
 0.9800	 0.9382	 0.0087
 0.9850	 0.9264	 0.0086
 0.9900	 0.9320	 0.0085
 0.9950	 0.9356	 0.0089
 1.0000	 0.9291	 0.0083
 1.0050	 0.9307	 0.0082
 1.0100	 0.9337	 0.0082
 1.0150	 0.9355	 0.0081
 1.0200	 0.9351	 0.0082
 1.0250	 0.9273	 0.0079
 1.0300	 0.9312	 0.0079
 1.0350	 0.9295	 0.0080
 1.0400	 0.9282	 0.0079
 1.0450	 0.9373	 0.0080
 1.0500	 0.9512	 0.0080
 1.0550	 0.9614	 0.0077
 1.0600	 0.9542	 0.0077
 1.0650	 0.9401	 0.0077
 1.0700	 0.9531	 0.0078
 1.0750	 0.9519	 0.0078
 1.0800	 0.9417	 0.0080
 1.0850	 0.9450	 0.0079
 1.0900	 0.9465	 0.0082
 1.0950	 0.9555	 0.0079
 1.1000	 0.9432	 0.0082
 1.1050	 0.9464	 0.0082
 1.1100	 0.9506	 0.0077
 1.1150	 0.9596	 0.0077
 1.1200	 0.9582	 0.0080
 1.1250	 0.9527	 0.0081
 1.1300	 0.9529	 0.0082
 1.1350	 0.9605	 0.0091
 1.1400	 0.9705	 0.0088
 1.1450	 0.9684	 0.0093
 1.1500	 0.9532	 0.0083
 1.1550	 0.9647	 0.0080
 1.1600	 0.9647	 0.0076
 1.1650	 0.9737	 0.0076
 1.1700	 0.9771	 0.0074
 1.1750	 0.9830	 0.0073
 1.1800	 0.9830	 0.0074
 1.1850	 0.9885	 0.0072
 1.1900	 0.9957	 0.0073
 1.1950	 0.9860	 0.0073
 1.2000	 0.9865	 0.0079
 1.2050	 0.9990	 0.0076
 1.2100	 1.0084	 0.0073
 1.2150	 0.9990	 0.0074
 1.2200	 0.9990	 0.0074
 1.2250	 0.9990	 0.0073
 1.2300	 1.0082	 0.0074
 1.2350	 1.0093	 0.0075
 1.2400	 1.0210	 0.0076
 1.2450	 1.0182	 0.0075
 1.2500	 1.0252	 0.0073
 1.2550	 1.0303	 0.0078
 1.2600	 1.0265	 0.0086
 1.2650	 1.0038	 0.0077
 1.2700	 1.0073	 0.0094
 1.2800	 1.0122	 0.0080
 1.2850	 1.0219	 0.0091
 1.2900	 1.0011	 0.0082
 1.2950	 1.0139	 0.0075
 1.3000	 1.0147	 0.0080
 1.3050	 1.0256	 0.0077
 1.3100	 1.0305	 0.0075
 1.3150	 1.0406	 0.0077
 1.3200	 1.0291	 0.0080
 1.3250	 1.0404	 0.0079
 1.3300	 1.0359	 0.0078
 1.3350	 1.0296	 0.0080
 1.3400	 1.0262	 0.0086
 1.3450	 1.0246	 0.0108
 1.3500	 1.0155	 0.0131
 1.3550	 1.0231	 0.0158
 1.3600	 1.0475	 0.0145
 1.3650	 1.0546	 0.0166
 1.3700	 1.0343	 0.0146
 1.3750	 1.0657	 0.0153
 1.3800	 1.0451	 0.0138
 1.3850	 1.0605	 0.0140
 1.3900	 1.0500	 0.0135
 1.3950	 1.0445	 0.0131
 1.4000	 1.0529	 0.0126
 1.4050	 1.0522	 0.0127
 1.4100	 1.0742	 0.0131
 1.4150	 1.0719	 0.0121
 1.4200	 1.0758	 0.0108
 1.4250	 1.0698	 0.0112
 1.4300	 1.0725	 0.0111
 1.4350	 1.0790	 0.0122
 1.4400	 1.0668	 0.0119
 1.4450	 1.0775	 0.0103
 1.4500	 1.0763	 0.0105
 1.4550	 1.0800	 0.0098
 1.4600	 1.0845	 0.0099
 1.4650	 1.0866	 0.0102
 1.4700	 1.0982	 0.0097
 1.4750	 1.0909	 0.0105
 1.4800	 1.0939	 0.0103
 1.4850	 1.0965	 0.0099
 1.4900	 1.0737	 0.0096
 1.5100	 1.0667	 0.0096
 1.5150	 1.0858	 0.0091
 1.5200	 1.1225	 0.0095
 1.5250	 1.0935	 0.0094
 1.5300	 1.1001	 0.0094
 1.5350	 1.1163	 0.0114
 1.5400	 1.1091	 0.0101
 1.5450	 1.1128	 0.0103
 1.5500	 1.1074	 0.0095
 1.5550	 1.1231	 0.0096
 1.5600	 1.1074	 0.0097
 1.5650	 1.1105	 0.0102
 1.5700	 1.0980	 0.0105
 1.5750	 1.1233	 0.0123
 1.5800	 1.1128	 0.0104
 1.5850	 1.1037	 0.0102
 1.5900	 1.0790	 0.0099
 1.5950	 1.1044	 0.0102
 1.6000	 1.1361	 0.0106
 1.6050	 1.0976	 0.0105
 1.6100	 1.0907	 0.0115
 1.6150	 1.1030	 0.0112
 1.6200	 1.1299	 0.0105
 1.6250	 1.1269	 0.0106
 1.6300	 1.1383	 0.0101
 1.6350	 1.1282	 0.0100
 1.6400	 1.1069	 0.0110
 1.6450	 1.1166	 0.0106
 1.6500	 1.1125	 0.0112
 1.6550	 1.1067	 0.0106
 1.6600	 1.0989	 0.0104
 1.6650	 1.1276	 0.0111
 1.6700	 1.1114	 0.0110
 1.6750	 1.1073	 0.0120
 1.6800	 1.1103	 0.0116
 1.6850	 1.1013	 0.0111
 1.6900	 1.1177	 0.0113
 1.6950	 1.1362	 0.0122
 1.7000	 1.1256	 0.0110
 1.7050	 1.1434	 0.0114
 1.7100	 1.1316	 0.0115
 1.7150	 1.1187	 0.0117
 1.7200	 1.1042	 0.0111
 1.7250	 1.1000	 0.0112
 1.7300	 1.1103	 0.0118
 1.7350	 1.1285	 0.0118
 1.7400	 1.1302	 0.0114
 1.7450	 1.1328	 0.0118
 1.7500	 1.1335	 0.0120
 1.7550	 1.1242	 0.0116
 1.7600	 1.1158	 0.0123
 1.7650	 1.1144	 0.0117
 1.7700	 1.0806	 0.0133
 1.7750	 1.0885	 0.0130
 1.7800	 1.1206	 0.0139
 1.7850	 1.1120	 0.0139
 1.7900	 1.0867	 0.0127
 1.7950	 1.0925	 0.0137
 1.8000	 1.1053	 0.0138
 1.8050	 1.1121	 0.0145
 1.8100	 1.1165	 0.0155
 1.8150	 1.1237	 0.0171
 1.8200	 1.1361	 0.0200
 1.8250	 1.1166	 0.0195
 1.8300	 1.1210	 0.0220
 1.8350	 1.1309	 0.0257
 1.8400	 1.1090	 0.0282
 1.8450	 1.1425	 0.0338
 1.8500	 1.0779	 0.0308
 1.8550	 1.1136	 0.0295
 1.8600	 1.1726	 0.0342
 1.8650	 1.1190	 0.0285
 1.8700	 1.1096	 0.0320
 1.8750	 1.1040	 0.0329
 1.8800	 1.0860	 0.0307
 1.8850	 1.0881	 0.0218
 1.8900	 1.1047	 0.0220
 1.8950	 1.1291	 0.0245
 1.9000	 1.1552	 0.0270
 1.9050	 1.1589	 0.0285
 1.9100	 1.1464	 0.0287
 1.9150	 1.1289	 0.0269
 1.9200	 1.1201	 0.0248
 1.9250	 1.1126	 0.0228
 1.9300	 1.1283	 0.0224
 1.9350	 1.1368	 0.0213
 1.9400	 1.1938	 0.0213
 1.9450	 1.1708	 0.0203
 1.9500	 1.1567	 0.0206
 1.9550	 1.1531	 0.0212
 1.9600	 1.1796	 0.0225
 1.9650	 1.1590	 0.0214
 1.9700	 1.1400	 0.0191
 1.9750	 1.1518	 0.0186
 1.9800	 1.1404	 0.0164
 1.9850	 1.1575	 0.0163
 1.9900	 1.1569	 0.0166
 1.9950	 1.1242	 0.0173
 2.0000	 1.1370	 0.0213
 2.0050	 1.1646	 0.0250
 2.0100	 1.1449	 0.0261
 2.0150	 1.1402	 0.0258
 2.0200	 1.1359	 0.0241
 2.0250	 1.1217	 0.0190
 2.0300	 1.1130	 0.0194
 2.0350	 1.1106	 0.0173
 2.0400	 1.1660	 0.0177
 2.0450	 1.1674	 0.0183
 2.0500	 1.1465	 0.0188
 2.0550	 1.1857	 0.0210
 2.0600	 1.1646	 0.0214
 2.0650	 1.1358	 0.0202
 2.0700	 1.1782	 0.0203
 2.0750	 1.1745	 0.0197
 2.0800	 1.1717	 0.0201
 2.0850	 1.1688	 0.0185
 2.0900	 1.1661	 0.0184
 2.0950	 1.1535	 0.0181
 2.1000	 1.1507	 0.0190
 2.1050	 1.1597	 0.0184
 2.1100	 1.1397	 0.0188
 2.1150	 1.1506	 0.0184
 2.1200	 1.1644	 0.0188
 2.1250	 1.1452	 0.0192
 2.1300	 1.1493	 0.0192
 2.1350	 1.1631	 0.0193
 2.1400	 1.1632	 0.0195
 2.1450	 1.1492	 0.0200
 2.1500	 1.1505	 0.0207
 2.1550	 1.1382	 0.0207
 2.1600	 1.1373	 0.0215
 2.1650	 1.1568	 0.0219
 2.1700	 1.1768	 0.0211
 2.1750	 1.1494	 0.0205
 2.1800	 1.1330	 0.0203
 2.1850	 1.1509	 0.0205
 2.1900	 1.1429	 0.0211
 2.1950	 1.1359	 0.0242
 2.2000	 1.1146	 0.0222
 2.2050	 1.1519	 0.0220
 2.2100	 1.1354	 0.0232
 2.2150	 1.1809	 0.0249
 2.2200	 1.1606	 0.0229
 2.2250	 1.1751	 0.0229
 2.2300	 1.1460	 0.0253
 2.2350	 1.1273	 0.0226
 2.2400	 1.1428	 0.0228
 2.2450	 1.1346	 0.0226
 2.2500	 1.1648	 0.0239
 2.2550	 1.1613	 0.0248
 2.2600	 1.1301	 0.0249
 2.2650	 1.1633	 0.0250
 2.2700	 1.1483	 0.0254
 2.2750	 1.1705	 0.0262
 2.2800	 1.1435	 0.0274
 2.2850	 1.1688	 0.0258
 2.2900	 1.1741	 0.0301
 2.2950	 1.1536	 0.0279
 2.3000	 1.1681	 0.0289
 2.3050	 1.1566	 0.0274
 2.3100	 1.1827	 0.0281
 2.3150	 1.1429	 0.0278
 2.3200	 1.1577	 0.0298
 2.3250	 1.1575	 0.0294
 2.3300	 1.1546	 0.0288
 2.3350	 1.1372	 0.0302
 2.3400	 1.1363	 0.0278
 2.3450	 1.1666	 0.0302
 2.3500	 1.1639	 0.0318
 2.3550	 1.1456	 0.0331
 2.3600	 1.1733	 0.0316
 2.3650	 1.1684	 0.0327
 2.3700	 1.1544	 0.0336
 2.3750	 1.1235	 0.0345
 2.3800	 1.1617	 0.0336
 2.3850	 1.1394	 0.0349
 2.3900	 1.1485	 0.0365
 2.3950	 1.1332	 0.0352
 2.4000	 1.1739	 0.0354
 2.4050	 1.1169	 0.0350
 2.4150	 1.1545	 0.0381
 2.4200	 1.1471	 0.0384
 2.4450	 1.1443	 0.0442
 2.4500	 1.0761	 0.0406
 2.4600	 1.1043	 0.0414
 2.4650	 1.0803	 0.0378
 2.4700	 1.1299	 0.0417
