 0.8000	 1.0232	 0.0164
 0.8050	 1.0114	 0.0138
 0.8100	 1.0128	 0.0139
 0.8150	 1.0017	 0.0146
 0.8200	 1.0212	 0.0145
 0.8250	 1.0058	 0.0132
 0.8300	 1.0071	 0.0151
 0.8350	 1.0063	 0.0134
 0.8400	 1.0159	 0.0136
 0.8450	 1.0061	 0.0133
 0.8500	 1.0033	 0.0136
 0.8550	 1.0160	 0.0126
 0.8600	 1.0196	 0.0131
 0.8650	 1.0094	 0.0140
 0.8700	 1.0095	 0.0133
 0.8750	 0.9987	 0.0123
 0.8800	 0.9948	 0.0131
 0.8850	 1.0007	 0.0122
 0.8900	 0.9979	 0.0122
 0.8950	 0.9932	 0.0122
 0.9000	 0.9997	 0.0117
 0.9050	 1.0002	 0.0124
 0.9100	 1.0082	 0.0120
 0.9150	 1.0073	 0.0120
 0.9200	 0.9976	 0.0119
 0.9250	 0.9944	 0.0124
 0.9300	 0.9930	 0.0119
 0.9350	 0.9980	 0.0120
 0.9400	 0.9968	 0.0113
 0.9450	 0.9954	 0.0118
 0.9500	 0.9902	 0.0116
 0.9550	 0.9957	 0.0118
 0.9600	 1.0011	 0.0128
 0.9650	 1.0028	 0.0124
 0.9700	 1.0017	 0.0111
 0.9750	 0.9953	 0.0111
 0.9800	 0.9979	 0.0115
 0.9850	 0.9921	 0.0118
 0.9900	 0.9917	 0.0102
 0.9950	 0.9996	 0.0100
 1.0000	 1.0026	 0.0107
 1.0050	 0.9925	 0.0116
 1.0100	 0.9843	 0.0106
 1.0150	 0.9899	 0.0104
 1.0200	 0.9899	 0.0121
 1.0250	 0.9871	 0.0109
 1.0300	 0.9769	 0.0096
 1.0350	 0.9842	 0.0122
 1.0400	 0.9874	 0.0099
 1.0450	 0.9988	 0.0102
 1.0500	 0.9909	 0.0095
 1.0550	 0.9952	 0.0089
 1.0600	 0.9975	 0.0090
 1.0650	 0.9992	 0.0098
 1.0700	 0.9991	 0.0109
 1.0750	 1.0011	 0.0110
 1.0800	 0.9934	 0.0095
 1.0850	 0.9873	 0.0092
 1.0900	 0.9764	 0.0090
 1.0950	 0.9780	 0.0087
 1.1000	 0.9828	 0.0087
 1.1050	 1.0014	 0.0089
 1.1100	 1.0055	 0.0099
 1.1150	 0.9879	 0.0093
 1.1200	 0.9880	 0.0090
 1.1250	 0.9817	 0.0097
 1.1300	 0.9841	 0.0092
 1.1350	 0.9840	 0.0096
 1.1400	 0.9798	 0.0103
 1.1450	 0.9771	 0.0090
 1.1500	 0.9705	 0.0089
 1.1550	 0.9665	 0.0091
 1.1600	 0.9753	 0.0099
 1.1650	 0.9872	 0.0093
 1.1700	 0.9976	 0.0101
 1.1750	 0.9874	 0.0087
 1.1800	 0.9983	 0.0085
 1.1850	 1.0011	 0.0098
 1.1900	 0.9900	 0.0085
 1.1950	 0.9970	 0.0083
 1.2000	 0.9961	 0.0081
 1.2050	 0.9803	 0.0096
 1.2100	 0.9793	 0.0097
 1.2150	 0.9828	 0.0091
 1.2200	 0.9812	 0.0090
 1.2250	 0.9781	 0.0085
 1.2300	 0.9929	 0.0081
 1.2350	 0.9977	 0.0086
 1.2400	 0.9969	 0.0085
 1.2450	 1.0092	 0.0078
 1.2500	 1.0074	 0.0106
 1.2550	 1.0011	 0.0096
 1.2600	 0.9921	 0.0098
 1.2650	 0.9994	 0.0097
 1.2700	 0.9966	 0.0086
 1.2750	 0.9935	 0.0089
 1.2800	 1.0105	 0.0094
 1.2850	 1.0036	 0.0085
 1.2900	 1.0068	 0.0085
 1.2950	 1.0115	 0.0085
 1.3000	 1.0135	 0.0087
 1.3050	 0.9965	 0.0086
 1.3150	 0.9894	 0.0094
 1.3200	 0.9950	 0.0089
 1.3250	 1.0058	 0.0089
 1.3300	 1.0068	 0.0090
 1.3350	 1.0054	 0.0093
 1.3400	 1.0152	 0.0098
 1.3450	 1.0169	 0.0117
 1.3500	 1.0083	 0.0139
 1.3550	 1.0089	 0.0165
 1.3750	 0.9955	 0.0162
 1.3800	 0.9968	 0.0144
 1.3850	 1.0061	 0.0150
 1.3900	 0.9960	 0.0141
 1.3950	 1.0129	 0.0132
 1.4000	 1.0063	 0.0131
 1.4050	 1.0130	 0.0134
 1.4100	 1.0146	 0.0130
 1.4150	 1.0276	 0.0137
 1.4200	 1.0231	 0.0126
 1.4250	 1.0115	 0.0112
 1.4350	 0.9987	 0.0119
 1.4400	 1.0053	 0.0102
 1.4450	 0.9979	 0.0104
 1.4500	 1.0097	 0.0107
 1.4550	 1.0104	 0.0106
 1.4600	 1.0240	 0.0105
 1.4650	 1.0261	 0.0103
 1.4700	 1.0272	 0.0106
 1.4750	 1.0426	 0.0107
 1.4800	 1.0279	 0.0098
 1.4850	 1.0192	 0.0096
 1.4900	 0.9987	 0.0117
 1.4950	 1.0221	 0.0119
 1.5000	 1.0113	 0.0092
 1.5050	 1.0224	 0.0092
 1.5100	 1.0131	 0.0096
 1.5150	 1.0089	 0.0092
 1.5200	 1.0119	 0.0099
 1.5250	 1.0350	 0.0107
 1.5300	 1.0298	 0.0104
 1.5350	 1.0113	 0.0114
 1.5400	 1.0144	 0.0103
 1.5450	 1.0186	 0.0097
 1.5500	 1.0066	 0.0097
 1.5550	 1.0178	 0.0098
 1.5600	 1.0255	 0.0103
 1.5650	 1.0157	 0.0103
 1.5700	 1.0072	 0.0098
 1.5750	 1.0103	 0.0125
 1.5800	 1.0156	 0.0105
 1.5850	 1.0319	 0.0097
 1.5900	 1.0362	 0.0101
 1.5950	 1.0214	 0.0106
 1.6000	 1.0071	 0.0100
 1.6050	 1.0114	 0.0095
 1.6100	 1.0078	 0.0104
 1.6150	 1.0059	 0.0105
 1.6200	 1.0160	 0.0102
 1.6250	 1.0187	 0.0103
 1.6300	 1.0157	 0.0099
 1.6350	 1.0087	 0.0103
 1.6400	 1.0120	 0.0107
 1.6450	 1.0307	 0.0102
 1.6500	 1.0414	 0.0106
 1.6550	 1.0444	 0.0117
 1.6600	 1.0469	 0.0112
 1.6650	 1.0315	 0.0124
 1.6700	 1.0356	 0.0108
 1.6750	 1.0510	 0.0107
 1.6800	 1.0385	 0.0114
 1.6850	 1.0396	 0.0104
 1.6900	 1.0487	 0.0115
 1.6950	 1.0517	 0.0104
 1.7000	 1.0637	 0.0111
 1.7050	 1.0563	 0.0109
 1.7100	 1.0416	 0.0111
 1.7150	 1.0467	 0.0116
 1.7200	 1.0394	 0.0106
 1.7250	 1.0302	 0.0109
 1.7300	 1.0422	 0.0120
 1.7350	 1.0488	 0.0117
 1.7400	 1.0359	 0.0121
 1.7450	 1.0186	 0.0120
 1.7500	 1.0160	 0.0122
 1.7550	 1.0438	 0.0119
 1.7600	 1.0595	 0.0117
 1.7700	 1.0712	 0.0117
 1.7750	 1.0222	 0.0117
 1.7800	 1.0192	 0.0120
 1.7850	 1.0333	 0.0125
 1.7900	 1.0316	 0.0128
 1.7950	 1.0293	 0.0141
 1.8000	 1.0227	 0.0138
 1.8050	 1.0439	 0.0133
 1.8150	 1.0515	 0.0164
 1.8200	 1.0515	 0.0172
 1.8250	 1.0662	 0.0173
 1.8300	 1.0741	 0.0184
 1.8350	 1.0142	 0.0201
 1.8400	 1.0315	 0.0232
 1.8450	 1.0238	 0.0216
 1.8500	 1.0224	 0.0215
 1.8550	 1.0350	 0.0218
 1.8600	 1.0547	 0.0230
 1.8650	 1.0623	 0.0248
 1.8700	 1.0391	 0.0237
 1.8750	 1.0537	 0.0238
 1.8800	 1.0765	 0.0240
 1.8850	 1.0426	 0.0208
 1.8900	 1.0439	 0.0184
 1.8950	 1.0444	 0.0187
 1.9000	 1.0208	 0.0188
 1.9050	 1.0707	 0.0239
 1.9100	 1.0857	 0.0245
 1.9150	 1.0164	 0.0245
 1.9200	 1.0381	 0.0204
 1.9250	 1.0812	 0.0188
 1.9300	 1.0810	 0.0175
 1.9450	 1.0676	 0.0177
 1.9500	 1.0542	 0.0180
 1.9550	 1.0694	 0.0182
 1.9600	 1.0618	 0.0173
 1.9650	 1.0615	 0.0176
 1.9700	 1.0581	 0.0167
 1.9750	 1.0531	 0.0161
 1.9800	 1.0010	 0.0149
 1.9850	 1.0192	 0.0137
 1.9900	 1.0459	 0.0155
 1.9950	 1.0227	 0.0181
 2.0000	 1.0091	 0.0196
 2.0050	 1.0476	 0.0223
 2.0100	 1.0390	 0.0217
 2.0150	 1.0182	 0.0218
 2.0200	 1.0609	 0.0203
 2.0250	 1.0552	 0.0188
 2.0300	 1.0464	 0.0163
 2.0350	 1.0181	 0.0144
 2.0400	 1.0342	 0.0151
 2.0450	 1.0488	 0.0151
 2.0550	 1.0999	 0.0211
 2.0600	 1.0827	 0.0187
 2.0650	 1.0827	 0.0180
 2.0700	 1.0723	 0.0189
 2.0750	 1.0632	 0.0178
 2.0800	 1.0743	 0.0182
 2.0850	 1.0453	 0.0157
 2.0900	 1.0170	 0.0166
 2.0950	 1.0357	 0.0155
 2.1000	 1.0463	 0.0159
 2.1050	 1.0431	 0.0162
 2.1100	 1.0546	 0.0161
 2.1150	 1.0647	 0.0164
 2.1200	 1.0468	 0.0168
 2.1250	 1.0382	 0.0161
 2.1300	 1.0321	 0.0170
 2.1350	 1.0596	 0.0171
 2.1400	 1.0553	 0.0163
 2.1450	 1.0484	 0.0165
 2.1500	 1.0723	 0.0172
 2.1550	 1.0775	 0.0179
 2.1600	 1.0787	 0.0174
 2.1650	 1.0469	 0.0190
 2.1700	 1.0557	 0.0177
 2.1750	 1.0500	 0.0176
 2.1800	 1.0461	 0.0187
 2.1850	 1.0507	 0.0176
 2.1900	 1.0785	 0.0172
 2.1950	 1.1071	 0.0181
 2.2000	 1.0815	 0.0177
 2.2050	 1.0974	 0.0190
 2.2100	 1.0815	 0.0197
 2.2150	 1.0687	 0.0189
 2.2200	 1.0830	 0.0192
 2.2250	 1.0940	 0.0183
 2.2300	 1.0626	 0.0191
 2.2350	 1.0587	 0.0196
 2.2400	 1.0913	 0.0204
 2.2450	 1.1078	 0.0188
 2.2500	 1.0926	 0.0188
 2.2550	 1.0515	 0.0201
 2.2600	 1.0832	 0.0192
 2.2650	 1.1111	 0.0217
 2.2700	 1.1011	 0.0199
 2.2750	 1.1062	 0.0201
 2.2800	 1.1097	 0.0187
 2.2850	 1.1161	 0.0227
 2.2900	 1.1243	 0.0210
 2.2950	 1.1213	 0.0209
 2.3000	 1.1225	 0.0235
 2.3050	 1.1160	 0.0212
 2.3100	 1.1023	 0.0211
 2.3150	 1.1393	 0.0238
 2.3200	 1.1269	 0.0209
 2.3250	 1.0739	 0.0210
 2.3300	 1.1008	 0.0236
 2.3350	 1.1036	 0.0213
 2.3400	 1.0884	 0.0222
 2.3650	 1.1268	 0.0242
 2.3700	 1.1397	 0.0247
 2.3750	 1.1241	 0.0249
 2.3800	 1.1494	 0.0240
 2.3850	 1.1423	 0.0241
 2.3900	 1.1032	 0.0234
 2.3950	 1.1188	 0.0241
 2.4000	 1.0873	 0.0234
 2.4050	 1.0869	 0.0227
 2.4100	 1.1025	 0.0244
 2.4150	 1.1172	 0.0252
 2.4200	 1.1485	 0.0306
 2.4250	 1.0914	 0.0277
 2.4300	 1.0909	 0.0254
 2.4350	 1.0882	 0.0242
 2.4400	 1.1138	 0.0275
 2.4450	 1.0897	 0.0237
 2.4500	 1.1076	 0.1000
