 0.8250	 1.1096	 0.0268
 0.8300	 1.1094	 0.0267
 0.8350	 1.1018	 0.0259
 0.8400	 1.0893	 0.0250
 0.8450	 1.0935	 0.0248
 0.8500	 1.0569	 0.0248
 0.8550	 1.0570	 0.0281
 0.8600	 1.0897	 0.0258
 0.8650	 1.0986	 0.0249
 0.8700	 1.0829	 0.0248
 0.8750	 1.0630	 0.0234
 0.8800	 1.0651	 0.0234
 0.8850	 1.0472	 0.0236
 0.8900	 1.0668	 0.0220
 0.8950	 1.0664	 0.0224
 0.9000	 1.0532	 0.0224
 0.9050	 1.0415	 0.0223
 0.9100	 1.0291	 0.0215
 0.9150	 1.0265	 0.0223
 0.9200	 1.0419	 0.0214
 0.9250	 1.0481	 0.0224
 0.9300	 1.0432	 0.0223
 0.9350	 1.0338	 0.0229
 0.9400	 1.0200	 0.0213
 0.9450	 1.0166	 0.0214
 0.9500	 1.0102	 0.0215
 0.9550	 1.0061	 0.0209
 0.9600	 1.0323	 0.0203
 0.9650	 1.0361	 0.0197
 0.9700	 1.0309	 0.0196
 0.9750	 1.0246	 0.0193
 0.9800	 1.0217	 0.0189
 0.9850	 1.0248	 0.0190
 0.9900	 1.0302	 0.0218
 0.9950	 1.0271	 0.0203
 1.0000	 1.0505	 0.0189
 1.0050	 1.0432	 0.0190
 1.0100	 1.0266	 0.0179
 1.0150	 1.0268	 0.0193
 1.0200	 1.0282	 0.0188
 1.0250	 1.0216	 0.0182
 1.0300	 1.0335	 0.0178
 1.0350	 1.0453	 0.0199
 1.0400	 1.0401	 0.0191
 1.0450	 1.0273	 0.0178
 1.0500	 1.0226	 0.0184
 1.0550	 1.0257	 0.0179
 1.0600	 1.0331	 0.0173
 1.0650	 1.0319	 0.0191
 1.0700	 1.0139	 0.0188
 1.0750	 0.9924	 0.0177
 1.0800	 0.9922	 0.0180
 1.0850	 0.9998	 0.0168
 1.0900	 0.9979	 0.0168
 1.0950	 1.0062	 0.0173
 1.1000	 0.9988	 0.0175
 1.1050	 1.0183	 0.0184
 1.1100	 1.0127	 0.0183
 1.1150	 1.0053	 0.0196
 1.1200	 1.0171	 0.0195
 1.1250	 0.9741	 0.0211
 1.1300	 0.9690	 0.0212
 1.1450	 0.9872	 0.0198
 1.1500	 1.0248	 0.0201
 1.1550	 0.9988	 0.0234
 1.1600	 0.9831	 0.0174
 1.1650	 1.0175	 0.0185
 1.1700	 1.0249	 0.0175
 1.1750	 1.0191	 0.0164
 1.1800	 1.0121	 0.0172
 1.1850	 1.0072	 0.0166
 1.1900	 1.0007	 0.0176
 1.1950	 1.0143	 0.0176
 1.2000	 1.0270	 0.0175
 1.2050	 1.0271	 0.0181
 1.2100	 1.0184	 0.0165
 1.2150	 1.0172	 0.0178
 1.2200	 1.0168	 0.0174
 1.2250	 0.9947	 0.0189
 1.2300	 1.0068	 0.0184
 1.2350	 1.0113	 0.0176
 1.2400	 0.9846	 0.0179
 1.2450	 0.9896	 0.0169
 1.2500	 1.0015	 0.0167
 1.2550	 1.0189	 0.0176
 1.2600	 1.0143	 0.0184
 1.2650	 0.9926	 0.0172
 1.2750	 1.0023	 0.0177
 1.2800	 1.0178	 0.0182
 1.2850	 1.0002	 0.0194
 1.2900	 0.9870	 0.0186
 1.2950	 0.9982	 0.0166
 1.3000	 1.0110	 0.0175
 1.3050	 0.9967	 0.0183
 1.3100	 1.0185	 0.0201
 1.3150	 1.0124	 0.0178
 1.3200	 1.0059	 0.0169
 1.3300	 1.0137	 0.0174
 1.3350	 1.0038	 0.0185
 1.3400	 0.9894	 0.0211
 1.3450	 0.9904	 0.0213
 1.3500	 0.9838	 0.0354
 1.3600	 0.9531	 0.0293
 1.3700	 0.9700	 0.0368
 1.3750	 0.9513	 0.0404
 1.3800	 0.9512	 0.0328
 1.3850	 0.9876	 0.0335
 1.3900	 0.9701	 0.0338
 1.4050	 0.9471	 0.0299
 1.4100	 0.9334	 0.0266
 1.4150	 0.9614	 0.0250
 1.4200	 0.9553	 0.0230
 1.4250	 0.9782	 0.0246
 1.4300	 0.9807	 0.0270
 1.4350	 0.9677	 0.0231
 1.4400	 0.9047	 0.0194
 1.4450	 0.9287	 0.0202
 1.4500	 0.9386	 0.0193
 1.4550	 0.9556	 0.0173
 1.4600	 0.9517	 0.0180
 1.4650	 0.9519	 0.0186
 1.4700	 0.9699	 0.0207
 1.4750	 0.9000	 0.0192
 1.4800	 0.9132	 0.0189
 1.4850	 0.9188	 0.0183
 1.4900	 0.9370	 0.0195
 1.4950	 0.9522	 0.0218
 1.5000	 0.9728	 0.0190
 1.5050	 0.9491	 0.0222
 1.5100	 0.9225	 0.0193
 1.5150	 0.9394	 0.0195
 1.5200	 0.9309	 0.0219
 1.5250	 0.9274	 0.0200
 1.5300	 0.9532	 0.0220
 1.5350	 0.9517	 0.0199
 1.5400	 0.9231	 0.0200
 1.5450	 0.9421	 0.0200
 1.5500	 0.9056	 0.0198
 1.5550	 0.8909	 0.0188
 1.5600	 0.9400	 0.0197
 1.5650	 0.9575	 0.0199
 1.5700	 0.9479	 0.0194
 1.5750	 0.9246	 0.0194
 1.5800	 0.9201	 0.0180
 1.5850	 0.9293	 0.0196
 1.5900	 0.9241	 0.0191
 1.5950	 0.9618	 0.0207
 1.6000	 0.9580	 0.0204
 1.6050	 0.9225	 0.0189
 1.6100	 0.9052	 0.0189
 1.6150	 0.9117	 0.0187
 1.6200	 0.9102	 0.0192
 1.6250	 0.9087	 0.0188
 1.6300	 0.9256	 0.0191
 1.6350	 0.9327	 0.0195
 1.6400	 0.9448	 0.0189
 1.6450	 0.9440	 0.0205
 1.6500	 0.9344	 0.0213
 1.6550	 0.9128	 0.0206
 1.6600	 0.8939	 0.0202
 1.6650	 0.9670	 0.0202
 1.6700	 0.9522	 0.0243
 1.6750	 0.9444	 0.0196
 1.6800	 0.9221	 0.0205
 1.6850	 0.8846	 0.0198
 1.6900	 0.9322	 0.0194
 1.6950	 0.9310	 0.0216
 1.7000	 0.9043	 0.0199
 1.7050	 0.9154	 0.0201
 1.7100	 0.9160	 0.0208
 1.7150	 0.8780	 0.0190
 1.7200	 0.8875	 0.0210
 1.7250	 0.8954	 0.0204
 1.7300	 0.8830	 0.0203
 1.7350	 0.8794	 0.0222
 1.7400	 0.8984	 0.0226
 1.7450	 0.8917	 0.0216
 1.7500	 0.9158	 0.0208
 1.7550	 0.9176	 0.0242
 1.7600	 0.8772	 0.0208
 1.7650	 0.8957	 0.0234
 1.7700	 0.9174	 0.0223
 1.7750	 0.8701	 0.0217
 1.7800	 0.8400	 0.0217
 1.7850	 0.8316	 0.0222
 1.7900	 0.8423	 0.0250
 1.7950	 0.8810	 0.0240
 1.8000	 0.8782	 0.0251
 1.8050	 0.8810	 0.0275
 1.8100	 0.9179	 0.0291
 1.8150	 0.9226	 0.0336
 1.8200	 0.9257	 0.0330
 1.8250	 0.8972	 0.0336
 1.8300	 0.9057	 0.0346
 1.8400	 0.8831	 0.0501
 1.8450	 0.8418	 0.0481
 1.8500	 0.8783	 0.0480
 1.8550	 0.8225	 0.0428
 1.8600	 0.8111	 0.0402
 1.8750	 0.8328	 0.0516
 1.8850	 0.8321	 0.0367
 1.8900	 0.8893	 0.0450
 1.8950	 0.8559	 0.0431
 1.9000	 0.8482	 0.0455
 1.9050	 0.8029	 0.0421
 1.9100	 0.8543	 0.0400
 1.9150	 0.8583	 0.0389
 1.9200	 0.8782	 0.0356
 1.9250	 0.8529	 0.0352
 1.9300	 0.8370	 0.0353
 1.9350	 0.9071	 0.0439
 1.9400	 0.8958	 0.0368
 1.9450	 0.8984	 0.0336
 1.9550	 0.9397	 0.0377
 1.9600	 0.8988	 0.0390
 1.9650	 0.9199	 0.0420
 1.9700	 0.9155	 0.0332
 1.9750	 0.8692	 0.0303
 1.9800	 0.8805	 0.0283
 1.9850	 0.9204	 0.0313
 1.9900	 0.8936	 0.0309
 1.9950	 0.8958	 0.0335
 2.0000	 0.9308	 0.0487
 2.0050	 0.8889	 0.0621
 2.0100	 0.8182	 0.0552
 2.0200	 0.8597	 0.0386
 2.0250	 0.8399	 0.0325
 2.0300	 0.8136	 0.0310
 2.0350	 0.9242	 0.0331
 2.0400	 0.8680	 0.0324
 2.0450	 0.8176	 0.0342
 2.0500	 0.8726	 0.0403
 2.0550	 0.8597	 0.0407
 2.0600	 0.8468	 0.0364
 2.0650	 0.8796	 0.0392
 2.0700	 0.8977	 0.0378
 2.0750	 0.8455	 0.0387
 2.0800	 0.8243	 0.0348
 2.0850	 0.8449	 0.0344
 2.0900	 0.8153	 0.0341
 2.0950	 0.8779	 0.0293
 2.1000	 0.9096	 0.0369
 2.1050	 0.8236	 0.0332
 2.1100	 0.8363	 0.0313
 2.1150	 0.8205	 0.0324
 2.1200	 0.8143	 0.0302
 2.1250	 0.8593	 0.0326
 2.1300	 0.8507	 0.0337
 2.1350	 0.8190	 0.0339
 2.1400	 0.8215	 0.0315
 2.1450	 0.8505	 0.0330
 2.1500	 0.8851	 0.0397
 2.1550	 0.8406	 0.0389
 2.1600	 0.8206	 0.0363
 2.1650	 0.8790	 0.0360
 2.1700	 0.8563	 0.0360
 2.1750	 0.8053	 0.0337
 2.1800	 0.7858	 0.0330
 2.1850	 0.8062	 0.0389
 2.1900	 0.7642	 0.0370
 2.1950	 0.7977	 0.0409
 2.2000	 0.8242	 0.0379
 2.2050	 0.8059	 0.0373
 2.2100	 0.8182	 0.0374
 2.2150	 0.7906	 0.0386
 2.2200	 0.8079	 0.0344
 2.2250	 0.8319	 0.0387
 2.2300	 0.8621	 0.0385
 2.2350	 0.8200	 0.0386
 2.2400	 0.7980	 0.0427
 2.2450	 0.8446	 0.0414
 2.2500	 0.8382	 0.0388
 2.2550	 0.8408	 0.0398
 2.2600	 0.7708	 0.0403
 2.2650	 0.7877	 0.0411
 2.2700	 0.8760	 0.0438
 2.2750	 0.8161	 0.0442
 2.2800	 0.7579	 0.0453
 2.2850	 0.8118	 0.0390
 2.2900	 0.8395	 0.0424
 2.2950	 0.8175	 0.0429
 2.3000	 0.7997	 0.0445
 2.3050	 0.7969	 0.0483
 2.3100	 0.8234	 0.0469
 2.3150	 0.7995	 0.0533
 2.3250	 0.7808	 0.0471
 2.3300	 0.7972	 0.0462
 2.3550	 0.8257	 0.0494
 2.3650	 0.7888	 0.0510
 2.3700	 0.8682	 0.0580
 2.3850	 0.7788	 0.0555
 2.3900	 0.7274	 0.0593
 2.4000	 0.7906	 0.0536
 2.4050	 0.7723	 0.0597
 2.4100	 0.7718	 0.0571
 2.4500	 0.7780	 0.1000
