 0.8200	 0.8681	 0.0071
 0.8250	 0.8506	 0.0069
 0.8300	 0.8599	 0.0067
 0.8350	 0.8653	 0.0067
 0.8400	 0.8686	 0.0066
 0.8450	 0.8685	 0.0067
 0.8550	 0.8852	 0.0070
 0.8600	 0.8780	 0.0068
 0.8650	 0.8712	 0.0069
 0.8700	 0.8796	 0.0071
 0.8750	 0.8747	 0.0068
 0.8800	 0.8717	 0.0066
 0.8850	 0.8793	 0.0066
 0.8900	 0.8904	 0.0062
 0.8950	 0.8965	 0.0063
 0.9000	 0.9022	 0.0064
 0.9050	 0.9030	 0.0060
 0.9100	 0.9091	 0.0062
 0.9150	 0.9042	 0.0060
 0.9200	 0.9022	 0.0059
 0.9250	 0.8943	 0.0060
 0.9300	 0.9017	 0.0061
 0.9350	 0.9091	 0.0061
 0.9400	 0.9160	 0.0061
 0.9450	 0.9200	 0.0059
 0.9500	 0.9222	 0.0060
 0.9550	 0.9244	 0.0056
 0.9600	 0.9255	 0.0057
 0.9650	 0.9253	 0.0059
 0.9700	 0.9287	 0.0055
 0.9750	 0.9293	 0.0055
 0.9800	 0.9354	 0.0057
 0.9850	 0.9331	 0.0054
 0.9900	 0.9326	 0.0055
 0.9950	 0.9376	 0.0054
 1.0000	 0.9391	 0.0054
 1.0050	 0.9377	 0.0057
 1.0100	 0.9493	 0.0053
 1.0150	 0.9500	 0.0054
 1.0200	 0.9550	 0.0053
 1.0250	 0.9548	 0.0052
 1.0300	 0.9567	 0.0052
 1.0350	 0.9572	 0.0051
 1.0400	 0.9592	 0.0054
 1.0450	 0.9513	 0.0054
 1.0500	 0.9579	 0.0051
 1.0550	 0.9666	 0.0052
 1.0600	 0.9664	 0.0053
 1.0650	 0.9630	 0.0053
 1.0700	 0.9678	 0.0051
 1.0750	 0.9702	 0.0053
 1.0800	 0.9721	 0.0051
 1.0850	 0.9748	 0.0051
 1.0900	 0.9750	 0.0051
 1.0950	 0.9829	 0.0049
 1.1000	 0.9805	 0.0053
 1.1050	 0.9846	 0.0050
 1.1100	 0.9772	 0.0049
 1.1150	 0.9812	 0.0049
 1.1200	 0.9806	 0.0049
 1.1250	 0.9863	 0.0055
 1.1300	 0.9894	 0.0054
 1.1350	 0.9839	 0.0053
 1.1400	 0.9896	 0.0053
 1.1450	 0.9932	 0.0051
 1.1500	 0.9958	 0.0053
 1.1550	 0.9932	 0.0053
 1.1600	 0.9961	 0.0049
 1.1650	 1.0039	 0.0050
 1.1700	 1.0079	 0.0049
 1.1750	 1.0080	 0.0048
 1.1800	 1.0071	 0.0047
 1.1850	 1.0127	 0.0049
 1.1900	 1.0156	 0.0047
 1.1950	 1.0183	 0.0047
 1.2000	 1.0178	 0.0049
 1.2050	 1.0160	 0.0050
 1.2100	 1.0188	 0.0050
 1.2150	 1.0200	 0.0048
 1.2200	 1.0205	 0.0049
 1.2250	 1.0207	 0.0048
 1.2300	 1.0223	 0.0048
 1.2350	 1.0185	 0.0049
 1.2400	 1.0214	 0.0049
 1.2450	 1.0231	 0.0051
 1.2500	 1.0196	 0.0051
 1.2550	 1.0182	 0.0050
 1.2600	 1.0136	 0.0050
 1.2800	 1.0259	 0.0060
 1.2850	 1.0270	 0.0055
 1.2900	 1.0307	 0.0051
 1.2950	 1.0349	 0.0048
 1.3000	 1.0337	 0.0049
 1.3050	 1.0439	 0.0051
 1.3100	 1.0501	 0.0049
 1.3150	 1.0478	 0.0049
 1.3200	 1.0538	 0.0051
 1.3250	 1.0461	 0.0050
 1.3300	 1.0447	 0.0050
 1.3350	 1.0490	 0.0050
 1.3400	 1.0502	 0.0051
 1.3450	 1.0515	 0.0054
 1.3500	 1.0476	 0.0060
 1.3550	 1.0501	 0.0067
 1.3600	 1.0519	 0.0062
 1.3650	 1.0478	 0.0063
 1.3700	 1.0447	 0.0062
 1.3750	 1.0468	 0.0069
 1.3800	 1.0499	 0.0066
 1.3850	 1.0508	 0.0070
 1.3900	 1.0474	 0.0072
 1.3950	 1.0597	 0.0064
 1.4000	 1.0654	 0.0064
 1.4050	 1.0682	 0.0062
 1.4100	 1.0674	 0.0064
 1.4150	 1.0719	 0.0060
 1.4200	 1.0768	 0.0059
 1.4250	 1.0794	 0.0059
 1.4300	 1.0795	 0.0059
 1.4350	 1.0783	 0.0059
 1.4400	 1.0727	 0.0059
 1.4450	 1.0809	 0.0063
 1.4500	 1.0796	 0.0061
 1.4550	 1.0740	 0.0058
 1.4600	 1.0834	 0.0059
 1.4650	 1.0879	 0.0059
 1.4700	 1.0812	 0.0064
 1.4750	 1.0787	 0.0059
 1.4800	 1.0856	 0.0062
 1.4850	 1.0806	 0.0061
 1.4900	 1.0805	 0.0060
 1.4950	 1.0881	 0.0059
 1.5000	 1.0869	 0.0062
 1.5050	 1.0842	 0.0069
 1.5100	 1.0818	 0.0066
 1.5200	 1.0889	 0.0062
 1.5250	 1.0934	 0.0068
 1.5300	 1.0785	 0.0062
 1.5350	 1.0937	 0.0066
 1.5400	 1.0944	 0.0068
 1.5450	 1.0931	 0.0060
 1.5500	 1.1026	 0.0061
 1.5550	 1.0986	 0.0061
 1.5600	 1.1045	 0.0063
 1.5650	 1.1256	 0.0071
 1.5700	 1.1166	 0.0068
 1.5750	 1.1063	 0.0062
 1.5800	 1.1160	 0.0069
 1.5850	 1.1193	 0.0070
 1.5900	 1.1218	 0.0069
 1.5950	 1.1191	 0.0063
 1.6000	 1.1262	 0.0066
 1.6050	 1.1129	 0.0067
 1.6100	 1.1105	 0.0076
 1.6150	 1.1185	 0.0071
 1.6200	 1.1266	 0.0069
 1.6250	 1.1262	 0.0066
 1.6300	 1.1297	 0.0065
 1.6350	 1.1294	 0.0070
 1.6400	 1.1332	 0.0070
 1.6450	 1.1487	 0.0073
 1.6500	 1.1386	 0.0070
 1.6550	 1.1417	 0.0069
 1.6600	 1.1369	 0.0072
 1.6650	 1.1244	 0.0071
 1.6700	 1.1296	 0.0075
 1.6750	 1.1426	 0.0072
 1.6800	 1.1393	 0.0085
 1.6850	 1.1371	 0.0074
 1.6900	 1.1388	 0.0073
 1.6950	 1.1307	 0.0077
 1.7000	 1.1261	 0.0076
 1.7050	 1.1479	 0.0076
 1.7100	 1.1369	 0.0082
 1.7150	 1.1470	 0.0079
 1.7200	 1.1514	 0.0082
 1.7250	 1.1478	 0.0076
 1.7300	 1.1524	 0.0079
 1.7350	 1.1641	 0.0080
 1.7400	 1.1630	 0.0076
 1.7450	 1.1575	 0.0072
 1.7500	 1.1621	 0.0075
 1.7550	 1.1666	 0.0078
 1.7600	 1.1550	 0.0079
 1.7650	 1.1567	 0.0077
 1.7700	 1.1624	 0.0077
 1.7750	 1.1646	 0.0081
 1.7800	 1.1774	 0.0079
 1.7850	 1.1812	 0.0081
 1.7900	 1.1672	 0.0085
 1.7950	 1.1795	 0.0085
 1.8000	 1.1762	 0.0088
 1.8050	 1.1770	 0.0086
 1.8100	 1.1798	 0.0088
 1.8150	 1.1970	 0.0096
 1.8200	 1.1795	 0.0091
 1.8250	 1.1835	 0.0091
 1.8300	 1.1987	 0.0096
 1.8350	 1.2013	 0.0101
 1.8400	 1.1928	 0.0111
 1.8450	 1.1876	 0.0111
 1.8500	 1.1837	 0.0116
 1.8550	 1.1836	 0.0115
 1.8650	 1.1921	 0.0121
 1.8700	 1.2014	 0.0126
 1.8750	 1.2153	 0.0132
 1.8800	 1.2038	 0.0122
 1.8850	 1.2126	 0.0112
 1.8900	 1.1980	 0.0103
 1.8950	 1.2043	 0.0121
 1.9000	 1.2154	 0.0112
 1.9050	 1.2130	 0.0118
 1.9100	 1.2195	 0.0120
 1.9150	 1.2020	 0.0118
 1.9200	 1.2121	 0.0120
 1.9250	 1.2279	 0.0124
 1.9300	 1.2302	 0.0116
 1.9350	 1.2249	 0.0110
 1.9400	 1.2306	 0.0111
 1.9450	 1.2192	 0.0111
 1.9500	 1.2197	 0.0115
 1.9550	 1.2139	 0.0117
 1.9600	 1.2133	 0.0120
 1.9650	 1.2191	 0.0114
 1.9700	 1.2043	 0.0113
 1.9750	 1.2182	 0.0114
 1.9800	 1.2340	 0.0105
 1.9850	 1.2361	 0.0099
 1.9900	 1.2265	 0.0101
 1.9950	 1.2457	 0.0131
 2.0000	 1.2414	 0.0142
 2.0050	 1.2220	 0.0145
 2.0100	 1.2462	 0.0158
 2.0150	 1.2474	 0.0146
 2.0200	 1.2314	 0.0131
 2.0250	 1.2365	 0.0119
 2.0300	 1.2346	 0.0114
 2.0350	 1.2446	 0.0114
 2.0400	 1.2468	 0.0111
 2.0450	 1.2473	 0.0122
 2.0500	 1.2615	 0.0134
 2.0550	 1.2545	 0.0131
 2.0600	 1.2431	 0.0132
 2.0650	 1.2497	 0.0119
 2.0700	 1.2724	 0.0123
 2.0750	 1.2673	 0.0120
 2.0800	 1.2609	 0.0110
 2.0850	 1.2731	 0.0109
 2.0900	 1.2716	 0.0110
 2.0950	 1.2769	 0.0109
 2.1000	 1.2783	 0.0108
 2.1050	 1.2710	 0.0113
 2.1100	 1.2612	 0.0124
 2.1150	 1.2699	 0.0118
 2.1200	 1.2729	 0.0120
 2.1250	 1.2832	 0.0120
 2.1300	 1.2885	 0.0113
 2.1350	 1.2841	 0.0115
 2.1400	 1.2928	 0.0118
 2.1450	 1.2896	 0.0119
 2.1500	 1.2768	 0.0119
 2.1550	 1.2795	 0.0122
 2.1600	 1.2883	 0.0128
 2.1650	 1.2984	 0.0120
 2.1700	 1.3025	 0.0125
 2.1750	 1.2975	 0.0133
 2.1800	 1.3052	 0.0128
 2.1850	 1.3080	 0.0132
 2.1900	 1.2992	 0.0131
 2.1950	 1.3085	 0.0133
 2.2000	 1.3001	 0.0132
 2.2050	 1.3077	 0.0139
 2.2100	 1.3018	 0.0138
 2.2150	 1.2912	 0.0145
 2.2200	 1.3011	 0.0137
 2.2250	 1.3146	 0.0149
 2.2300	 1.3136	 0.0143
 2.2350	 1.3064	 0.0139
 2.2400	 1.2997	 0.0145
 2.2450	 1.3129	 0.0140
 2.2500	 1.3292	 0.0143
 2.2550	 1.3158	 0.0146
 2.2600	 1.3081	 0.0144
 2.2650	 1.3231	 0.0147
 2.2700	 1.3221	 0.0152
 2.2750	 1.3154	 0.0148
 2.2800	 1.3141	 0.0149
 2.2850	 1.3190	 0.0158
 2.2900	 1.3314	 0.0163
 2.2950	 1.3375	 0.0172
 2.3000	 1.3317	 0.0162
 2.3050	 1.3193	 0.0158
 2.3100	 1.3149	 0.0159
 2.3150	 1.3453	 0.0180
 2.3200	 1.3335	 0.0169
 2.3250	 1.3203	 0.0170
 2.3300	 1.3254	 0.0172
 2.3350	 1.3422	 0.0168
 2.3400	 1.3314	 0.0164
 2.3450	 1.3233	 0.0176
 2.3500	 1.3328	 0.0177
 2.3550	 1.3322	 0.0176
 2.3600	 1.3331	 0.0182
 2.3650	 1.3373	 0.0176
 2.3700	 1.3321	 0.0181
 2.3750	 1.3259	 0.0183
 2.3800	 1.3433	 0.0184
 2.3850	 1.3551	 0.0195
 2.3900	 1.3511	 0.0182
 2.3950	 1.3305	 0.0191
 2.4000	 1.3446	 0.0192
 2.4100	 1.3582	 0.0192
 2.4150	 1.3549	 0.0182
 2.4200	 1.3350	 0.0189
 2.4250	 1.3418	 0.0183
 2.4400	 1.3683	 0.0204
 2.4450	 1.3532	 0.0212
 2.4500	 1.3540	 0.0199
 2.4550	 1.3720	 0.0213
 2.4600	 1.3791	 0.0214
 2.4650	 1.3749	 0.0206
 2.4700	 1.3965	 0.0213
 2.4750	 1.3989	 0.0218
 2.4800	 1.3931	 0.0218
