 0.8200	 0.9461	 0.0129
 0.8250	 0.9384	 0.0127
 0.8300	 0.9408	 0.0126
 0.8350	 0.9366	 0.0132
 0.8400	 0.9413	 0.0116
 0.8450	 0.9458	 0.0124
 0.8500	 0.9455	 0.0121
 0.8550	 0.9452	 0.0136
 0.8600	 0.9545	 0.0138
 0.8650	 0.9575	 0.0127
 0.8700	 0.9626	 0.0132
 0.8750	 0.9642	 0.0127
 0.8800	 0.9591	 0.0121
 0.8850	 0.9542	 0.0122
 0.8900	 0.9547	 0.0110
 0.8950	 0.9543	 0.0109
 0.9000	 0.9501	 0.0104
 0.9050	 0.9536	 0.0098
 0.9100	 0.9490	 0.0106
 0.9150	 0.9570	 0.0111
 0.9200	 0.9626	 0.0109
 0.9250	 0.9709	 0.0117
 0.9300	 0.9664	 0.0113
 0.9350	 0.9639	 0.0119
 0.9400	 0.9573	 0.0120
 0.9450	 0.9681	 0.0130
 0.9500	 0.9624	 0.0109
 0.9550	 0.9695	 0.0107
 0.9600	 0.9720	 0.0112
 0.9650	 0.9749	 0.0106
 0.9700	 0.9716	 0.0101
 0.9750	 0.9743	 0.0102
 0.9800	 0.9663	 0.0092
 0.9850	 0.9701	 0.0091
 0.9900	 0.9645	 0.0098
 0.9950	 0.9685	 0.0092
 1.0000	 0.9816	 0.0093
 1.0050	 1.0009	 0.0107
 1.0100	 0.9860	 0.0090
 1.0150	 0.9745	 0.0106
 1.0200	 0.9622	 0.0101
 1.0250	 0.9708	 0.0106
 1.0300	 0.9728	 0.0094
 1.0350	 0.9734	 0.0087
 1.0400	 0.9680	 0.0093
 1.0450	 0.9731	 0.0090
 1.0500	 0.9712	 0.0083
 1.0550	 0.9737	 0.0086
 1.0600	 0.9853	 0.0086
 1.0650	 0.9913	 0.0087
 1.0700	 0.9870	 0.0083
 1.0750	 0.9766	 0.0083
 1.0800	 0.9736	 0.0092
 1.0850	 0.9771	 0.0087
 1.0900	 0.9885	 0.0087
 1.0950	 0.9832	 0.0087
 1.1000	 0.9771	 0.0092
 1.1050	 0.9759	 0.0090
 1.1100	 0.9850	 0.0112
 1.1150	 0.9772	 0.0103
 1.1200	 0.9862	 0.0113
 1.1250	 0.9943	 0.0102
 1.1300	 0.9874	 0.0094
 1.1350	 0.9836	 0.0096
 1.1400	 0.9862	 0.0110
 1.1450	 0.9880	 0.0099
 1.1500	 0.9934	 0.0087
 1.1550	 0.9788	 0.0103
 1.1600	 0.9684	 0.0092
 1.1650	 0.9965	 0.0093
 1.1700	 1.0016	 0.0090
 1.1750	 1.0041	 0.0081
 1.1800	 1.0057	 0.0079
 1.1850	 1.0034	 0.0089
 1.1900	 1.0033	 0.0077
 1.1950	 1.0060	 0.0079
 1.2000	 1.0066	 0.0077
 1.2050	 0.9956	 0.0084
 1.2100	 0.9933	 0.0091
 1.2150	 1.0028	 0.0079
 1.2200	 1.0066	 0.0084
 1.2250	 1.0081	 0.0080
 1.2300	 1.0097	 0.0082
 1.2350	 1.0096	 0.0081
 1.2400	 1.0220	 0.0090
 1.2450	 1.0235	 0.0084
 1.2500	 1.0325	 0.0078
 1.2550	 1.0195	 0.0083
 1.2600	 1.0063	 0.0091
 1.2650	 0.9903	 0.0077
 1.2700	 0.9952	 0.0097
 1.2750	 0.9975	 0.0096
 1.2800	 1.0053	 0.0082
 1.2850	 1.0176	 0.0083
 1.2900	 1.0273	 0.0086
 1.2950	 1.0148	 0.0090
 1.3000	 1.0026	 0.0084
 1.3050	 1.0084	 0.0077
 1.3100	 1.0108	 0.0083
 1.3150	 1.0264	 0.0082
 1.3200	 1.0269	 0.0090
 1.3250	 1.0224	 0.0092
 1.3300	 1.0253	 0.0096
 1.3350	 1.0215	 0.0105
 1.3400	 1.0058	 0.0120
 1.3450	 1.0130	 0.0145
 1.3500	 1.0240	 0.0188
 1.3550	 1.0212	 0.0219
 1.3600	 1.0153	 0.0221
 1.3650	 1.0270	 0.0218
 1.3700	 1.0205	 0.0195
 1.3750	 1.0256	 0.0187
 1.3800	 1.0408	 0.0201
 1.3850	 1.0154	 0.0193
 1.3900	 1.0280	 0.0167
 1.3950	 1.0450	 0.0194
 1.4000	 1.0414	 0.0162
 1.4050	 1.0331	 0.0154
 1.4100	 1.0351	 0.0185
 1.4150	 1.0406	 0.0128
 1.4200	 1.0459	 0.0140
 1.4250	 1.0362	 0.0131
 1.4300	 1.0493	 0.0133
 1.4350	 1.0432	 0.0129
 1.4400	 1.0332	 0.0125
 1.4450	 1.0328	 0.0134
 1.4500	 1.0400	 0.0120
 1.4550	 1.0409	 0.0115
 1.4600	 1.0240	 0.0110
 1.4650	 1.0402	 0.0106
 1.4700	 1.0610	 0.0106
 1.4750	 1.0458	 0.0108
 1.4800	 1.0404	 0.0110
 1.4850	 1.0529	 0.0111
 1.4900	 1.0548	 0.0095
 1.4950	 1.0380	 0.0098
 1.5000	 1.0356	 0.0101
 1.5050	 1.0519	 0.0092
 1.5100	 1.0438	 0.0096
 1.5150	 1.0443	 0.0094
 1.5200	 1.0605	 0.0092
 1.5250	 1.0512	 0.0101
 1.5300	 1.0269	 0.0113
 1.5350	 1.0335	 0.0108
 1.5400	 1.0587	 0.0103
 1.5450	 1.0599	 0.0099
 1.5500	 1.0574	 0.0110
 1.5550	 1.0612	 0.0095
 1.5600	 1.0455	 0.0097
 1.5650	 1.0551	 0.0107
 1.5700	 1.0544	 0.0100
 1.5750	 1.0568	 0.0094
 1.5800	 1.0501	 0.0094
 1.5850	 1.0565	 0.0097
 1.5900	 1.0603	 0.0096
 1.5950	 1.0630	 0.0112
 1.6000	 1.0726	 0.0110
 1.6050	 1.0740	 0.0103
 1.6100	 1.0573	 0.0102
 1.6150	 1.0422	 0.0100
 1.6200	 1.0498	 0.0101
 1.6250	 1.0479	 0.0098
 1.6300	 1.0447	 0.0115
 1.6350	 1.0744	 0.0113
 1.6400	 1.0667	 0.0113
 1.6450	 1.0725	 0.0102
 1.6500	 1.0643	 0.0102
 1.6550	 1.0712	 0.0107
 1.6600	 1.0660	 0.0102
 1.6650	 1.0833	 0.0108
 1.6700	 1.0828	 0.0107
 1.6750	 1.0811	 0.0108
 1.6800	 1.0836	 0.0105
 1.6850	 1.0753	 0.0112
 1.6900	 1.0675	 0.0111
 1.6950	 1.0515	 0.0107
 1.7000	 1.0646	 0.0112
 1.7050	 1.0574	 0.0111
 1.7100	 1.0611	 0.0115
 1.7150	 1.0800	 0.0113
 1.7200	 1.0900	 0.0109
 1.7250	 1.0817	 0.0118
 1.7300	 1.0671	 0.0106
 1.7350	 1.0630	 0.0113
 1.7400	 1.0601	 0.0115
 1.7450	 1.0759	 0.0126
 1.7500	 1.0882	 0.0120
 1.7550	 1.0602	 0.0128
 1.7600	 1.0601	 0.0127
 1.7650	 1.0777	 0.0125
 1.7700	 1.0873	 0.0125
 1.7750	 1.0864	 0.0126
 1.7800	 1.0852	 0.0134
 1.7850	 1.0802	 0.0156
 1.7900	 1.0707	 0.0151
 1.7950	 1.0988	 0.0147
 1.8000	 1.1014	 0.0163
 1.8050	 1.0644	 0.0172
 1.8100	 1.0553	 0.0185
 1.8150	 1.0670	 0.0195
 1.8200	 1.0805	 0.0222
 1.8250	 1.0734	 0.0234
 1.8300	 1.0819	 0.0267
 1.8350	 1.0733	 0.0283
 1.8400	 1.1135	 0.0317
 1.8450	 1.1023	 0.0309
 1.8500	 1.0763	 0.0308
 1.8600	 1.0905	 0.0292
 1.8650	 1.0700	 0.0363
 1.8700	 1.1112	 0.0352
 1.8750	 1.0946	 0.0441
 1.8800	 1.1044	 0.0319
 1.8850	 1.0940	 0.0277
 1.8900	 1.1026	 0.0281
 1.8950	 1.1174	 0.0312
 1.9000	 1.1118	 0.0291
 1.9050	 1.0718	 0.0296
 1.9100	 1.1161	 0.0327
 1.9150	 1.0943	 0.0320
 1.9200	 1.1153	 0.0286
 1.9250	 1.1342	 0.0267
 1.9300	 1.1281	 0.0234
 1.9350	 1.1028	 0.0204
 1.9400	 1.1539	 0.0267
 1.9450	 1.1441	 0.0206
 1.9500	 1.1282	 0.0223
 1.9550	 1.1232	 0.0221
 1.9600	 1.0911	 0.0199
 1.9650	 1.1045	 0.0210
 1.9700	 1.1042	 0.0204
 1.9750	 1.1049	 0.0185
 1.9800	 1.1201	 0.0161
 1.9850	 1.1308	 0.0165
 1.9900	 1.1166	 0.0188
 1.9950	 1.1324	 0.0233
 2.0000	 1.1091	 0.0221
 2.0050	 1.1427	 0.0285
 2.0100	 1.1198	 0.0240
 2.0150	 1.1221	 0.0252
 2.0200	 1.1232	 0.0244
 2.0250	 1.1110	 0.0190
 2.0300	 1.1061	 0.0188
 2.0350	 1.1144	 0.0166
 2.0400	 1.1098	 0.0173
 2.0450	 1.1339	 0.0205
 2.0550	 1.1348	 0.0186
 2.0600	 1.1184	 0.0213
 2.0650	 1.1407	 0.0212
 2.0700	 1.1567	 0.0183
 2.0750	 1.1410	 0.0174
 2.0800	 1.1634	 0.0190
 2.0850	 1.1758	 0.0181
 2.0900	 1.1448	 0.0173
 2.0950	 1.1447	 0.0181
 2.1000	 1.1609	 0.0182
 2.1050	 1.1734	 0.0171
 2.1100	 1.1668	 0.0187
 2.1150	 1.1742	 0.0192
 2.1200	 1.1653	 0.0179
 2.1250	 1.1413	 0.0191
 2.1300	 1.1556	 0.0190
 2.1350	 1.1548	 0.0203
 2.1400	 1.1578	 0.0199
 2.1450	 1.1603	 0.0189
 2.1500	 1.1601	 0.0190
 2.1550	 1.1395	 0.0204
 2.1600	 1.1632	 0.0207
 2.1650	 1.1761	 0.0192
 2.1700	 1.1713	 0.0209
 2.1750	 1.1893	 0.0194
 2.1800	 1.1581	 0.0202
 2.1900	 1.1507	 0.0191
 2.1950	 1.1824	 0.0198
 2.2000	 1.1648	 0.0195
 2.2050	 1.1544	 0.0227
 2.2100	 1.1833	 0.0214
 2.2150	 1.1848	 0.0211
 2.2200	 1.1972	 0.0213
 2.2250	 1.1908	 0.0213
 2.2350	 1.1784	 0.0210
 2.2400	 1.1867	 0.0232
 2.2450	 1.1852	 0.0222
 2.2500	 1.1957	 0.0222
 2.2550	 1.2004	 0.0227
 2.2600	 1.2030	 0.0253
 2.2650	 1.2064	 0.0244
 2.2700	 1.1927	 0.0242
 2.2750	 1.1996	 0.0246
 2.2800	 1.2100	 0.0248
 2.2850	 1.2061	 0.0260
 2.2900	 1.1895	 0.0239
 2.2950	 1.2183	 0.0258
 2.3000	 1.1981	 0.0242
 2.3050	 1.1887	 0.0260
 2.3100	 1.1846	 0.0262
 2.3150	 1.1993	 0.0273
 2.3200	 1.1908	 0.0276
 2.3250	 1.1812	 0.0252
 2.3300	 1.1847	 0.0267
 2.3350	 1.1904	 0.0271
 2.3400	 1.1914	 0.0274
 2.3450	 1.2078	 0.0299
 2.3500	 1.1999	 0.0283
 2.3550	 1.2037	 0.0278
 2.3600	 1.1912	 0.0278
 2.3650	 1.1802	 0.0296
 2.3700	 1.1901	 0.0324
 2.3750	 1.1725	 0.0312
 2.3800	 1.1401	 0.0314
 2.3850	 1.2143	 0.0307
 2.3900	 1.2324	 0.0308
 2.3950	 1.2199	 0.0304
 2.4000	 1.2101	 0.0329
 2.4100	 1.2231	 0.0337
 2.4150	 1.1876	 0.0345
 2.4200	 1.1564	 0.0402
 2.4250	 1.1783	 0.0363
 2.4300	 1.1688	 0.0332
 2.4350	 1.1952	 0.0359
 2.4400	 1.1962	 0.0390
 2.4450	 1.1844	 0.0389
 2.4500	 1.1716	 0.0395
 2.4550	 1.1111	 0.0414
 2.4600	 1.1878	 0.0394
 2.4650	 1.1366	 0.0352
 2.4700	 1.1663	 0.0373
 2.4750	 1.1395	 0.0384
 2.4850	 1.1210	 0.0441
 2.4900	 1.1057	 0.0446
