 0.4350	 0.8805	 0.1044
 0.4375	 0.7831	 0.0923
 0.4400	 0.8792	 0.0841
 0.4425	 0.8517	 0.0727
 0.4450	 0.7781	 0.0485
 0.4475	 0.7524	 0.0439
 0.4500	 0.7427	 0.0386
 0.4525	 0.7400	 0.0355
 0.4550	 0.7665	 0.0332
 0.4575	 0.7799	 0.0305
 0.4600	 0.7792	 0.0283
 0.4625	 0.8222	 0.0266
 0.4650	 0.8701	 0.0248
 0.4675	 0.9067	 0.0237
 0.4700	 0.8447	 0.0223
 0.4725	 0.8866	 0.0212
 0.4750	 0.8733	 0.0197
 0.4775	 0.8351	 0.0183
 0.4800	 0.8623	 0.0175
 0.4825	 0.8775	 0.0164
 0.4850	 0.8724	 0.0156
 0.4875	 0.9143	 0.0230
 0.4900	 0.9241	 0.0156
 0.4925	 0.8716	 0.0144
 0.4950	 0.8562	 0.0135
 0.4975	 0.9106	 0.0130
 0.5000	 0.9187	 0.0124
 0.5025	 0.9405	 0.0121
 0.5050	 0.9581	 0.0120
 0.5075	 0.9591	 0.0116
 0.5100	 0.9244	 0.0109
 0.5125	 0.9337	 0.0105
 0.5150	 0.9314	 0.0102
 0.5175	 0.9485	 0.0100
 0.5200	 0.9404	 0.0099
 0.5225	 0.9354	 0.0101
 0.5325	 0.9657	 0.0121
 0.5350	 0.9369	 0.0112
 0.5375	 0.9672	 0.0080
 0.5400	 0.9902	 0.0078
 0.5425	 0.9943	 0.0076
 0.5450	 0.9942	 0.0076
 0.5475	 1.0180	 0.0074
 0.5500	 1.0036	 0.0072
 0.5525	 1.0031	 0.0070
 0.5550	 1.0244	 0.0069
 0.5575	 1.0263	 0.0068
 0.5600	 1.0205	 0.0068
 0.5625	 1.0079	 0.0075
 0.5650	 1.0088	 0.0075
 0.5675	 1.0072	 0.0068
 0.5700	 1.0316	 0.0062
 0.5725	 1.0640	 0.0062
 0.5750	 1.0542	 0.0061
 0.5775	 1.0448	 0.0060
 0.5800	 1.0468	 0.0058
 0.5825	 1.0579	 0.0057
 0.5850	 1.0555	 0.0056
 0.5875	 1.0621	 0.0055
 0.5900	 1.0681	 0.0055
 0.5925	 1.0515	 0.0055
 0.5950	 1.0810	 0.0057
 0.5975	 1.0781	 0.0055
 0.6000	 1.0784	 0.0053
 0.6025	 1.0869	 0.0052
 0.6050	 1.1057	 0.0052
 0.6075	 1.0876	 0.0051
 0.6100	 1.0729	 0.0050
 0.6125	 1.0971	 0.0050
 0.6150	 1.1053	 0.0050
 0.6175	 1.1060	 0.0049
 0.6200	 1.1191	 0.0049
 0.6225	 1.1121	 0.0049
 0.6250	 1.1128	 0.0048
 0.6275	 1.1111	 0.0048
 0.6300	 1.1365	 0.0049
 0.6325	 1.1241	 0.0048
 0.6350	 1.1238	 0.0048
 0.6375	 1.1288	 0.0048
 0.6400	 1.1527	 0.0047
 0.6425	 1.1430	 0.0046
 0.6450	 1.1425	 0.0046
 0.6475	 1.1568	 0.0046
 0.6500	 1.1558	 0.0046
 0.6525	 1.1689	 0.0046
 0.6550	 1.1659	 0.0046
 0.6575	 1.1357	 0.0045
 0.6600	 1.1833	 0.0047
 0.6625	 1.1775	 0.0046
 0.6650	 1.1720	 0.0045
 0.6675	 1.1838	 0.0044
 0.6700	 1.1861	 0.0044
 0.6725	 1.1796	 0.0044
 0.6750	 1.1904	 0.0044
 0.6775	 1.1928	 0.0044
 0.6800	 1.1970	 0.0044
 0.6825	 1.2010	 0.0044
 0.6850	 1.2154	 0.0044
 0.6875	 1.1976	 0.0044
 0.6900	 1.2003	 0.0046
 0.6925	 1.2128	 0.0047
 0.6950	 1.1983	 0.0045
 0.6975	 1.2028	 0.0045
 0.7000	 1.2245	 0.0045
 0.7025	 1.2271	 0.0045
 0.7050	 1.2305	 0.0045
 0.7075	 1.2250	 0.0045
 0.7100	 1.2307	 0.0045
 0.7125	 1.2239	 0.0045
 0.7150	 1.2409	 0.0045
 0.7175	 1.2288	 0.0045
 0.7200	 1.2374	 0.0048
 0.7225	 1.2624	 0.0069
 0.7250	 1.2265	 0.0048
 0.7275	 1.2449	 0.0050
 0.7300	 1.2456	 0.0051
 0.7325	 1.2469	 0.0051
 0.7350	 1.2329	 0.0050
 0.7375	 1.2403	 0.0050
 0.7400	 1.2417	 0.0050
 0.7425	 1.2421	 0.0050
 0.7450	 1.2302	 0.0049
 0.7475	 1.2349	 0.0049
 0.7500	 1.2317	 0.0049
 0.7525	 1.2290	 0.0050
 0.7550	 1.2343	 0.0050
 0.7675	 1.1954	 0.0077
 0.7700	 1.1816	 0.0072
 0.7725	 1.1985	 0.0074
 0.7750	 1.1907	 0.0075
 0.7775	 1.2030	 0.0054
 0.7800	 1.1961	 0.0054
 0.7825	 1.1806	 0.0055
 0.7850	 1.1798	 0.0056
 0.7875	 1.2094	 0.0057
 0.7900	 1.1753	 0.0057
 0.7925	 1.1855	 0.0058
 0.7950	 1.1782	 0.0058
 0.7975	 1.1942	 0.0057
 0.8000	 1.1655	 0.0057
 0.8025	 1.1733	 0.0058
 0.8050	 1.1676	 0.0057
 0.8075	 1.1730	 0.0057
 0.8100	 1.1540	 0.0057
 0.8125	 1.1673	 0.0058
 0.8150	 1.1637	 0.0060
 0.8175	 1.1740	 0.0062
 0.8200	 1.1500	 0.0062
 0.8225	 1.1551	 0.0062
 0.8250	 1.1339	 0.0062
 0.8275	 1.1433	 0.0066
 0.8300	 1.1435	 0.0068
 0.8325	 1.1580	 0.0070
 0.8350	 1.1400	 0.0070
 0.8375	 1.1135	 0.0071
 0.8400	 1.1285	 0.0070
 0.8425	 1.1140	 0.0071
 0.8450	 1.1272	 0.0071
 0.8475	 1.0937	 0.0070
 0.8500	 1.1018	 0.0071
 0.8525	 1.0904	 0.0072
 0.8550	 1.1215	 0.0073
 0.8575	 1.1025	 0.0072
 0.8600	 1.0864	 0.0077
 0.8625	 1.0522	 0.0085
 0.8650	 1.0592	 0.0090
 0.8675	 1.0560	 0.0086
 0.8700	 1.0901	 0.0080
 0.8725	 1.0598	 0.0080
 0.8750	 1.0655	 0.0086
 0.8775	 1.0543	 0.0090
 0.8800	 1.0462	 0.0091
 0.8825	 1.0521	 0.0092
 0.8850	 1.0554	 0.0095
 0.8875	 1.0354	 0.0095
 0.8900	 1.0393	 0.0098
 0.8925	 1.0305	 0.0100
 0.8950	 1.0331	 0.0103
 0.8975	 1.0401	 0.0106
 0.9000	 1.0651	 0.0106
 0.9025	 1.0288	 0.0101
 0.9050	 1.0448	 0.0102
 0.9075	 1.0751	 0.0107
 0.9100	 1.0454	 0.0109
 0.9125	 1.0566	 0.0110
 0.9150	 1.0574	 0.0112
 0.9175	 1.0599	 0.0115
 0.9200	 1.0817	 0.0167
 0.9225	 1.0925	 0.0171
 0.9250	 1.0434	 0.0125
 	 	 
 0.8200	 1.1448	 0.0025
 0.8250	 1.1434	 0.0023
 0.8300	 1.1340	 0.0023
 0.8350	 1.1240	 0.0022
 0.8400	 1.1156	 0.0023
 0.8450	 1.1139	 0.0023
 0.8500	 1.1067	 0.0022
 0.8550	 1.0968	 0.0022
 0.8600	 1.0945	 0.0022
 0.8650	 1.0856	 0.0023
 0.8700	 1.0768	 0.0022
 0.8750	 1.0702	 0.0022
 0.8800	 1.0637	 0.0021
 0.8850	 1.0647	 0.0020
 0.8900	 1.0611	 0.0020
 0.8950	 1.0638	 0.0019
 0.9000	 1.0659	 0.0019
 0.9050	 1.0643	 0.0019
 0.9100	 1.0589	 0.0018
 0.9150	 1.0598	 0.0019
 0.9200	 1.0589	 0.0020
 0.9250	 1.0563	 0.0020
 0.9300	 1.0471	 0.0015
 0.9350	 1.0468	 0.0013
 0.9400	 1.0479	 0.0013
 0.9450	 1.0516	 0.0012
 0.9500	 1.0511	 0.0018
 0.9550	 1.0568	 0.0018
 0.9600	 1.0614	 0.0018
 0.9650	 1.0634	 0.0017
 0.9700	 1.0632	 0.0017
 0.9750	 1.0612	 0.0016
 0.9800	 1.0600	 0.0017
 0.9850	 1.0639	 0.0017
 0.9900	 1.0648	 0.0016
 0.9950	 1.0692	 0.0016
 1.0000	 1.0727	 0.0016
 1.0050	 1.0773	 0.0015
 1.0100	 1.0753	 0.0015
 1.0150	 1.0778	 0.0015
 1.0200	 1.0802	 0.0015
 1.0250	 1.0834	 0.0015
 1.0300	 1.0839	 0.0015
 1.0350	 1.0877	 0.0015
 1.0400	 1.0908	 0.0015
 1.0450	 1.0931	 0.0015
 1.0500	 1.0980	 0.0015
 1.0550	 1.1044	 0.0015
 1.0600	 1.1052	 0.0015
 1.0650	 1.1103	 0.0015
 1.0700	 1.1128	 0.0015
 1.0750	 1.1189	 0.0015
 1.0800	 1.1279	 0.0015
 1.0850	 1.1320	 0.0015
 1.0900	 1.1407	 0.0015
 1.0950	 1.1451	 0.0015
 1.1000	 1.1526	 0.0015
 1.1050	 1.1609	 0.0016
 1.1100	 1.1449	 0.0023
 1.1150	 1.1455	 0.0024
 1.1200	 1.1849	 0.0020
 1.1250	 1.1825	 0.0017
 1.1300	 1.1855	 0.0016
 1.1350	 1.1925	 0.0017
 1.1400	 1.2005	 0.0017
 1.1450	 1.2102	 0.0017
 1.1500	 1.2108	 0.0017
 1.1550	 1.2122	 0.0018
 1.1600	 1.2257	 0.0017
 1.1650	 1.2322	 0.0017
 1.1700	 1.2385	 0.0015
 1.1750	 1.2397	 0.0015
 1.1800	 1.2467	 0.0015
 1.1850	 1.2484	 0.0015
 1.1900	 1.2494	 0.0015
 1.1950	 1.2573	 0.0014
 1.2000	 1.2606	 0.0015
 1.2050	 1.2611	 0.0015
 1.2100	 1.2638	 0.0015
 1.2150	 1.2698	 0.0015
 1.2200	 1.2735	 0.0015
 1.2250	 1.2749	 0.0015
 1.2300	 1.2802	 0.0015
 1.2350	 1.2874	 0.0016
 1.2400	 1.2898	 0.0015
 1.2450	 1.2916	 0.0015
 1.2500	 1.2952	 0.0015
 1.2550	 1.2901	 0.0018
 1.2600	 1.2922	 0.0019
 1.2650	 1.3069	 0.0019
 1.2700	 1.3167	 0.0020
 1.2750	 1.3142	 0.0016
 1.2800	 1.3166	 0.0017
 1.2850	 1.3162	 0.0016
 1.2900	 1.3197	 0.0016
 1.2950	 1.3279	 0.0015
 1.3000	 1.3288	 0.0015
 1.3050	 1.3323	 0.0016
 1.3100	 1.3339	 0.0016
 1.3150	 1.3402	 0.0017
 1.3200	 1.3464	 0.0016
 1.3250	 1.3528	 0.0017
 1.3300	 1.3575	 0.0017
 1.3350	 1.3635	 0.0020
 1.3400	 1.3849	 0.0023
 1.3450	 1.3866	 0.0030
 1.3500	 1.3881	 0.0032
 1.3550	 1.3658	 0.0036
 1.3600	 1.3770	 0.0041
 1.3750	 1.4053	 0.0020
 1.3800	 1.4020	 0.0032
 1.3850	 1.3869	 0.0040
 1.3900	 1.4123	 0.0019
 1.3950	 1.4151	 0.0034
 1.4000	 1.4042	 0.0037
 1.4100	 1.4098	 0.0040
 1.4150	 1.4305	 0.0028
 1.4200	 1.4419	 0.0026
 1.4250	 1.4505	 0.0024
 1.4300	 1.4605	 0.0022
 1.4350	 1.4599	 0.0022
 1.4400	 1.4662	 0.0023
 1.4450	 1.4752	 0.0024
 1.4500	 1.4799	 0.0023
 1.4550	 1.4826	 0.0021
 1.4600	 1.4778	 0.0027
 1.4650	 1.4861	 0.0020
 1.4700	 1.4866	 0.0021
 1.4750	 1.4956	 0.0021
 1.4800	 1.5013	 0.0021
 1.4850	 1.5063	 0.0021
 1.4900	 1.5065	 0.0020
 1.4950	 1.5079	 0.0019
 1.5000	 1.5103	 0.0020
 1.5050	 1.5085	 0.0020
 1.5100	 1.5154	 0.0019
 1.5150	 1.5228	 0.0020
 1.5200	 1.5233	 0.0020
 1.5250	 1.5245	 0.0019
 1.5300	 1.5272	 0.0020
 1.5350	 1.5274	 0.0019
 1.5400	 1.5307	 0.0020
 1.5450	 1.5349	 0.0020
 1.5500	 1.5381	 0.0021
 1.5550	 1.5350	 0.0021
 1.5600	 1.5315	 0.0020
 1.5650	 1.5353	 0.0021
 1.5700	 1.5396	 0.0023
 1.5750	 1.5343	 0.0020
 1.5800	 1.5355	 0.0021
 1.5850	 1.5387	 0.0022
 1.5900	 1.5367	 0.0021
 1.5950	 1.5376	 0.0022
 1.6000	 1.5412	 0.0021
 1.6050	 1.5390	 0.0021
 1.6100	 1.5365	 0.0021
 1.6150	 1.5419	 0.0025
 1.6200	 1.5371	 0.0027
 1.6250	 1.5352	 0.0020
 1.6300	 1.5377	 0.0021
 1.6350	 1.5404	 0.0021
 1.6400	 1.5398	 0.0023
 1.6450	 1.5320	 0.0022
 1.6500	 1.5343	 0.0021
 1.6550	 1.5301	 0.0022
 1.6600	 1.5294	 0.0022
 1.6650	 1.5268	 0.0022
 1.6700	 1.5237	 0.0023
 1.6750	 1.5237	 0.0023
 1.6800	 1.5272	 0.0023
 1.6850	 1.5198	 0.0023
 1.6900	 1.5206	 0.0022
 1.6950	 1.5154	 0.0023
 1.7000	 1.5155	 0.0024
 1.7050	 1.5029	 0.0023
 1.7100	 1.5068	 0.0023
 1.7150	 1.5060	 0.0023
 1.7200	 1.5067	 0.0023
 1.7250	 1.5054	 0.0023
 1.7300	 1.5076	 0.0024
 1.7350	 1.5083	 0.0024
 1.7400	 1.5099	 0.0024
 1.7450	 1.5041	 0.0026
 1.7500	 1.5033	 0.0025
 1.7550	 1.5029	 0.0024
 1.7600	 1.4985	 0.0024
 1.7650	 1.4940	 0.0024
 1.7700	 1.4922	 0.0025
 1.7750	 1.4952	 0.0026
 1.7800	 1.4883	 0.0028
 1.7850	 1.4864	 0.0028
 1.7900	 1.4868	 0.0026
 1.7950	 1.4793	 0.0029
 1.8000	 1.4793	 0.0031
 1.8050	 1.4803	 0.0022
 1.8100	 1.4883	 0.0036
 1.8150	 1.4812	 0.0035
 1.8200	 1.4849	 0.0038
 1.8350	 1.4856	 0.0054
 1.8400	 1.4626	 0.0032
 1.8450	 1.4833	 0.0052
 1.8550	 1.4814	 0.0053
 1.8600	 1.4625	 0.0034
 1.9000	 1.4681	 0.0052
 1.9050	 1.4692	 0.0035
 1.9100	 1.4734	 0.0059
 1.9150	 1.4561	 0.0056
 1.9200	 1.4666	 0.0050
 1.9250	 1.4662	 0.0049
 1.9300	 1.4690	 0.0042
 1.9350	 1.4719	 0.0037
 1.9400	 1.4606	 0.0037
 1.9450	 1.4640	 0.0040
 1.9550	 1.4660	 0.0037
 1.9600	 1.4576	 0.0041
 1.9650	 1.4603	 0.0041
 1.9700	 1.4603	 0.0025
 1.9750	 1.4566	 0.0039
 1.9800	 1.4632	 0.0033
 1.9850	 1.4598	 0.0030
 1.9900	 1.4710	 0.0037
 1.9950	 1.4753	 0.0037
 2.0000	 1.4707	 0.0046
 2.0100	 1.4720	 0.0048
 2.0150	 1.4637	 0.0051
 2.0200	 1.4736	 0.0066
 2.0250	 1.4679	 0.0046
 2.0300	 1.4701	 0.0039
 2.0350	 1.4635	 0.0033
 2.0400	 1.4709	 0.0034
 2.0500	 1.4601	 0.0025
 2.0550	 1.4699	 0.0036
 2.0600	 1.4750	 0.0035
 2.0650	 1.4791	 0.0035
 2.0700	 1.4796	 0.0037
 2.0750	 1.4771	 0.0034
 2.0800	 1.4788	 0.0035
 2.0850	 1.4764	 0.0034
 2.0900	 1.4772	 0.0033
 2.0950	 1.4786	 0.0032
 2.1000	 1.4776	 0.0032
 2.1050	 1.4838	 0.0033
 2.1100	 1.4853	 0.0033
 2.1150	 1.4875	 0.0033
 2.1200	 1.4926	 0.0033
 2.1250	 1.4905	 0.0035
 2.1300	 1.4935	 0.0035
 2.1350	 1.5005	 0.0035
 2.1400	 1.5006	 0.0034
 2.1450	 1.4998	 0.0034
 2.1500	 1.5006	 0.0035
 2.1550	 1.5025	 0.0036
 2.1600	 1.5066	 0.0038
 2.1650	 1.5081	 0.0037
 2.1700	 1.5105	 0.0037
 2.1750	 1.5095	 0.0036
 2.1800	 1.5024	 0.0036
 2.1850	 1.5016	 0.0037
 2.1900	 1.5063	 0.0038
 2.1950	 1.5169	 0.0037
 2.2000	 1.5205	 0.0041
 2.2050	 1.5155	 0.0039
 2.2100	 1.5137	 0.0039
 2.2150	 1.5165	 0.0038
 2.2200	 1.5160	 0.0038
 2.2250	 1.5181	 0.0039
 2.2300	 1.5214	 0.0042
 2.2350	 1.5256	 0.0044
 2.2400	 1.5209	 0.0040
 2.2450	 1.5321	 0.0042
 2.2500	 1.5252	 0.0042
 2.2550	 1.5327	 0.0042
 2.2600	 1.5326	 0.0042
 2.2650	 1.5315	 0.0042
 2.2700	 1.5362	 0.0044
 2.2750	 1.5338	 0.0044
 2.2800	 1.5422	 0.0043
 2.2850	 1.5436	 0.0045
 2.2900	 1.5348	 0.0043
 2.2950	 1.5316	 0.0045
 2.3000	 1.5300	 0.0030
 2.3050	 1.5321	 0.0030
 2.3100	 1.5315	 0.0047
 2.3150	 1.5487	 0.0060
 2.3200	 1.5327	 0.0046
 2.3250	 1.5461	 0.0050
 2.3300	 1.5391	 0.0046
 2.3350	 1.5402	 0.0046
 2.3400	 1.5471	 0.0047
 2.3450	 1.5420	 0.0047
 2.3500	 1.5473	 0.0047
 2.3550	 1.5476	 0.0048
 2.3600	 1.5391	 0.0032
 2.3650	 1.5587	 0.0059
 2.3700	 1.5598	 0.0052
 2.3750	 1.5661	 0.0051
 2.3800	 1.5557	 0.0050
 2.3850	 1.5563	 0.0050
 2.3900	 1.5640	 0.0050
 2.3950	 1.5719	 0.0050
 2.4000	 1.5624	 0.0033
 2.4050	 1.5587	 0.0034
 2.4100	 1.5633	 0.0050
 2.4150	 1.5752	 0.0051
 2.4200	 1.5663	 0.0050
 2.4250	 1.5629	 0.0053
 2.4300	 1.5626	 0.0055
 2.4350	 1.5687	 0.0058
 2.4400	 1.5673	 0.0055
 2.4450	 1.5796	 0.0060
 2.4500	 1.5744	 0.0056
 2.4550	 1.5796	 0.0056
 2.4600	 1.5678	 0.0058
 2.4650	 1.5756	 0.0055
 2.4700	 1.5781	 0.0056
