 0.4500	 0.8200	 0.2000
 0.4675	 0.8440	 0.0511
 0.4700	 0.8452	 0.0488
 0.4725	 0.8434	 0.0458
 0.4750	 0.8505	 0.0426
 0.4775	 0.9061	 0.0395
 0.4800	 0.8968	 0.0367
 0.4825	 0.8644	 0.0342
 0.4850	 0.8847	 0.0321
 0.4875	 0.8986	 0.0307
 0.4900	 0.9064	 0.0309
 0.4925	 0.9195	 0.0300
 0.4950	 0.8667	 0.0273
 0.4975	 0.8886	 0.0308
 0.5000	 0.9119	 0.0248
 0.5025	 0.9062	 0.0238
 0.5050	 0.8895	 0.0232
 0.5075	 0.9243	 0.0224
 0.5100	 0.9344	 0.0212
 0.5125	 0.9524	 0.0204
 0.5150	 0.9554	 0.0198
 0.5175	 0.9321	 0.0191
 0.5200	 0.9230	 0.0190
 0.5225	 0.9640	 0.0192
 0.5250	 1.0047	 0.0188
 0.5275	 0.9585	 0.0174
 0.5300	 0.9818	 0.0166
 0.5325	 0.9920	 0.0163
 0.5350	 0.9949	 0.0155
 0.5375	 1.0160	 0.0149
 0.5400	 0.9845	 0.0146
 0.5425	 0.9731	 0.0142
 0.5450	 0.9861	 0.0140
 0.5475	 1.0020	 0.0139
 0.5500	 0.9900	 0.0135
 0.5525	 1.0411	 0.0133
 0.5550	 0.9965	 0.0129
 0.5575	 1.0065	 0.0129
 0.5600	 1.0115	 0.0144
 0.5625	 1.0420	 0.0157
 0.5650	 1.0279	 0.0151
 0.5675	 1.0318	 0.0127
 0.5700	 1.0195	 0.0117
 0.5725	 1.0461	 0.0118
 0.5750	 1.0304	 0.0214
 0.5800	 1.0424	 0.0110
 0.5825	 1.0361	 0.0108
 0.5850	 1.0483	 0.0108
 0.5875	 1.0584	 0.0106
 0.5900	 1.0658	 0.0108
 0.5925	 1.0859	 0.0116
 0.5950	 1.0912	 0.0118
 0.5975	 1.0728	 0.0113
 0.6000	 1.0543	 0.0105
 0.6025	 1.0555	 0.0102
 0.6050	 1.0575	 0.0100
 0.6075	 1.0604	 0.0180
 0.6100	 1.0660	 0.0175
 0.6125	 1.0891	 0.0094
 0.6150	 1.0890	 0.0094
 0.6175	 1.0728	 0.0094
 0.6200	 1.0869	 0.0094
 0.6225	 1.0922	 0.0094
 0.6250	 1.0905	 0.0092
 0.6275	 1.0895	 0.0093
 0.6300	 1.0991	 0.0097
 0.6325	 1.0932	 0.0108
 0.6350	 1.0954	 0.0111
 0.6375	 1.0969	 0.0107
 0.6400	 1.1042	 0.0098
 0.6425	 1.1190	 0.0094
 0.6450	 1.1099	 0.0090
 0.6475	 1.1141	 0.0088
 0.6500	 1.1171	 0.0088
 0.6525	 1.1258	 0.0090
 0.6550	 1.0977	 0.0090
 0.6575	 1.1090	 0.0090
 0.6600	 1.1327	 0.0093
 0.6625	 1.1424	 0.0093
 0.6650	 1.1144	 0.0087
 0.6675	 1.1291	 0.0084
 0.6700	 1.1249	 0.0083
 0.6725	 1.1370	 0.0083
 0.6750	 1.1250	 0.0083
 0.6775	 1.1579	 0.0083
 0.6800	 1.1494	 0.0082
 0.6825	 1.1588	 0.0083
 0.6850	 1.1445	 0.0086
 0.6875	 1.1631	 0.0089
 0.6900	 1.1423	 0.0091
 0.6925	 1.1418	 0.0094
 0.6950	 1.1235	 0.0091
 0.6975	 1.1465	 0.0090
 0.7000	 1.1473	 0.0088
 0.7025	 1.1276	 0.0086
 0.7050	 1.1639	 0.0086
 0.7075	 1.1529	 0.0086
 0.7100	 1.1534	 0.0085
 0.7125	 1.1603	 0.0085
 0.7150	 1.1555	 0.0085
 0.7175	 1.1453	 0.0085
 0.7200	 1.1618	 0.0086
 0.7225	 1.1472	 0.0090
 0.7250	 1.1414	 0.0096
 0.7275	 1.1288	 0.0102
 0.7300	 1.1381	 0.0108
 0.7325	 1.1311	 0.0108
 0.7350	 1.1412	 0.0108
 0.7375	 1.1416	 0.0107
 0.7400	 1.1230	 0.0105
 0.7425	 1.1324	 0.0122
 0.7450	 1.1411	 0.0120
 0.7475	 1.1442	 0.0120
 0.7500	 1.1469	 0.0100
 0.7525	 1.1280	 0.0102
 0.7550	 1.1577	 0.0103
 0.7575	 1.1201	 0.0102
 0.7600	 1.1103	 0.0102
 0.7625	 1.1284	 0.0123
 0.7650	 1.1049	 0.0140
 0.7700	 1.1077	 0.0114
 0.7725	 1.0980	 0.0115
 0.7750	 1.1162	 0.0121
 0.7775	 1.0925	 0.0120
 0.7800	 1.0934	 0.0119
 0.7825	 1.0817	 0.0120
 0.7850	 1.0995	 0.0126
 0.7875	 1.0592	 0.0128
 0.7900	 1.0817	 0.0132
 0.7925	 1.0812	 0.0130
 0.7950	 1.0859	 0.0131
 0.7975	 1.0693	 0.0131
 0.8000	 1.0319	 0.0129
 0.8050	 1.0450	 0.0122
 0.8125	 1.0070	 0.0111
 0.8150	 0.9565	 0.0109
 0.8175	 0.9918	 0.0113
 0.8200	 0.9925	 0.0115
 0.8225	 0.9928	 0.0115
 0.8250	 0.9780	 0.0118
 0.8275	 0.9696	 0.0136
 0.8300	 0.9615	 0.0149
 0.8325	 0.9820	 0.0188
 0.8400	 0.9564	 0.0196
 0.8425	 0.9473	 0.0173
 0.8450	 0.9326	 0.0173
 0.8475	 0.9145	 0.0161
 0.8500	 0.9509	 0.0161
 	 	 
 0.8200	 0.9755	 0.0058
 0.8250	 0.9890	 0.0062
 0.8300	 0.9837	 0.0066
 0.8350	 0.9899	 0.0073
 0.8400	 0.9661	 0.0068
 0.8450	 0.9549	 0.0063
 0.8500	 0.9510	 0.0063
 0.8550	 0.9438	 0.0062
 0.8600	 0.9358	 0.0065
 0.8650	 0.9305	 0.0065
 0.8700	 0.9214	 0.0067
 0.8750	 0.9148	 0.0065
 0.8800	 0.9054	 0.0060
 0.8850	 0.8983	 0.0056
 0.8900	 0.9004	 0.0054
 0.8950	 0.8959	 0.0057
 0.9000	 0.8994	 0.0054
 0.9050	 0.8950	 0.0057
 0.9100	 0.8929	 0.0053
 0.9150	 0.8870	 0.0055
 0.9200	 0.8886	 0.0054
 0.9250	 0.8771	 0.0069
 0.9300	 0.8727	 0.0067
 0.9350	 0.8737	 0.0057
 0.9400	 0.8665	 0.0048
 0.9450	 0.8628	 0.0058
 0.9500	 0.8663	 0.0053
 0.9550	 0.8704	 0.0051
 0.9600	 0.8770	 0.0051
 0.9650	 0.8771	 0.0048
 0.9700	 0.8755	 0.0048
 0.9750	 0.8765	 0.0050
 0.9800	 0.8739	 0.0045
 0.9850	 0.8764	 0.0045
 0.9900	 0.8731	 0.0042
 0.9950	 0.8775	 0.0048
 1.0000	 0.8775	 0.0046
 1.0050	 0.8781	 0.0045
 1.0100	 0.8774	 0.0044
 1.0150	 0.8838	 0.0045
 1.0200	 0.8812	 0.0044
 1.0250	 0.8825	 0.0042
 1.0300	 0.8836	 0.0042
 1.0350	 0.8878	 0.0043
 1.0400	 0.8848	 0.0044
 1.0450	 0.8855	 0.0047
 1.0500	 0.8932	 0.0043
 1.0550	 0.8967	 0.0040
 1.0600	 0.8963	 0.0041
 1.0650	 0.8929	 0.0041
 1.0700	 0.8971	 0.0041
 1.0750	 0.9055	 0.0044
 1.0800	 0.9088	 0.0042
 1.0850	 0.9081	 0.0042
 1.0900	 0.9116	 0.0041
 1.0950	 0.9061	 0.0043
 1.1000	 0.9121	 0.0045
 1.1050	 0.9221	 0.0043
 1.1100	 0.9256	 0.0048
 1.1150	 0.9339	 0.0049
 1.1200	 0.9275	 0.0053
 1.1250	 0.9339	 0.0051
 1.1300	 0.9475	 0.0052
 1.1350	 0.9537	 0.0059
 1.1400	 0.9465	 0.0053
 1.1450	 0.9556	 0.0048
 1.1500	 0.9584	 0.0048
 1.1550	 0.9612	 0.0047
 1.1600	 0.9688	 0.0046
 1.1650	 0.9721	 0.0041
 1.1700	 0.9755	 0.0042
 1.1750	 0.9779	 0.0042
 1.1800	 0.9783	 0.0045
 1.1850	 0.9810	 0.0041
 1.1900	 0.9873	 0.0040
 1.1950	 0.9950	 0.0040
 1.2000	 0.9973	 0.0041
 1.2050	 0.9995	 0.0039
 1.2100	 0.9935	 0.0045
 1.2150	 1.0030	 0.0042
 1.2200	 1.0034	 0.0039
 1.2250	 1.0047	 0.0040
 1.2300	 1.0011	 0.0039
 1.2350	 1.0037	 0.0039
 1.2400	 1.0083	 0.0041
 1.2450	 1.0073	 0.0040
 1.2500	 1.0150	 0.0043
 1.2550	 1.0144	 0.0043
 1.2600	 1.0159	 0.0042
 1.2650	 1.0158	 0.0042
 1.2700	 1.0157	 0.0044
 1.2750	 1.0223	 0.0043
 1.2800	 1.0238	 0.0040
 1.2850	 1.0259	 0.0041
 1.2900	 1.0258	 0.0040
 1.2950	 1.0330	 0.0040
 1.3000	 1.0376	 0.0043
 1.3050	 1.0326	 0.0048
 1.3100	 1.0395	 0.0046
 1.3150	 1.0411	 0.0042
 1.3200	 1.0490	 0.0044
 1.3250	 1.0514	 0.0045
 1.3300	 1.0537	 0.0046
 1.3350	 1.0614	 0.0051
 1.3400	 1.0715	 0.0060
 1.3450	 1.0719	 0.0062
 1.3500	 1.0879	 0.0077
 1.3550	 1.0678	 0.0110
 1.3600	 1.0696	 0.0127
 1.3650	 1.0749	 0.0099
 1.3750	 1.0826	 0.0097
 1.3800	 1.0826	 0.0129
 1.3850	 1.0703	 0.0173
 1.3900	 1.0809	 0.0130
 1.3950	 1.1029	 0.0085
 1.4000	 1.1003	 0.0115
 1.4050	 1.0977	 0.0103
 1.4150	 1.1073	 0.0094
 1.4200	 1.1149	 0.0081
 1.4450	 1.1279	 0.0066
 1.4500	 1.1261	 0.0074
 1.4550	 1.1383	 0.0060
 1.4600	 1.1445	 0.0063
 1.4650	 1.1387	 0.0064
 1.4700	 1.1427	 0.0060
 1.4750	 1.1451	 0.0063
 1.4800	 1.1415	 0.0057
 1.4850	 1.1454	 0.0060
 1.4900	 1.1509	 0.0057
 1.4950	 1.1515	 0.0054
 1.5000	 1.1453	 0.0063
 1.5050	 1.1458	 0.0053
 1.5100	 1.1512	 0.0052
 1.5150	 1.1376	 0.0052
 1.5200	 1.1514	 0.0051
 1.5250	 1.1534	 0.0054
 1.5300	 1.1542	 0.0052
 1.5350	 1.1515	 0.0058
 1.5400	 1.1655	 0.0053
 1.5450	 1.1648	 0.0051
 1.5500	 1.1674	 0.0052
 1.5550	 1.1769	 0.0056
 1.5600	 1.1715	 0.0051
 1.5650	 1.1752	 0.0054
 1.5700	 1.1734	 0.0053
 1.5750	 1.1695	 0.0057
 1.5800	 1.1779	 0.0058
 1.5850	 1.1728	 0.0054
 1.5900	 1.1709	 0.0053
 1.5950	 1.1837	 0.0053
 1.6000	 1.1788	 0.0053
 1.6050	 1.1809	 0.0051
 1.6100	 1.1717	 0.0053
 1.6150	 1.1704	 0.0056
 1.6200	 1.1685	 0.0057
 1.6250	 1.1663	 0.0054
 1.6300	 1.1802	 0.0056
 1.6350	 1.1772	 0.0055
 1.6400	 1.1723	 0.0057
 1.6450	 1.1702	 0.0060
 1.6500	 1.1805	 0.0059
 1.6550	 1.1788	 0.0057
 1.6600	 1.1795	 0.0056
 1.6650	 1.1749	 0.0058
 1.6700	 1.1771	 0.0061
 1.6750	 1.1693	 0.0057
 1.6800	 1.1735	 0.0061
 1.6850	 1.1767	 0.0061
 1.6900	 1.1728	 0.0063
 1.6950	 1.1662	 0.0060
 1.7000	 1.1534	 0.0059
 1.7050	 1.1587	 0.0060
 1.7100	 1.1699	 0.0061
 1.7150	 1.1619	 0.0059
 1.7200	 1.1683	 0.0060
 1.7250	 1.1712	 0.0061
 1.7300	 1.1628	 0.0062
 1.7350	 1.1610	 0.0060
 1.7400	 1.1625	 0.0060
 1.7450	 1.1572	 0.0063
 1.7500	 1.1613	 0.0061
 1.7550	 1.1550	 0.0065
 1.7600	 1.1502	 0.0065
 1.7650	 1.1464	 0.0063
 1.7700	 1.1461	 0.0065
 1.7750	 1.1535	 0.0067
 1.7800	 1.1544	 0.0069
 1.7850	 1.1541	 0.0069
 1.7900	 1.1544	 0.0073
 1.7950	 1.1364	 0.0084
 1.8000	 1.1502	 0.0086
 1.8050	 1.1498	 0.0094
 1.8100	 1.1555	 0.0112
 1.8150	 1.1549	 0.0120
 1.8200	 1.1509	 0.0136
 1.8250	 1.1336	 0.0158
 1.8300	 1.1369	 0.0159
 1.8350	 1.1272	 0.0292
 1.8400	 1.1285	 0.0258
 1.8450	 1.1441	 0.0303
 1.8550	 1.1378	 0.0302
 1.8600	 1.1331	 0.0290
 1.8650	 1.1387	 0.0193
 1.8700	 1.1438	 0.0457
 1.8800	 1.1165	 0.0260
 1.8850	 1.1462	 0.0127
 1.8900	 1.1206	 0.0213
 1.8950	 1.1225	 0.0150
 1.9000	 1.1422	 0.0272
 1.9050	 1.1417	 0.0281
 1.9100	 1.1456	 0.0263
 1.9150	 1.1415	 0.0244
 1.9200	 1.1442	 0.0215
 1.9250	 1.1361	 0.0165
 1.9300	 1.1376	 0.0128
 1.9350	 1.1447	 0.0124
 1.9400	 1.1323	 0.0109
 1.9450	 1.1381	 0.0104
 1.9500	 1.1334	 0.0119
 1.9550	 1.1308	 0.0115
 1.9600	 1.1259	 0.0109
 1.9650	 1.1338	 0.0104
 1.9700	 1.1237	 0.0094
 1.9750	 1.1328	 0.0084
 1.9800	 1.1270	 0.0081
 1.9850	 1.1264	 0.0079
 1.9900	 1.1289	 0.0087
 1.9950	 1.1367	 0.0104
 2.0000	 1.1206	 0.0120
 2.0050	 1.1196	 0.0114
 2.0100	 1.1099	 0.0114
 2.0150	 1.1244	 0.0106
 2.0200	 1.1280	 0.0104
 2.0250	 1.1259	 0.0086
 2.0300	 1.1322	 0.0084
 2.0350	 1.1219	 0.0081
 2.0400	 1.1214	 0.0084
 2.0450	 1.1232	 0.0092
 2.0500	 1.1293	 0.0101
 2.0550	 1.1324	 0.0091
 2.0600	 1.1377	 0.0092
 2.0650	 1.1336	 0.0090
 2.0700	 1.1374	 0.0092
 2.0750	 1.1346	 0.0088
 2.0800	 1.1318	 0.0085
 2.0850	 1.1399	 0.0082
 2.0900	 1.1346	 0.0087
 2.0950	 1.1314	 0.0087
 2.1000	 1.1354	 0.0081
 2.1050	 1.1315	 0.0084
 2.1100	 1.1463	 0.0082
 2.1150	 1.1441	 0.0085
 2.1200	 1.1330	 0.0090
 2.1250	 1.1417	 0.0084
 2.1300	 1.1410	 0.0087
 2.1350	 1.1488	 0.0082
 2.1400	 1.1456	 0.0084
 2.1450	 1.1422	 0.0089
 2.1500	 1.1435	 0.0088
 2.1550	 1.1547	 0.0099
 2.1600	 1.1491	 0.0097
 2.1650	 1.1599	 0.0097
 2.1700	 1.1527	 0.0100
 2.1750	 1.1544	 0.0091
 2.1800	 1.1605	 0.0095
 2.1850	 1.1576	 0.0097
 2.1900	 1.1590	 0.0099
 2.1950	 1.1581	 0.0101
 2.2000	 1.1666	 0.0099
 2.2050	 1.1640	 0.0100
 2.2100	 1.1619	 0.0101
 2.2150	 1.1590	 0.0096
 2.2200	 1.1686	 0.0099
 2.2250	 1.1622	 0.0097
 2.2300	 1.1761	 0.0101
 2.2350	 1.1710	 0.0097
 2.2400	 1.1629	 0.0103
 2.2450	 1.1606	 0.0096
 2.2500	 1.1621	 0.0102
 2.2550	 1.1729	 0.0108
 2.2600	 1.1583	 0.0113
 2.2650	 1.1676	 0.0112
 2.2700	 1.1776	 0.0113
 2.2750	 1.1898	 0.0105
 2.2800	 1.1849	 0.0114
 2.2850	 1.1766	 0.0109
 2.2900	 1.1742	 0.0113
 2.2950	 1.1772	 0.0121
 2.3000	 1.1759	 0.0112
 2.3050	 1.1844	 0.0119
 2.3100	 1.1762	 0.0111
 2.3150	 1.1858	 0.0120
 2.3200	 1.1743	 0.0124
 2.3250	 1.1684	 0.0120
 2.3300	 1.1735	 0.0115
 2.3350	 1.1756	 0.0113
 2.3400	 1.1741	 0.0117
 2.3450	 1.1688	 0.0118
 2.3500	 1.1829	 0.0126
 2.3550	 1.1729	 0.0128
 2.3600	 1.1880	 0.0136
 2.3650	 1.1824	 0.0129
 2.3700	 1.1997	 0.0163
 2.3750	 1.1883	 0.0126
 2.3800	 1.1865	 0.0133
 2.3850	 1.1910	 0.0133
 2.3900	 1.1943	 0.0138
 2.3950	 1.1770	 0.0139
 2.4000	 1.1709	 0.0133
 2.4050	 1.1656	 0.0134
 2.4100	 1.2074	 0.0144
 2.4150	 1.2117	 0.0147
 2.4250	 1.1938	 0.0142
 2.4300	 1.2006	 0.0148
 2.4400	 1.1940	 0.0145
 2.4450	 1.1817	 0.0147
 2.4500	 1.1929	 0.0164
 2.4550	 1.1921	 0.0160
 2.4600	 1.1941	 0.0150
 2.4650	 1.1958	 0.0161
