 0.4350	 0.7795	 0.0780
 0.4400	 0.7597	 0.0797
 0.4425	 0.8855	 0.0694
 0.4500	 0.8229	 0.0376
 0.4525	 0.8346	 0.0346
 0.4550	 0.8700	 0.0323
 0.4575	 0.8524	 0.0291
 0.4600	 0.9037	 0.0268
 0.4625	 0.8910	 0.0243
 0.4650	 0.8800	 0.0228
 0.4675	 0.8962	 0.0217
 0.4700	 0.9265	 0.0204
 0.4725	 0.9206	 0.0190
 0.4750	 0.8696	 0.0174
 0.4775	 0.8774	 0.0163
 0.4800	 0.8747	 0.0152
 0.4825	 0.9316	 0.0145
 0.4850	 0.9015	 0.0138
 0.4875	 0.9055	 0.0139
 0.4900	 0.9514	 0.0136
 0.4925	 0.9223	 0.0123
 0.4950	 0.9442	 0.0118
 0.4975	 0.9232	 0.0112
 0.5000	 0.9263	 0.0107
 0.5025	 0.9358	 0.0106
 0.5050	 0.9432	 0.0103
 0.5075	 0.9402	 0.0097
 0.5100	 0.9136	 0.0092
 0.5125	 0.9372	 0.0089
 0.5150	 0.9364	 0.0087
 0.5175	 0.9486	 0.0086
 0.5200	 0.9668	 0.0087
 0.5225	 0.9800	 0.0085
 0.5250	 0.9528	 0.0079
 0.5275	 0.9784	 0.0076
 0.5300	 0.9666	 0.0074
 0.5325	 0.9805	 0.0073
 0.5500	 0.9907	 0.0073
 0.5525	 1.0006	 0.0060
 0.5550	 1.0077	 0.0058
 0.5575	 1.0139	 0.0058
 0.5600	 1.0086	 0.0064
 0.5625	 0.9948	 0.0083
 0.5650	 1.0221	 0.0078
 0.5675	 1.0295	 0.0056
 0.5700	 1.0252	 0.0053
 0.5725	 1.0254	 0.0053
 0.5750	 1.0349	 0.0052
 0.5775	 1.0473	 0.0051
 0.5800	 1.0397	 0.0050
 0.5825	 1.0527	 0.0050
 0.5850	 1.0473	 0.0049
 0.5875	 1.0434	 0.0048
 0.5900	 1.0461	 0.0048
 0.5925	 1.0550	 0.0050
 0.5950	 1.0765	 0.0050
 0.5975	 1.0657	 0.0048
 0.6000	 1.0646	 0.0046
 0.6025	 1.0803	 0.0046
 0.6050	 1.0953	 0.0046
 0.6075	 1.0757	 0.0045
 0.6100	 1.0714	 0.0044
 0.6125	 1.0804	 0.0044
 0.6150	 1.0741	 0.0043
 0.6175	 1.0679	 0.0043
 0.6200	 1.0995	 0.0043
 0.6225	 1.0952	 0.0043
 0.6250	 1.0841	 0.0042
 0.6275	 1.0919	 0.0043
 0.6300	 1.1079	 0.0043
 0.6325	 1.0939	 0.0043
 0.6350	 1.1023	 0.0043
 0.6375	 1.1131	 0.0042
 0.6400	 1.1211	 0.0042
 0.6425	 1.1145	 0.0041
 0.6450	 1.1278	 0.0041
 0.6475	 1.1227	 0.0041
 0.6500	 1.1188	 0.0041
 0.6525	 1.1306	 0.0041
 0.6550	 1.1402	 0.0041
 0.6575	 1.1038	 0.0041
 0.6600	 1.1572	 0.0055
 0.6625	 1.1368	 0.0042
 0.6650	 1.1415	 0.0040
 0.6675	 1.1503	 0.0039
 0.6700	 1.1561	 0.0039
 0.6725	 1.1514	 0.0039
 0.6750	 1.1592	 0.0039
 0.6775	 1.1651	 0.0039
 0.6800	 1.1612	 0.0039
 0.6825	 1.1650	 0.0039
 0.6850	 1.1569	 0.0039
 0.6900	 1.1670	 0.0043
 0.6925	 1.1784	 0.0043
 0.6950	 1.1687	 0.0041
 0.6975	 1.1778	 0.0041
 0.7000	 1.1718	 0.0041
 0.7025	 1.1769	 0.0041
 0.7050	 1.1843	 0.0041
 0.7075	 1.1885	 0.0040
 0.7100	 1.2012	 0.0041
 0.7125	 1.1841	 0.0040
 0.7150	 1.1882	 0.0040
 0.7175	 1.1705	 0.0041
 0.7200	 1.1986	 0.0044
 0.7225	 1.2180	 0.0045
 0.7250	 1.2048	 0.0046
 0.7275	 1.2089	 0.0048
 0.7300	 1.2058	 0.0049
 0.7325	 1.2247	 0.0049
 0.7350	 1.2241	 0.0048
 0.7375	 1.2162	 0.0058
 0.7400	 1.1984	 0.0057
 0.7425	 1.1990	 0.0046
 0.7450	 1.2063	 0.0045
 0.7475	 1.1946	 0.0045
 0.7500	 1.1958	 0.0045
 0.7525	 1.1965	 0.0046
 0.7550	 1.1965	 0.0046
 0.7675	 1.1921	 0.0051
 0.7700	 1.1863	 0.0050
 0.7725	 1.1823	 0.0051
 0.7750	 1.1733	 0.0052
 0.7775	 1.1618	 0.0052
 0.7800	 1.1795	 0.0053
 0.7825	 1.1526	 0.0053
 0.7850	 1.1639	 0.0055
 0.7875	 1.1624	 0.0055
 0.7900	 1.1794	 0.0057
 0.7925	 1.1857	 0.0057
 0.7950	 1.1694	 0.0057
 0.7975	 1.1393	 0.0056
 0.8000	 1.1637	 0.0057
 0.8025	 1.1379	 0.0057
 0.8050	 1.1370	 0.0056
 0.8075	 1.1263	 0.0054
 0.8100	 1.1274	 0.0054
 0.8125	 1.1101	 0.0055
 0.8150	 1.1081	 0.0057
 0.8175	 1.1329	 0.0059
 0.8200	 1.1336	 0.0059
 0.8225	 1.1298	 0.0060
 0.8250	 1.1168	 0.0060
 0.8275	 1.1341	 0.0081
 0.8300	 1.1102	 0.0124
 0.8325	 1.1215	 0.0129
 0.8350	 1.1193	 0.0131
 0.8375	 1.1317	 0.0132
 0.8400	 1.0996	 0.0072
 0.8425	 1.0774	 0.0073
 0.8450	 1.0902	 0.0072
 0.8475	 1.0646	 0.0069
 0.8500	 1.0592	 0.0069
 0.8525	 1.0588	 0.0069
 0.8550	 1.0682	 0.0069
 0.8575	 1.0514	 0.0068
 0.8600	 1.0427	 0.0074
 0.8625	 1.0508	 0.0083
 0.8650	 1.0387	 0.0088
 0.8675	 1.0517	 0.0085
 0.8700	 1.0328	 0.0077
 0.8725	 1.0181	 0.0078
 0.8750	 1.0378	 0.0088
 0.8775	 1.0457	 0.0093
 0.8825	 1.0496	 0.0123
 0.8850	 1.0566	 0.0128
 0.8875	 1.0350	 0.0102
 0.8900	 1.0012	 0.0106
 0.8925	 0.9992	 0.0107
 0.8950	 0.9954	 0.0108
 0.8975	 1.0051	 0.0110
 0.9000	 1.0411	 0.0108
 0.9025	 1.0271	 0.0104
 0.9050	 1.0171	 0.0101
 0.9075	 0.9854	 0.0106
 0.9100	 0.9876	 0.0109
 0.9125	 1.0358	 0.0112
 0.9150	 1.0494	 0.0114
 0.9175	 1.0388	 0.0116
 0.9200	 1.0412	 0.0117
 0.9225	 1.0329	 0.0119
 0.9250	 1.0325	 0.0125
 	 	 
 0.8300	 1.0917	 0.0078
 0.8350	 1.0930	 0.0086
 0.8400	 1.0834	 0.0082
 0.8450	 1.0637	 0.0084
 0.8500	 1.0733	 0.0085
 0.8550	 1.0617	 0.0079
 0.8600	 1.0573	 0.0079
 0.8650	 1.0494	 0.0082
 0.8700	 1.0375	 0.0082
 0.8750	 1.0333	 0.0084
 0.8800	 1.0526	 0.0083
 0.8850	 1.0365	 0.0076
 0.8900	 1.0244	 0.0069
 0.8950	 1.0158	 0.0070
 0.9000	 1.0237	 0.0075
 0.9050	 1.0295	 0.0067
 0.9100	 1.0312	 0.0067
 0.9150	 1.0213	 0.0067
 0.9200	 1.0234	 0.0066
 0.9250	 1.0284	 0.0065
 0.9300	 1.0270	 0.0067
 0.9350	 1.0266	 0.0071
 0.9400	 1.0282	 0.0076
 0.9450	 1.0318	 0.0079
 0.9500	 1.0343	 0.0066
 0.9550	 1.0501	 0.0066
 0.9600	 1.0624	 0.0061
 0.9650	 1.0760	 0.0062
 0.9700	 1.0802	 0.0066
 0.9750	 1.0771	 0.0067
 0.9800	 1.0849	 0.0069
 0.9850	 1.0846	 0.0065
 0.9900	 1.0880	 0.0066
 0.9950	 1.1011	 0.0059
 1.0000	 1.1167	 0.0061
 1.0050	 1.1255	 0.0062
 1.0100	 1.1360	 0.0062
 1.0150	 1.1364	 0.0058
 1.0200	 1.1421	 0.0063
 1.0250	 1.1615	 0.0063
 1.0300	 1.1564	 0.0066
 1.0350	 1.1724	 0.0065
 1.0400	 1.1709	 0.0060
 1.0450	 1.1714	 0.0060
 1.0500	 1.1740	 0.0063
 1.0550	 1.1858	 0.0062
 1.0600	 1.1983	 0.0060
 1.0650	 1.1986	 0.0058
 1.0700	 1.1973	 0.0060
 1.0750	 1.2106	 0.0059
 1.0800	 1.2107	 0.0067
 1.0850	 1.2240	 0.0061
 1.0900	 1.2341	 0.0061
 1.0950	 1.2374	 0.0058
 1.1000	 1.2369	 0.0063
 1.1050	 1.2459	 0.0062
 1.1100	 1.2523	 0.0064
 1.1150	 1.2580	 0.0067
 1.1200	 1.2625	 0.0070
 1.1250	 1.2747	 0.0069
 1.1300	 1.2824	 0.0066
 1.1350	 1.2914	 0.0064
 1.1400	 1.2999	 0.0068
 1.1450	 1.3023	 0.0069
 1.1500	 1.3023	 0.0062
 1.1550	 1.3078	 0.0068
 1.1600	 1.3090	 0.0064
 1.1650	 1.3222	 0.0064
 1.1700	 1.3257	 0.0063
 1.1750	 1.3365	 0.0066
 1.1800	 1.3456	 0.0065
 1.1850	 1.3492	 0.0059
 1.1900	 1.3380	 0.0065
 1.1950	 1.3505	 0.0058
 1.2000	 1.3486	 0.0060
 1.2050	 1.3461	 0.0067
 1.2100	 1.3547	 0.0067
 1.2150	 1.3622	 0.0061
 1.2200	 1.3608	 0.0060
 1.2250	 1.3635	 0.0061
 1.2300	 1.3641	 0.0060
 1.2350	 1.3703	 0.0059
 1.2400	 1.3876	 0.0062
 1.2450	 1.3870	 0.0058
 1.2500	 1.3887	 0.0057
 1.2550	 1.3920	 0.0061
 1.2600	 1.3950	 0.0062
 1.2650	 1.3915	 0.0064
 1.2700	 1.3902	 0.0064
 1.2750	 1.3941	 0.0063
 1.2800	 1.4011	 0.0062
 1.2850	 1.3951	 0.0062
 1.2900	 1.4069	 0.0064
 1.2950	 1.4134	 0.0062
 1.3000	 1.4136	 0.0062
 1.3050	 1.4220	 0.0064
 1.3100	 1.4227	 0.0061
 1.3150	 1.4227	 0.0059
 1.3200	 1.4312	 0.0063
 1.3250	 1.4352	 0.0068
 1.3300	 1.4490	 0.0068
 1.3350	 1.4457	 0.0066
 1.3400	 1.4485	 0.0080
 1.3450	 1.4568	 0.0095
 1.3500	 1.4514	 0.0101
 1.3650	 1.4491	 0.0154
 1.3700	 1.4551	 0.0158
 1.3750	 1.4731	 0.0118
 1.3850	 1.4723	 0.0123
 1.3900	 1.4724	 0.0095
 1.3950	 1.4730	 0.0111
 1.4000	 1.4917	 0.0117
 1.4050	 1.4898	 0.0108
 1.4100	 1.4888	 0.0101
 1.4150	 1.4783	 0.0094
 1.4200	 1.4835	 0.0097
 1.4250	 1.4813	 0.0099
 1.4300	 1.4873	 0.0090
 1.4350	 1.5025	 0.0086
 1.4400	 1.4911	 0.0079
 1.4450	 1.4859	 0.0085
 1.4500	 1.5082	 0.0079
 1.4650	 1.5107	 0.0072
 1.4700	 1.5146	 0.0078
 1.4750	 1.5055	 0.0077
 1.4800	 1.4992	 0.0082
 1.4850	 1.5076	 0.0077
 1.4900	 1.5113	 0.0073
 1.4950	 1.5148	 0.0079
 1.5000	 1.5243	 0.0083
 1.5050	 1.5130	 0.0078
 1.5100	 1.5081	 0.0073
 1.5150	 1.5191	 0.0072
 1.5200	 1.4875	 0.0104
 1.5250	 1.4978	 0.0081
 1.5300	 1.5092	 0.0077
 1.5350	 1.5162	 0.0075
 1.5400	 1.5434	 0.0077
 1.5450	 1.5282	 0.0080
 1.5500	 1.5275	 0.0080
 1.5550	 1.5051	 0.0091
 1.5600	 1.5137	 0.0075
 1.5650	 1.5101	 0.0073
 1.5700	 1.5251	 0.0081
 1.5750	 1.4839	 0.0077
 1.5800	 1.4887	 0.0077
 1.5850	 1.4920	 0.0074
 1.5900	 1.5033	 0.0079
 1.5950	 1.5125	 0.0076
 1.6000	 1.4971	 0.0080
 1.6050	 1.4947	 0.0078
 1.6100	 1.4961	 0.0080
 1.6150	 1.4955	 0.0074
 1.6200	 1.4998	 0.0076
 1.6250	 1.4840	 0.0082
 1.6300	 1.4872	 0.0075
 1.6350	 1.4825	 0.0075
 1.6400	 1.4812	 0.0079
 1.6450	 1.4915	 0.0078
 1.6500	 1.4899	 0.0078
 1.6550	 1.4798	 0.0079
 1.6600	 1.4859	 0.0082
 1.6650	 1.4796	 0.0084
 1.6700	 1.4823	 0.0086
 1.6750	 1.4738	 0.0084
 1.6800	 1.4672	 0.0080
 1.6850	 1.4611	 0.0080
 1.6900	 1.4642	 0.0080
 1.6950	 1.4500	 0.0083
 1.7000	 1.4602	 0.0083
 1.7050	 1.4591	 0.0087
 1.7100	 1.4434	 0.0092
 1.7150	 1.4362	 0.0081
 1.7200	 1.4463	 0.0091
 1.7250	 1.4522	 0.0084
 1.7300	 1.4406	 0.0088
 1.7350	 1.4389	 0.0089
 1.7400	 1.4451	 0.0087
 1.7450	 1.4321	 0.0087
 1.7500	 1.4221	 0.0088
 1.7550	 1.4269	 0.0088
 1.7600	 1.4163	 0.0091
 1.7650	 1.4217	 0.0083
 1.7700	 1.4084	 0.0090
 1.7750	 1.4008	 0.0095
 1.7800	 1.4223	 0.0087
 1.7850	 1.4083	 0.0106
 1.7900	 1.3992	 0.0091
 1.7950	 1.4324	 0.0100
 1.8000	 1.4004	 0.0107
 1.8050	 1.3949	 0.0101
 1.8100	 1.4010	 0.0112
 1.8150	 1.3924	 0.0119
 1.8200	 1.4029	 0.0128
 1.8250	 1.4174	 0.0148
 1.8300	 1.4186	 0.0157
 1.8350	 1.4008	 0.0180
 1.8400	 1.3879	 0.0193
 1.8450	 1.4143	 0.0194
 1.8500	 1.4294	 0.0165
 1.8550	 1.4042	 0.0171
 1.8600	 1.4067	 0.0170
 1.8650	 1.4077	 0.0250
 1.8700	 1.4145	 0.0186
 1.8750	 1.3882	 0.0277
 1.8850	 1.3996	 0.0170
 1.8900	 1.3972	 0.0154
 1.8950	 1.4093	 0.0184
 1.9000	 1.4053	 0.0175
 1.9050	 1.3949	 0.0181
 1.9100	 1.4104	 0.0191
 1.9150	 1.4104	 0.0166
 1.9200	 1.4107	 0.0158
 1.9250	 1.4045	 0.0148
 1.9300	 1.4097	 0.0133
 1.9350	 1.4150	 0.0137
 1.9400	 1.4126	 0.0125
 1.9450	 1.4123	 0.0132
 1.9500	 1.4191	 0.0134
 1.9550	 1.4022	 0.0141
 1.9600	 1.4026	 0.0139
 1.9650	 1.3946	 0.0136
 1.9700	 1.3984	 0.0123
 1.9750	 1.4289	 0.0125
 1.9800	 1.3948	 0.0119
 1.9850	 1.3930	 0.0122
 1.9900	 1.4050	 0.0114
 1.9950	 1.4123	 0.0139
 2.0100	 1.3950	 0.0151
 2.0150	 1.4068	 0.0149
 2.0200	 1.3977	 0.0143
 2.0250	 1.4080	 0.0133
 2.0300	 1.4179	 0.0120
 2.0350	 1.4014	 0.0123
 2.0400	 1.4058	 0.0111
 2.0450	 1.4032	 0.0144
 2.0500	 1.3869	 0.0135
 2.0550	 1.4242	 0.0132
 2.0600	 1.4313	 0.0130
 2.0650	 1.4390	 0.0130
 2.0700	 1.4474	 0.0131
 2.0750	 1.4576	 0.0118
 2.0800	 1.4411	 0.0122
 2.0850	 1.4656	 0.0132
 2.0900	 1.4555	 0.0115
 2.0950	 1.4592	 0.0113
 2.1000	 1.4592	 0.0113
 2.1050	 1.4596	 0.0117
 2.1100	 1.4606	 0.0115
 2.1150	 1.4335	 0.0118
 2.1200	 1.4331	 0.0117
 2.1250	 1.4717	 0.0139
 2.1300	 1.4562	 0.0126
 2.1350	 1.4604	 0.0122
 2.1400	 1.4778	 0.0127
 2.1450	 1.4615	 0.0126
 2.1500	 1.4587	 0.0125
 2.1550	 1.4946	 0.0135
 2.1600	 1.4796	 0.0148
 2.1650	 1.4640	 0.0128
 2.1700	 1.4655	 0.0132
 2.1750	 1.4677	 0.0133
 2.1800	 1.4761	 0.0128
 2.1850	 1.4777	 0.0136
 2.1900	 1.4764	 0.0142
 2.1950	 1.4814	 0.0151
 2.2000	 1.4749	 0.0138
 2.2050	 1.4778	 0.0142
 2.2100	 1.4851	 0.0139
 2.2150	 1.4762	 0.0138
 2.2200	 1.4642	 0.0147
 2.2250	 1.4901	 0.0137
 2.2300	 1.4924	 0.0145
 2.2350	 1.4804	 0.0140
 2.2400	 1.4981	 0.0143
 2.2450	 1.5051	 0.0146
 2.2500	 1.4933	 0.0146
 2.2550	 1.4766	 0.0150
 2.2600	 1.4816	 0.0147
 2.2650	 1.4908	 0.0154
 2.2700	 1.5051	 0.0156
 2.2750	 1.5146	 0.0154
 2.2800	 1.5171	 0.0168
 2.2850	 1.5085	 0.0155
 2.2900	 1.4998	 0.0158
 2.2950	 1.5255	 0.0152
 2.3000	 1.5454	 0.0162
 2.3050	 1.5290	 0.0172
 2.3100	 1.5331	 0.0169
 2.3150	 1.5102	 0.0163
 2.3200	 1.5104	 0.0170
 2.3250	 1.5473	 0.0175
 2.3300	 1.5472	 0.0160
 2.3350	 1.5152	 0.0185
 2.3400	 1.4914	 0.0171
 2.3450	 1.5490	 0.0167
 2.3500	 1.5533	 0.0205
 2.3550	 1.5463	 0.0183
 2.3600	 1.5505	 0.0165
 2.3650	 1.5395	 0.0177
 2.3700	 1.5348	 0.0181
 2.3750	 1.5526	 0.0179
 2.3800	 1.5581	 0.0183
 2.3950	 1.5651	 0.0203
 2.4000	 1.5427	 0.0195
 2.4050	 1.5760	 0.0183
 2.4150	 1.5193	 0.0199
 2.4200	 1.5626	 0.0198
 2.4300	 1.5768	 0.0179
 2.4350	 1.5549	 0.0183
 2.4400	 1.5659	 0.0195
 2.4500	 1.5659	 0.2000
