 0.3400	 0.5341	 0.0124
 0.3425	 0.5156	 0.0056
 0.3450	 0.5810	 0.0082
 0.3475	 0.5590	 0.0092
 0.3500	 0.5988	 0.0072
 0.3525	 0.5764	 0.0070
 0.3550	 0.5959	 0.0061
 0.3575	 0.6472	 0.0073
 0.3600	 0.6861	 0.0045
 0.3625	 0.7771	 0.0167
 0.3650	 0.6963	 0.0074
 0.3675	 0.6753	 0.0024
 0.3700	 0.6870	 0.0061
 0.3725	 0.6359	 0.0119
 0.3750	 0.7395	 0.0044
 0.3775	 0.7175	 0.0049
 0.3800	 0.7193	 0.0245
 0.3825	 0.6687	 0.0065
 0.3850	 0.7794	 0.0046
 0.3875	 0.7457	 0.0038
 0.3900	 0.7625	 0.0079
 0.3925	 0.6291	 0.0233
 0.3950	 0.7699	 0.0096
 0.3975	 0.8857	 0.0313
 0.4000	 0.7619	 0.0068
 0.4025	 0.7185	 0.0099
 0.4050	 0.7549	 0.0133
 0.4075	 0.7708	 0.0049
 0.4100	 0.7711	 0.0136
 0.4125	 0.7543	 0.0093
 0.4150	 0.7644	 0.0038
 0.4175	 0.7614	 0.0100
 0.4200	 0.7921	 0.0053
 0.4225	 0.7856	 0.0079
 0.4250	 0.7833	 0.0063
 0.4275	 0.7702	 0.0135
 0.4300	 0.7767	 0.0055
 0.4325	 0.7983	 0.0098
 0.4350	 0.8248	 0.0144
 0.4375	 0.7715	 0.0173
 0.4400	 0.8437	 0.0128
 0.4425	 0.8328	 0.0060
 0.4450	 0.8195	 0.0046
 0.4475	 0.8378	 0.0031
 0.4500	 0.8370	 0.0085
 0.4525	 0.8143	 0.0051
 0.4550	 0.8460	 0.0032
 0.4575	 0.8295	 0.0083
 0.4600	 0.8449	 0.0060
 0.4625	 0.8345	 0.0060
 0.4650	 0.8462	 0.0092
 0.4675	 0.8645	 0.0060
 0.4700	 0.8666	 0.0074
 0.4725	 0.8712	 0.0056
 0.4750	 0.8715	 0.0106
 0.4775	 0.8805	 0.0109
 0.4800	 0.8865	 0.0061
 0.4825	 0.8698	 0.0105
 0.4850	 0.8357	 0.0334
 0.4875	 0.8896	 0.0046
 0.4900	 0.8700	 0.0094
 0.4925	 0.9133	 0.0103
 0.4950	 0.8948	 0.0060
 0.4975	 0.8887	 0.0033
 0.5000	 0.8953	 0.0121
 0.5025	 0.8979	 0.0096
 0.5050	 0.8742	 0.0120
 0.5075	 0.8901	 0.0080
 0.5100	 0.9267	 0.0138
 0.5125	 0.8755	 0.0290
 0.5150	 0.8997	 0.0108
 0.5175	 0.9107	 0.0071
 0.5200	 0.8749	 0.0155
 0.5325	 0.9840	 0.0058
 0.5350	 0.9710	 0.0030
 0.5375	 0.9483	 0.0032
 0.5450	 0.9736	 0.0044
 0.5475	 0.9838	 0.0067
 0.5500	 0.9799	 0.0124
 0.5525	 0.9825	 0.0146
 0.5550	 1.0216	 0.0048
 0.5575	 1.0368	 0.0058
 0.5600	 1.0220	 0.0068
 0.5625	 1.0087	 0.0102
 0.5650	 1.0337	 0.0039
 0.5675	 1.0355	 0.0042
 0.5700	 1.0402	 0.0075
 0.5725	 1.0195	 0.0091
 0.5750	 1.0424	 0.0021
 0.5775	 1.0417	 0.0004
 0.5800	 1.0319	 0.0073
 0.5825	 1.0377	 0.0100
 0.5850	 1.0676	 0.0052
 0.5875	 1.1043	 0.0084
 0.5900	 1.0507	 0.0038
 0.5925	 1.0526	 0.0090
 0.5950	 1.0645	 0.0014
 0.5975	 1.0629	 0.0065
 0.6000	 1.0760	 0.0067
 0.6025	 1.0518	 0.0058
 0.6050	 1.0600	 0.0060
 0.6075	 1.0647	 0.0027
 0.6100	 1.0635	 0.0086
 0.6125	 1.0749	 0.0017
 0.6150	 1.0823	 0.0038
 0.6175	 1.0597	 0.0099
 0.6200	 1.0828	 0.0068
 0.6225	 1.1118	 0.0025
 0.6250	 1.1099	 0.0125
 0.6275	 1.1383	 0.0079
 0.6300	 1.1540	 0.0167
 0.6325	 1.1515	 0.0057
 0.6350	 1.1364	 0.0046
 0.6375	 1.1258	 0.0063
 0.6400	 1.1265	 0.0103
 0.6425	 1.1048	 0.0057
 0.6450	 1.1202	 0.0037
 0.6475	 1.1237	 0.0021
 0.6500	 1.1039	 0.0058
 0.6525	 1.1240	 0.0073
 0.6550	 1.1972	 0.0289
 0.6575	 1.0455	 0.0288
 0.6600	 1.0943	 0.0126
 0.6625	 1.1290	 0.0031
 0.6650	 1.1192	 0.0015
 0.6675	 1.1451	 0.0017
 0.6700	 1.1567	 0.0013
 0.6725	 1.1471	 0.0030
 0.6750	 1.1563	 0.0027
 0.6775	 1.1526	 0.0025
 0.6800	 1.1625	 0.0030
 0.6825	 1.1793	 0.0078
 0.6850	 1.2511	 0.0215
 0.6875	 1.2110	 0.0505
 0.6900	 1.1316	 0.0137
 0.6925	 1.1664	 0.0094
 0.6950	 1.1831	 0.0072
 0.6975	 1.1993	 0.0075
 0.7000	 1.2156	 0.0162
 0.7025	 1.1902	 0.0057
 0.7050	 1.1941	 0.0056
 0.7075	 1.2100	 0.0115
 0.7100	 1.2090	 0.0151
 0.7125	 1.2189	 0.0169
 0.7150	 1.2503	 0.0171
 0.7175	 1.3271	 0.0576
 0.7200	 1.1841	 0.0055
 0.7225	 1.2419	 0.0085
 0.7250	 1.2411	 0.0177
 0.7275	 1.2412	 0.0124
 0.7300	 1.2176	 0.0052
 0.7325	 1.1985	 0.0069
 0.7350	 1.2349	 0.0086
 0.7375	 1.2369	 0.0091
 0.7400	 1.2337	 0.0235
 0.7425	 1.2020	 0.0049
 0.7450	 1.2109	 0.0040
 0.7475	 1.2319	 0.0108
 0.7500	 1.2332	 0.0132
 0.7525	 1.2071	 0.0040
 0.7550	 1.2421	 0.0136
 0.7700	 1.2303	 0.0067
 0.7725	 1.2665	 0.0232
 0.7750	 1.2544	 0.0120
 0.7775	 1.2850	 0.0348
 0.7800	 1.2532	 0.0025
 0.7825	 1.2583	 0.0269
 0.7850	 1.2542	 0.0135
 0.7875	 1.2822	 0.0341
 0.7900	 1.2577	 0.0211
 0.7925	 1.2795	 0.0227
 0.7950	 1.2434	 0.0138
 0.7975	 1.2329	 0.0086
 0.8000	 1.2315	 0.0006
 0.8025	 1.2456	 0.0134
 0.8050	 1.2227	 0.0115
 0.8075	 1.2249	 0.0180
 0.8100	 1.2404	 0.0178
 0.8125	 1.2925	 0.0459
 0.8150	 1.2812	 0.0440
 0.8175	 1.2528	 0.0177
 0.8200	 1.2147	 0.0058
 0.8225	 1.2514	 0.0273
 0.8250	 1.1749	 0.0337
 0.8275	 1.2795	 0.0427
 0.8300	 1.2344	 0.0028
 0.8325	 1.2699	 0.0373
 0.8350	 1.1538	 0.0078
 0.8375	 1.1798	 0.0136
 0.8400	 1.2580	 0.0213
 0.8425	 1.2728	 0.0393
 0.8450	 1.2094	 0.0224
 0.8475	 1.2713	 0.0177
 0.8500	 1.2212	 0.0380
 0.8525	 1.2596	 0.0173
 0.8550	 1.1389	 0.0306
 0.8575	 1.1020	 0.0617
 0.8600	 1.2060	 0.0232
 0.8625	 1.1613	 0.0175
 0.8650	 1.2946	 0.0355
 0.8675	 1.2356	 0.0263
 0.8700	 1.1814	 0.0224
 0.8725	 1.1735	 0.0084
 0.8750	 1.2449	 0.0234
 0.8775	 1.2123	 0.0291
 0.8800	 1.2355	 0.0354
 0.8825	 1.2372	 0.0232
 0.8850	 1.2260	 0.0255
 0.8875	 1.2449	 0.0194
 0.8900	 1.2651	 0.0357
 0.8925	 1.2373	 0.0361
 0.8950	 1.3086	 0.0432
 0.8975	 1.3039	 0.0610
 0.9000	 1.2282	 0.0196
 0.9025	 1.1561	 0.0200
 0.9050	 1.2305	 0.0391
 0.9075	 1.2666	 0.0756
 0.9100	 1.2132	 0.0050
 0.9125	 1.2886	 0.0494
 0.9150	 1.1920	 0.0079
 0.9175	 1.3093	 0.0848
 0.9200	 1.2025	 0.0161
 	 	 
 0.8200	 1.2616	 0.0090
 0.8250	 1.2546	 0.0090
 0.8300	 1.2510	 0.0090
 0.8350	 1.2444	 0.0080
 0.8400	 1.2296	 0.0080
 0.8450	 1.2265	 0.0080
 0.8500	 1.2111	 0.0080
 0.8550	 1.2109	 0.0080
 0.8600	 1.2122	 0.0080
 0.8650	 1.2106	 0.0080
 0.8700	 1.2212	 0.0080
 0.8750	 1.2040	 0.0080
 0.8800	 1.2055	 0.0080
 0.8850	 1.2092	 0.0080
 0.8900	 1.2070	 0.0070
 0.8950	 1.2003	 0.0070
 0.9000	 1.2075	 0.0070
 0.9050	 1.2114	 0.0080
 0.9100	 1.2061	 0.0070
 0.9150	 1.1966	 0.0070
 0.9200	 1.1944	 0.0090
 0.9250	 1.2047	 0.0070
 0.9300	 1.1987	 0.0080
 0.9350	 1.1992	 0.0080
 0.9400	 1.1937	 0.0080
 0.9450	 1.2128	 0.0070
 0.9500	 1.2066	 0.0070
 0.9550	 1.2067	 0.0070
 0.9600	 1.2091	 0.0060
 0.9650	 1.2153	 0.0060
 0.9700	 1.2266	 0.0060
 0.9750	 1.2115	 0.0070
 0.9800	 1.2115	 0.0060
 0.9850	 1.2228	 0.0060
 0.9900	 1.2314	 0.0060
 0.9950	 1.2397	 0.0060
 1.0000	 1.2479	 0.0060
 1.0050	 1.2529	 0.0080
 1.0100	 1.2449	 0.0060
 1.0150	 1.2502	 0.0060
 1.0200	 1.2433	 0.0060
 1.0250	 1.2529	 0.0070
 1.0300	 1.2522	 0.0060
 1.0350	 1.2518	 0.0060
 1.0400	 1.2567	 0.0060
 1.0450	 1.2652	 0.0060
 1.0500	 1.2549	 0.0060
 1.0550	 1.2807	 0.0060
 1.0600	 1.2919	 0.0060
 1.0650	 1.2934	 0.0060
 1.0700	 1.2923	 0.0060
 1.0750	 1.2939	 0.0070
 1.0800	 1.2951	 0.0060
 1.0850	 1.3009	 0.0060
 1.0900	 1.3111	 0.0060
 1.0950	 1.3169	 0.0060
 1.1000	 1.3191	 0.0060
 1.1050	 1.3179	 0.0060
 1.1100	 1.3318	 0.0060
 1.1150	 1.3379	 0.0060
 1.1200	 1.3547	 0.0070
 1.1250	 1.3559	 0.0080
 1.1300	 1.3399	 0.0070
 1.1350	 1.3445	 0.0070
 1.1400	 1.3453	 0.0070
 1.1450	 1.3710	 0.0070
 1.1500	 1.3744	 0.0070
 1.1550	 1.3746	 0.0060
 1.1600	 1.3803	 0.0060
 1.1650	 1.4095	 0.0060
 1.1700	 1.4316	 0.0060
 1.1750	 1.4311	 0.0070
 1.1800	 1.4337	 0.0060
 1.1850	 1.4295	 0.0060
 1.1900	 1.4302	 0.0060
 1.1950	 1.4265	 0.0060
 1.2000	 1.4342	 0.0060
 1.2050	 1.4347	 0.0060
 1.2100	 1.4375	 0.0060
 1.2150	 1.4474	 0.0070
 1.2200	 1.4672	 0.0060
 1.2250	 1.4686	 0.0080
 1.2300	 1.4476	 0.0060
 1.2350	 1.4563	 0.0070
 1.2400	 1.4661	 0.0060
 1.2450	 1.4633	 0.0060
 1.2500	 1.4541	 0.0060
 1.2550	 1.4459	 0.0070
 1.2600	 1.4585	 0.0060
 1.2650	 1.4314	 0.0060
 1.2700	 1.4238	 0.0050
 1.2750	 1.4799	 0.0070
 1.2800	 1.4660	 0.0070
 1.2850	 1.4621	 0.0060
 1.2900	 1.4788	 0.0060
 1.2950	 1.4884	 0.0070
 1.3000	 1.4870	 0.0060
 1.3050	 1.4979	 0.0070
 1.3100	 1.4793	 0.0070
 1.3150	 1.4877	 0.0070
 1.3200	 1.4773	 0.0070
 1.3250	 1.4832	 0.0070
 1.3300	 1.4953	 0.0060
 1.3350	 1.4917	 0.0070
 1.3400	 1.4825	 0.0080
 1.3450	 1.4845	 0.0110
 1.3500	 1.4947	 0.0120
 1.3550	 1.4972	 0.0160
 1.3600	 1.4903	 0.0190
 1.3650	 1.4706	 0.0170
 1.3700	 1.4790	 0.0160
 1.3750	 1.4903	 0.0160
 1.3800	 1.5045	 0.0130
 1.3850	 1.5010	 0.0130
 1.3900	 1.4933	 0.0120
 1.3950	 1.5073	 0.0120
 1.4000	 1.5312	 0.0120
 1.4050	 1.5319	 0.0100
 1.4100	 1.5284	 0.0110
 1.4150	 1.5330	 0.0090
 1.4200	 1.5383	 0.0090
 1.4250	 1.5287	 0.0080
 1.4300	 1.5320	 0.0090
 1.4350	 1.5303	 0.0080
 1.4400	 1.5445	 0.0080
 1.4450	 1.5337	 0.0080
 1.4500	 1.5286	 0.0080
 1.4550	 1.5199	 0.0070
 1.4600	 1.5285	 0.0070
 1.4650	 1.5378	 0.0070
 1.4700	 1.5355	 0.0080
 1.4750	 1.5396	 0.0080
 1.4800	 1.5486	 0.0070
 1.4850	 1.5506	 0.0070
 1.4900	 1.5389	 0.0070
 1.4950	 1.5453	 0.0060
 1.5050	 1.5459	 0.0080
 1.5100	 1.5370	 0.0070
 1.5150	 1.5385	 0.0070
 1.5200	 1.5380	 0.0070
 1.5250	 1.5366	 0.0080
 1.5300	 1.5363	 0.0070
 1.5350	 1.5383	 0.0070
 1.5400	 1.5388	 0.0070
 1.5450	 1.5288	 0.0070
 1.5500	 1.5259	 0.0070
 1.5550	 1.5295	 0.0080
 1.5600	 1.5388	 0.0070
 1.5650	 1.5283	 0.0070
 1.5700	 1.5273	 0.0080
 1.5750	 1.5372	 0.0070
 1.5800	 1.5452	 0.0080
 1.5850	 1.5327	 0.0080
 1.5900	 1.5109	 0.0070
 1.5950	 1.5203	 0.0080
 1.6000	 1.5271	 0.0070
 1.6050	 1.5337	 0.0070
 1.6100	 1.4995	 0.0070
 1.6150	 1.4971	 0.0080
 1.6200	 1.4935	 0.0070
 1.6250	 1.5084	 0.0070
 1.6300	 1.5233	 0.0070
 1.6350	 1.5323	 0.0080
 1.6400	 1.5191	 0.0070
 1.6450	 1.5116	 0.0070
 1.6500	 1.5057	 0.0070
 1.6550	 1.5024	 0.0070
 1.6600	 1.5041	 0.0070
 1.6650	 1.4890	 0.0070
 1.6700	 1.4871	 0.0070
 1.6750	 1.4905	 0.0080
 1.6800	 1.4899	 0.0090
 1.6850	 1.4757	 0.0070
 1.6900	 1.4875	 0.0070
 1.6950	 1.5000	 0.0080
 1.7000	 1.5021	 0.0080
 1.7050	 1.4877	 0.0070
 1.7100	 1.4817	 0.0070
 1.7150	 1.4664	 0.0070
 1.7200	 1.4931	 0.0080
 1.7250	 1.4903	 0.0080
 1.7300	 1.4851	 0.0080
 1.7350	 1.4684	 0.0080
 1.7400	 1.4760	 0.0080
 1.7450	 1.4771	 0.0080
 1.7500	 1.4758	 0.0080
 1.7550	 1.4735	 0.0080
 1.7600	 1.4887	 0.0080
 1.7650	 1.4704	 0.0080
 1.7700	 1.4574	 0.0080
 1.7750	 1.4431	 0.0080
 1.7800	 1.4448	 0.0090
 1.7850	 1.4613	 0.0080
 1.7900	 1.4630	 0.0090
 1.7950	 1.4501	 0.0100
 1.8000	 1.4649	 0.0100
 1.8050	 1.4610	 0.0110
 1.8100	 1.4627	 0.0120
 1.8150	 1.4637	 0.0140
 1.8200	 1.4644	 0.0150
 1.8250	 1.4758	 0.0170
 1.8300	 1.4832	 0.0200
 1.8350	 1.4726	 0.0170
 1.8400	 1.4754	 0.0240
 1.8450	 1.4529	 0.0230
 1.8500	 1.4476	 0.0190
 1.8550	 1.4584	 0.0180
 1.8600	 1.4139	 0.0240
 1.8650	 1.4571	 0.0150
 1.8700	 1.4236	 0.0280
 1.8750	 1.4705	 0.0180
 1.8850	 1.4408	 0.0180
 1.8900	 1.4579	 0.0180
 1.8950	 1.4631	 0.0210
 1.9000	 1.4446	 0.0220
 1.9050	 1.4328	 0.0220
 1.9100	 1.4564	 0.0190
 1.9150	 1.4388	 0.0160
 1.9200	 1.4380	 0.0160
 1.9250	 1.4414	 0.0150
 1.9300	 1.4316	 0.0140
 1.9350	 1.4334	 0.0130
 1.9400	 1.4328	 0.0130
 1.9450	 1.4261	 0.0140
 1.9500	 1.4223	 0.0140
 1.9550	 1.4166	 0.0140
 1.9600	 1.3910	 0.0140
 1.9700	 1.4154	 0.0110
 1.9750	 1.4238	 0.0110
 1.9800	 1.4382	 0.0110
 1.9850	 1.4353	 0.0100
 1.9900	 1.4151	 0.0120
 1.9950	 1.4185	 0.0140
 2.0000	 1.4164	 0.0150
 2.0050	 1.4362	 0.0180
 2.0100	 1.4306	 0.0150
 2.0150	 1.4273	 0.0130
 2.0200	 1.3915	 0.0120
 2.0250	 1.4210	 0.0110
 2.0300	 1.4357	 0.0120
 2.0350	 1.4285	 0.0110
 2.0400	 1.4169	 0.0110
 2.0450	 1.4204	 0.0120
 2.0500	 1.4140	 0.0120
 2.0550	 1.4272	 0.0120
 2.0600	 1.4487	 0.0120
 2.0650	 1.4280	 0.0110
 2.0700	 1.4209	 0.0110
 2.0750	 1.4305	 0.0120
 2.0800	 1.4296	 0.0110
 2.0850	 1.4332	 0.0110
 2.0900	 1.4585	 0.0120
 2.0950	 1.4613	 0.0120
 2.1000	 1.4405	 0.0120
 2.1050	 1.4298	 0.0110
 2.1100	 1.4196	 0.0110
 2.1150	 1.4369	 0.0110
 2.1200	 1.4546	 0.0120
 2.1250	 1.4554	 0.0120
 2.1300	 1.4555	 0.0110
 2.1350	 1.4218	 0.0110
 2.1400	 1.4280	 0.0120
 2.1450	 1.4325	 0.0120
 2.1500	 1.4220	 0.0120
 2.1550	 1.4446	 0.0110
 2.1600	 1.4548	 0.0120
 2.1650	 1.4664	 0.0120
 2.1700	 1.4649	 0.0130
 2.1750	 1.4542	 0.0120
 2.1800	 1.4527	 0.0120
 2.1850	 1.4493	 0.0140
 2.1900	 1.4683	 0.0120
 2.1950	 1.4577	 0.0120
 2.2000	 1.4272	 0.0120
 2.2050	 1.4391	 0.0150
 2.2100	 1.4498	 0.0130
 2.2150	 1.4502	 0.0120
 2.2200	 1.4638	 0.0130
 2.2250	 1.4681	 0.0140
 2.2300	 1.4538	 0.0150
 2.2350	 1.4604	 0.0150
 2.2400	 1.4862	 0.0130
 2.2450	 1.4794	 0.0130
 2.2500	 1.4834	 0.0160
 2.2550	 1.4813	 0.0150
 2.2600	 1.4663	 0.0140
 2.2650	 1.4848	 0.0130
 2.2700	 1.4757	 0.0140
 2.2750	 1.4492	 0.0140
 2.2800	 1.4514	 0.0130
 2.2850	 1.4531	 0.0140
 2.2900	 1.4624	 0.0150
 2.2950	 1.4797	 0.0140
 2.3000	 1.4861	 0.0150
 2.3050	 1.4851	 0.0150
 2.3100	 1.4931	 0.0150
 2.3150	 1.5014	 0.0150
 2.3200	 1.5152	 0.0160
 2.3250	 1.4994	 0.0160
 2.3300	 1.4751	 0.0150
 2.3350	 1.5047	 0.0150
 2.3400	 1.5181	 0.0150
 2.3450	 1.4903	 0.0160
 2.3500	 1.4926	 0.0150
 2.3550	 1.4881	 0.0160
 2.3600	 1.4826	 0.0150
 2.3650	 1.4931	 0.0160
 2.3700	 1.4913	 0.0160
 2.3750	 1.4829	 0.0160
 2.3800	 1.5148	 0.0140
 2.3850	 1.4877	 0.0180
 2.3900	 1.4819	 0.0170
 2.3950	 1.4989	 0.0190
 2.4000	 1.5111	 0.0180
 2.4050	 1.4914	 0.0160
 2.4100	 1.4880	 0.0170
 2.4150	 1.5129	 0.0150
 2.4250	 1.5214	 0.0170
 2.4300	 1.5285	 0.0170
 2.4400	 1.4977	 0.0190
 2.4450	 1.4904	 0.0180
 2.4500	 1.5115	 0.0180
 2.4550	 1.4727	 0.0190
