 0.8500	 1.0817	 0.0140
 0.8550	 1.0668	 0.0149
 0.8600	 1.0485	 0.0146
 0.8650	 1.0531	 0.0149
 0.8700	 1.0394	 0.0161
 0.8750	 1.0291	 0.0147
 0.8800	 1.0176	 0.0145
 0.8850	 1.0188	 0.0136
 0.8900	 1.0111	 0.0140
 0.8950	 1.0023	 0.0124
 0.9000	 1.0064	 0.0121
 0.9050	 0.9972	 0.0118
 0.9100	 0.9926	 0.0117
 0.9150	 0.9871	 0.0112
 0.9200	 0.9790	 0.0113
 0.9250	 0.9711	 0.0120
 0.9300	 0.9631	 0.0117
 0.9350	 0.9519	 0.0129
 0.9400	 0.9581	 0.0113
 0.9450	 0.9515	 0.0117
 0.9500	 0.9576	 0.0121
 0.9550	 0.9555	 0.0111
 0.9600	 0.9522	 0.0107
 0.9650	 0.9523	 0.0103
 0.9700	 0.9585	 0.0110
 0.9750	 0.9572	 0.0102
 0.9800	 0.9625	 0.0104
 0.9850	 0.9622	 0.0104
 0.9900	 0.9496	 0.0099
 0.9950	 0.9541	 0.0097
 1.0000	 0.9591	 0.0103
 1.0050	 0.9583	 0.0102
 1.0100	 0.9628	 0.0097
 1.0150	 0.9592	 0.0095
 1.0200	 0.9550	 0.0095
 1.0250	 0.9641	 0.0109
 1.0300	 0.9676	 0.0109
 1.0350	 0.9689	 0.0106
 1.0400	 0.9576	 0.0101
 1.0450	 0.9492	 0.0100
 1.0500	 0.9425	 0.0098
 1.0550	 0.9499	 0.0098
 1.0600	 0.9562	 0.0102
 1.0650	 0.9510	 0.0096
 1.0700	 0.9642	 0.0102
 1.0750	 0.9575	 0.0098
 1.0800	 0.9688	 0.0105
 1.0850	 0.9682	 0.0103
 1.0900	 0.9614	 0.0100
 1.0950	 0.9659	 0.0101
 1.1000	 0.9750	 0.0098
 1.1050	 0.9612	 0.0100
 1.1100	 0.9738	 0.0104
 1.1150	 0.9749	 0.0106
 1.1200	 0.9726	 0.0113
 1.1250	 0.9748	 0.0117
 1.1300	 0.9741	 0.0113
 1.1350	 0.9834	 0.0122
 1.1400	 0.9942	 0.0122
 1.1450	 0.9964	 0.0122
 1.1500	 1.0006	 0.0125
 1.1550	 0.9828	 0.0126
 1.1600	 0.9893	 0.0134
 1.1650	 0.9908	 0.0122
 1.1700	 1.0021	 0.0109
 1.1750	 1.0060	 0.0118
 1.1800	 0.9894	 0.0118
 1.1850	 1.0037	 0.0109
 1.1900	 1.0100	 0.0114
 1.1950	 1.0037	 0.0109
 1.2000	 0.9934	 0.0125
 1.2050	 1.0010	 0.0116
 1.2100	 1.0127	 0.0126
 1.2150	 1.0102	 0.0116
 1.2200	 1.0069	 0.0120
 1.2250	 1.0087	 0.0113
 1.2300	 1.0057	 0.0120
 1.2350	 1.0007	 0.0116
 1.2400	 1.0095	 0.0111
 1.2450	 1.0124	 0.0108
 1.2500	 1.0056	 0.0108
 1.2550	 1.0014	 0.0116
 1.2600	 1.0100	 0.0118
 1.2650	 1.0001	 0.0112
 1.2700	 0.9875	 0.0118
 1.2750	 0.9987	 0.0122
 1.2800	 1.0027	 0.0119
 1.2850	 0.9813	 0.0123
 1.2900	 1.0125	 0.0114
 1.2950	 1.0225	 0.0119
 1.3000	 1.0030	 0.0120
 1.3050	 1.0066	 0.0111
 1.3100	 1.0129	 0.0113
 1.3150	 1.0248	 0.0123
 1.3200	 1.0227	 0.0112
 1.3250	 1.0156	 0.0120
 1.3300	 1.0175	 0.0125
 1.3350	 1.0203	 0.0123
 1.3400	 1.0161	 0.0133
 1.3450	 1.0262	 0.0165
 1.3500	 1.0364	 0.0178
 1.3550	 1.0214	 0.0216
 1.3600	 0.9948	 0.0263
 1.3800	 1.0818	 0.0249
 1.3850	 1.0115	 0.0228
 1.3900	 1.0476	 0.0250
 1.3950	 1.0418	 0.0205
 1.4000	 1.0587	 0.0225
 1.4050	 1.0135	 0.0213
 1.4100	 1.0357	 0.0201
 1.4300	 1.0631	 0.0151
 1.4350	 1.0351	 0.0158
 1.4400	 1.0180	 0.0159
 1.4450	 1.0187	 0.0152
 1.4500	 1.0354	 0.0161
 1.4550	 1.0390	 0.0150
 1.4600	 1.0282	 0.0153
 1.4650	 1.0374	 0.0151
 1.4700	 1.0397	 0.0151
 1.4750	 1.0303	 0.0149
 1.4800	 1.0403	 0.0143
 1.4850	 1.0377	 0.0131
 1.4900	 1.0396	 0.0144
 1.4950	 1.0435	 0.0133
 1.5000	 1.0609	 0.0148
 1.5050	 1.0382	 0.0145
 1.5100	 1.0221	 0.0134
 1.5150	 1.0387	 0.0146
 1.5200	 1.0365	 0.0127
 1.5250	 1.0074	 0.0133
 1.5300	 1.0173	 0.0154
 1.5350	 1.0270	 0.0148
 1.5400	 1.0257	 0.0127
 1.5450	 1.0318	 0.0138
 1.5500	 1.0367	 0.0136
 1.5550	 1.0365	 0.0145
 1.5600	 1.0364	 0.0145
 1.5650	 1.0157	 0.0145
 1.5700	 1.0144	 0.0144
 1.5750	 1.0347	 0.0144
 1.5800	 1.0693	 0.0154
 1.5850	 1.0576	 0.0150
 1.5900	 1.0219	 0.0135
 1.5950	 1.0219	 0.0131
 1.6000	 1.0357	 0.0152
 1.6050	 1.0313	 0.0142
 1.6100	 1.0647	 0.0174
 1.6150	 1.0188	 0.0145
 1.6200	 1.0050	 0.0142
 1.6250	 1.0298	 0.0155
 1.6300	 1.0057	 0.0128
 1.6350	 1.0101	 0.0138
 1.6400	 0.9978	 0.0138
 1.6450	 0.9956	 0.0139
 1.6500	 1.0082	 0.0147
 1.6550	 0.9878	 0.0148
 1.6600	 0.9907	 0.0139
 1.6650	 0.9981	 0.0138
 1.6700	 1.0012	 0.0141
 1.6750	 0.9909	 0.0157
 1.6800	 0.9560	 0.0146
 1.6850	 0.9105	 0.0152
 1.6900	 0.9516	 0.0146
 1.6950	 0.9763	 0.0148
 1.7000	 0.9761	 0.0151
 1.7050	 0.9808	 0.0149
 1.7100	 0.9434	 0.0153
 1.7150	 0.9411	 0.0143
 1.7200	 0.9611	 0.0141
 1.7250	 0.9762	 0.0163
 1.7300	 0.9734	 0.0161
 1.7350	 0.9537	 0.0150
 1.7400	 0.9491	 0.0161
 1.7450	 0.9332	 0.0169
 1.7500	 0.9186	 0.0152
 1.7550	 0.9325	 0.0160
 1.7600	 0.9299	 0.0166
 1.7650	 0.9060	 0.0155
 1.7700	 0.9403	 0.0174
 1.7750	 0.9409	 0.0157
 1.7800	 0.9216	 0.0148
 1.7850	 0.9035	 0.0157
 1.7900	 0.8754	 0.0188
 1.7950	 0.9341	 0.0171
 1.8000	 0.9464	 0.0195
 1.8050	 0.8912	 0.0183
 1.8100	 0.8956	 0.0187
 1.8150	 0.9447	 0.0237
 1.8200	 0.9383	 0.0240
 1.8250	 0.9269	 0.0246
 1.8300	 0.9359	 0.0272
 1.8350	 0.9156	 0.0281
 1.8400	 0.9436	 0.0383
 1.8450	 0.9464	 0.0410
 1.8500	 0.9110	 0.0402
 1.8550	 0.8541	 0.0412
 1.8600	 0.8794	 0.0367
 1.8650	 0.8991	 0.0351
 1.8700	 0.9709	 0.0358
 1.8750	 0.8955	 0.0401
 1.8800	 0.8752	 0.0531
 1.8850	 0.8517	 0.0400
 1.8900	 0.9489	 0.0294
 1.8950	 0.9557	 0.0298
 1.9000	 0.9453	 0.0322
 1.9050	 0.9353	 0.0382
 1.9100	 0.8594	 0.0452
 1.9150	 0.8965	 0.0369
 1.9200	 0.8378	 0.0335
 1.9250	 0.9026	 0.0352
 1.9300	 0.8834	 0.0305
 1.9350	 0.8504	 0.0316
 1.9400	 0.8832	 0.0265
 1.9450	 0.9034	 0.0251
 1.9500	 0.9284	 0.0258
 1.9550	 0.9088	 0.0239
 1.9600	 0.8831	 0.0243
 1.9650	 0.8710	 0.0253
 1.9700	 0.8743	 0.0246
 1.9750	 0.9060	 0.0233
 1.9800	 0.9030	 0.0242
 1.9850	 0.9157	 0.0207
 1.9900	 0.8982	 0.0194
 1.9950	 0.9210	 0.0205
 2.0000	 0.9106	 0.0252
 2.0050	 0.8910	 0.0276
 2.0100	 0.9112	 0.0319
 2.0250	 0.8733	 0.0258
 2.0300	 0.9191	 0.0287
 2.0350	 0.8923	 0.0233
 2.0400	 0.8845	 0.0206
 2.0450	 0.8835	 0.0197
 2.0500	 0.8655	 0.0224
 2.0550	 0.9055	 0.0233
 2.0600	 0.8862	 0.0238
 2.0650	 0.8820	 0.0235
 2.0700	 0.8685	 0.0229
 2.0750	 0.8557	 0.0227
 2.0800	 0.8865	 0.0222
 2.0850	 0.9094	 0.0229
 2.0900	 0.8857	 0.0196
 2.0950	 0.9007	 0.0218
 2.1000	 0.9248	 0.0214
 2.1050	 0.9330	 0.0249
 2.1100	 0.8787	 0.0217
 2.1150	 0.8387	 0.0223
 2.1200	 0.8545	 0.0230
 2.1250	 0.8497	 0.0204
 2.1300	 0.8623	 0.0202
 2.1350	 0.8877	 0.0221
 2.1400	 0.8952	 0.0214
 2.1450	 0.9067	 0.0222
 2.1500	 0.9006	 0.0251
 2.1600	 0.8348	 0.0215
 2.1650	 0.8613	 0.0234
 2.1700	 0.8343	 0.0252
 2.1750	 0.8477	 0.0223
 2.1800	 0.8510	 0.0231
 2.1850	 0.8268	 0.0241
 2.1900	 0.8521	 0.0248
 2.1950	 0.8922	 0.0262
 2.2000	 0.8893	 0.0252
 2.2050	 0.9285	 0.0289
 2.2100	 0.9218	 0.0290
 2.2150	 0.8877	 0.0289
 2.2200	 0.8756	 0.0280
 2.2250	 0.8869	 0.0273
 2.2300	 0.8825	 0.0258
 2.2350	 0.8746	 0.0268
 2.2400	 0.8428	 0.0260
 2.2450	 0.8734	 0.0261
 2.2500	 0.8768	 0.0256
 2.2550	 0.8880	 0.0283
 2.2600	 0.8937	 0.0292
 2.2650	 0.8556	 0.0300
 2.2700	 0.8309	 0.0293
 2.2750	 0.8233	 0.0305
 2.2800	 0.8665	 0.0317
 2.2850	 0.9058	 0.0292
 2.2900	 0.8829	 0.0303
 2.2950	 0.9150	 0.0351
 2.3000	 0.9091	 0.0314
 2.3050	 0.9402	 0.0362
 2.3100	 0.8749	 0.0295
 2.3150	 0.8694	 0.0289
 2.3200	 0.8743	 0.0311
 2.3250	 0.9222	 0.0312
 2.3300	 0.8805	 0.0348
 2.3350	 0.8349	 0.0324
 2.3400	 0.8598	 0.0322
 2.3450	 0.8800	 0.0330
 2.3500	 0.8525	 0.0320
 2.3550	 0.8749	 0.0338
 2.3600	 0.9195	 0.0352
 2.3650	 0.8730	 0.0443
 2.3700	 0.8077	 0.0296
 2.3750	 0.8717	 0.0349
 2.3800	 0.8567	 0.0335
 2.3850	 0.8502	 0.0419
 2.3900	 0.8330	 0.0317
 2.3950	 0.8890	 0.0388
 2.4000	 0.8639	 0.0341
 2.4050	 0.8603	 0.0333
 2.4100	 0.8643	 0.0337
 2.4150	 0.8382	 0.0346
 2.4200	 0.8983	 0.0359
 2.4250	 0.8559	 0.0341
 2.4300	 0.9056	 0.0380
 2.4350	 0.8488	 0.0330
 2.4400	 0.8973	 0.0379
 2.4500	 0.8610	 0.1000
