 0.7800	 1.1039	 0.0103
 0.7850	 1.0974	 0.0095
 0.7900	 1.1016	 0.0090
 0.7950	 1.1014	 0.0095
 0.8000	 1.0797	 0.0091
 0.8050	 1.0749	 0.0088
 0.8100	 1.0654	 0.0088
 0.8150	 1.0471	 0.0089
 0.8200	 1.0436	 0.0087
 0.8250	 1.0223	 0.0083
 0.8300	 1.0196	 0.0089
 0.8350	 1.0227	 0.0080
 0.8400	 1.0131	 0.0076
 0.8450	 1.0068	 0.0080
 0.8500	 0.9920	 0.0076
 0.8550	 0.9866	 0.0081
 0.8600	 0.9814	 0.0075
 0.8650	 0.9642	 0.0077
 0.8700	 0.9573	 0.0072
 0.8750	 0.9572	 0.0078
 0.8800	 0.9360	 0.0071
 0.8850	 0.9270	 0.0069
 0.8900	 0.9298	 0.0073
 0.8950	 0.9242	 0.0070
 0.9000	 0.9112	 0.0066
 0.9050	 0.9226	 0.0068
 0.9100	 0.9211	 0.0069
 0.9150	 0.9173	 0.0069
 0.9200	 0.9145	 0.0070
 0.9250	 0.9082	 0.0062
 0.9300	 0.9012	 0.0072
 0.9350	 0.8950	 0.0075
 0.9400	 0.9005	 0.0077
 0.9450	 0.9014	 0.0075
 0.9500	 0.8893	 0.0075
 0.9550	 0.8921	 0.0070
 0.9600	 0.8989	 0.0069
 0.9650	 0.8921	 0.0069
 0.9700	 0.8938	 0.0067
 0.9750	 0.8955	 0.0065
 0.9800	 0.8877	 0.0062
 0.9850	 0.8771	 0.0056
 0.9900	 0.8714	 0.0056
 0.9950	 0.8808	 0.0058
 1.0000	 0.8779	 0.0056
 1.0050	 0.8847	 0.0056
 1.0100	 0.8900	 0.0061
 1.0150	 0.8860	 0.0061
 1.0200	 0.8836	 0.0056
 1.0250	 0.8814	 0.0057
 1.0300	 0.8852	 0.0062
 1.0350	 0.8985	 0.0054
 1.0400	 0.8933	 0.0055
 1.0450	 0.8912	 0.0059
 1.0500	 0.8860	 0.0055
 1.0550	 0.8922	 0.0054
 1.0600	 0.9015	 0.0056
 1.0650	 0.9038	 0.0052
 1.0700	 0.9046	 0.0054
 1.0750	 0.9097	 0.0058
 1.0800	 0.9149	 0.0056
 1.0850	 0.9128	 0.0052
 1.0900	 0.9192	 0.0056
 1.0950	 0.9254	 0.0056
 1.1000	 0.9316	 0.0056
 1.1050	 0.9302	 0.0057
 1.1100	 0.9365	 0.0055
 1.1150	 0.9465	 0.0062
 1.1200	 0.9543	 0.0060
 1.1250	 0.9424	 0.0060
 1.1300	 0.9402	 0.0060
 1.1350	 0.9520	 0.0066
 1.1400	 0.9637	 0.0062
 1.1450	 0.9768	 0.0061
 1.1500	 0.9763	 0.0059
 1.1550	 0.9697	 0.0059
 1.1600	 0.9717	 0.0057
 1.1650	 0.9883	 0.0058
 1.1700	 0.9893	 0.0056
 1.1750	 0.9913	 0.0053
 1.1800	 0.9957	 0.0054
 1.1850	 0.9989	 0.0055
 1.1900	 1.0009	 0.0052
 1.1950	 1.0065	 0.0052
 1.2000	 1.0036	 0.0053
 1.2050	 1.0075	 0.0054
 1.2100	 1.0016	 0.0056
 1.2150	 0.9907	 0.0065
 1.2200	 1.0056	 0.0056
 1.2250	 1.0107	 0.0053
 1.2300	 1.0206	 0.0060
 1.2350	 1.0264	 0.0055
 1.2400	 1.0311	 0.0059
 1.2450	 1.0353	 0.0054
 1.2500	 1.0274	 0.0059
 1.2550	 1.0314	 0.0055
 1.2600	 1.0281	 0.0055
 1.2650	 1.0327	 0.0057
 1.2700	 1.0353	 0.0058
 1.2750	 1.0309	 0.0056
 1.2850	 1.0328	 0.0065
 1.2900	 1.0550	 0.0057
 1.2950	 1.0551	 0.0061
 1.3000	 1.0557	 0.0063
 1.3050	 1.0582	 0.0058
 1.3100	 1.0582	 0.0062
 1.3150	 1.0513	 0.0061
 1.3200	 1.0562	 0.0067
 1.3250	 1.0703	 0.0062
 1.3300	 1.0816	 0.0068
 1.3350	 1.0895	 0.0082
 1.3400	 1.1085	 0.0101
 1.3450	 1.1123	 0.0102
 1.3500	 1.0985	 0.0096
 1.3550	 1.0805	 0.0176
 1.3600	 1.0959	 0.0206
 1.3650	 1.0951	 0.0205
 1.3700	 1.1057	 0.0159
 1.3750	 1.1178	 0.0191
 1.3800	 1.1014	 0.0162
 1.3850	 1.1242	 0.0149
 1.3900	 1.1029	 0.0156
 1.4000	 1.1098	 0.0143
 1.4050	 1.1163	 0.0146
 1.4100	 1.1188	 0.0110
 1.4150	 1.1517	 0.0114
 1.4200	 1.1366	 0.0115
 1.4250	 1.1520	 0.0088
 1.4300	 1.1511	 0.0088
 1.4350	 1.1465	 0.0086
 1.4400	 1.1649	 0.0089
 1.4450	 1.1657	 0.0089
 1.4500	 1.1661	 0.0080
 1.4550	 1.1761	 0.0080
 1.4600	 1.1760	 0.0087
 1.4650	 1.1801	 0.0082
 1.4700	 1.1853	 0.0081
 1.4750	 1.1627	 0.0081
 1.4800	 1.1789	 0.0071
 1.4850	 1.1715	 0.0070
 1.4900	 1.1757	 0.0067
 1.4950	 1.1876	 0.0069
 1.5000	 1.1862	 0.0068
 1.5050	 1.1827	 0.0066
 1.5100	 1.1764	 0.0064
 1.5150	 1.1766	 0.0067
 1.5200	 1.1778	 0.0078
 1.5250	 1.1836	 0.0071
 1.5300	 1.1817	 0.0067
 1.5350	 1.1769	 0.0072
 1.5400	 1.1821	 0.0072
 1.5450	 1.1857	 0.0072
 1.5500	 1.1925	 0.0069
 1.5550	 1.2064	 0.0071
 1.5600	 1.1944	 0.0074
 1.5650	 1.1972	 0.0070
 1.5700	 1.1920	 0.0068
 1.5750	 1.1802	 0.0081
 1.5800	 1.1970	 0.0079
 1.5850	 1.1882	 0.0072
 1.5900	 1.1979	 0.0071
 1.5950	 1.1993	 0.0071
 1.6000	 1.1844	 0.0068
 1.6050	 1.1765	 0.0070
 1.6100	 1.1755	 0.0074
 1.6150	 1.1700	 0.0073
 1.6200	 1.1736	 0.0075
 1.6250	 1.1962	 0.0079
 1.6300	 1.1904	 0.0076
 1.6350	 1.1938	 0.0074
 1.6400	 1.1686	 0.0069
 1.6450	 1.1753	 0.0072
 1.6500	 1.1830	 0.0077
 1.6550	 1.1693	 0.0081
 1.6600	 1.1704	 0.0076
 1.6650	 1.1687	 0.0072
 1.6700	 1.1749	 0.0071
 1.6750	 1.1666	 0.0074
 1.6800	 1.1739	 0.0076
 1.6850	 1.1857	 0.0077
 1.6900	 1.1726	 0.0074
 1.6950	 1.1772	 0.0076
 1.7000	 1.1524	 0.0074
 1.7050	 1.1298	 0.0078
 1.7100	 1.1450	 0.0076
 1.7150	 1.1410	 0.0075
 1.7200	 1.1474	 0.0082
 1.7250	 1.1675	 0.0086
 1.7300	 1.1652	 0.0078
 1.7350	 1.1599	 0.0078
 1.7400	 1.1543	 0.0081
 1.7450	 1.1531	 0.0089
 1.7500	 1.1491	 0.0084
 1.7550	 1.1316	 0.0080
 1.7600	 1.1337	 0.0080
 1.7650	 1.1155	 0.0081
 1.7700	 1.1146	 0.0085
 1.7750	 1.1440	 0.0094
 1.7800	 1.1464	 0.0099
 1.7850	 1.1452	 0.0094
 1.7900	 1.1149	 0.0095
 1.7950	 1.1205	 0.0101
 1.8000	 1.1065	 0.0106
 1.8050	 1.1148	 0.0116
 1.8100	 1.1051	 0.0130
 1.8150	 1.1182	 0.0138
 1.8200	 1.1479	 0.0151
 1.8250	 1.1380	 0.0256
 1.8300	 1.1217	 0.0337
 1.8350	 1.1093	 0.0192
 1.8450	 1.0994	 0.0459
 1.8600	 1.0973	 0.0376
 1.8650	 1.0780	 0.0281
 1.8700	 1.1097	 0.0360
 1.8850	 1.1304	 0.0223
 1.8900	 1.1025	 0.0203
 1.9000	 1.1104	 0.0263
 1.9050	 1.0847	 0.0256
 1.9150	 1.0899	 0.0251
 1.9200	 1.0694	 0.0228
 1.9250	 1.0795	 0.0193
 1.9300	 1.0826	 0.0184
 1.9350	 1.0572	 0.0161
 1.9400	 1.1046	 0.0155
 1.9450	 1.0932	 0.0153
 1.9500	 1.0858	 0.0137
 1.9550	 1.0747	 0.0151
 1.9600	 1.0579	 0.0133
 1.9650	 1.0778	 0.0140
 1.9700	 1.0684	 0.0127
 1.9750	 1.0821	 0.0116
 1.9800	 1.1104	 0.0113
 1.9850	 1.1026	 0.0102
 1.9900	 1.0898	 0.0098
 1.9950	 1.0910	 0.0121
 2.0000	 1.0852	 0.0126
 2.0050	 1.0567	 0.0121
 2.0150	 1.0712	 0.0158
 2.0200	 1.0769	 0.0140
 2.0250	 1.1045	 0.0128
 2.0300	 1.1060	 0.0115
 2.0350	 1.0747	 0.0110
 2.0400	 1.0927	 0.0105
 2.0450	 1.1060	 0.0108
 2.0500	 1.1253	 0.0128
 2.0550	 1.0717	 0.0126
 2.0600	 1.0961	 0.0123
 2.0650	 1.1130	 0.0123
 2.0700	 1.1300	 0.0135
 2.0750	 1.1024	 0.0117
 2.0800	 1.1119	 0.0117
 2.0850	 1.1025	 0.0118
 2.0900	 1.1240	 0.0125
 2.0950	 1.1375	 0.0122
 2.1000	 1.1269	 0.0132
 2.1050	 1.1199	 0.0109
 2.1100	 1.1161	 0.0109
 2.1150	 1.1333	 0.0112
 2.1200	 1.1355	 0.0116
 2.1250	 1.1076	 0.0110
 2.1300	 1.1250	 0.0113
 2.1350	 1.1405	 0.0120
 2.1400	 1.1371	 0.0114
 2.1450	 1.0997	 0.0118
 2.1500	 1.1093	 0.0113
 2.1550	 1.1462	 0.0128
 2.1600	 1.1446	 0.0118
 2.1650	 1.1421	 0.0128
 2.1700	 1.1372	 0.0120
 2.1750	 1.1277	 0.0123
 2.1800	 1.1383	 0.0119
 2.1850	 1.1319	 0.0125
 2.1900	 1.1344	 0.0120
 2.1950	 1.1571	 0.0139
 2.2000	 1.1619	 0.0126
 2.2050	 1.1527	 0.0132
 2.2100	 1.1375	 0.0122
 2.2150	 1.1610	 0.0146
 2.2200	 1.1485	 0.0127
 2.2250	 1.1426	 0.0128
 2.2300	 1.1130	 0.0149
 2.2350	 1.1220	 0.0132
 2.2400	 1.1401	 0.0128
 2.2450	 1.1862	 0.0147
 2.2500	 1.1556	 0.0138
 2.2550	 1.1588	 0.0138
 2.2600	 1.1673	 0.0135
 2.2650	 1.1431	 0.0129
 2.2700	 1.1291	 0.0141
 2.2750	 1.1217	 0.0148
 2.2800	 1.1276	 0.0143
 2.2850	 1.1591	 0.0141
 2.2900	 1.1565	 0.0138
 2.2950	 1.1559	 0.0139
 2.3000	 1.1302	 0.0142
 2.3050	 1.1337	 0.0141
 2.3100	 1.1402	 0.0150
 2.3150	 1.1534	 0.0148
 2.3200	 1.1759	 0.0153
 2.3250	 1.1716	 0.0149
 2.3300	 1.1494	 0.0144
 2.3350	 1.1620	 0.0152
 2.3400	 1.1668	 0.0167
 2.3450	 1.2065	 0.0168
 2.3500	 1.1861	 0.0171
 2.3550	 1.1720	 0.0172
 2.3600	 1.1913	 0.0153
 2.3700	 1.1809	 0.0161
 2.3750	 1.2105	 0.0173
 2.3800	 1.1837	 0.0160
 2.3850	 1.1930	 0.0164
 2.3900	 1.1747	 0.0171
 2.3950	 1.1961	 0.0172
 2.4000	 1.2188	 0.0186
 2.4050	 1.1953	 0.0189
 2.4450	 1.2064	 0.0197
 2.4500	 1.1995	 0.0212
 	 	 
