 0.8020	 0.8702	 0.0000
 0.8047	 0.8855	 0.0000
 0.8076	 0.8574	 0.0000
 0.8104	 0.8594	 0.0000
 0.8133	 0.8574	 0.0000
 0.8163	 0.8574	 0.0000
 0.8192	 0.8574	 0.0000
 0.8222	 0.8410	 0.0000
 0.8252	 0.9211	 0.0000
 0.8283	 0.8212	 0.0000
 0.8314	 0.8020	 0.0000
 0.8345	 0.8594	 0.0000
 0.8376	 0.7650	 0.0000
 0.8408	 0.8236	 0.0000
 0.8440	 0.8215	 0.0000
 0.8473	 0.8212	 0.0000
 0.8506	 0.8215	 0.0000
 0.8539	 0.7610	 0.0000
 0.8573	 0.8199	 0.0000
 0.8607	 0.7623	 0.0000
 0.8642	 0.7737	 0.0000
 0.8677	 0.8199	 0.0000
 0.8712	 0.8458	 0.0000
 0.8748	 0.7587	 0.0000
 0.8784	 0.8222	 0.0000
 0.8820	 0.8441	 0.0000
 0.8857	 0.7742	 0.0000
 0.8895	 0.7334	 0.0000
 0.8932	 0.7152	 0.0000
 0.8971	 0.7737	 0.0000
 0.9009	 0.8557	 0.0000
 0.9049	 0.7420	 0.0000
 0.9088	 0.7780	 0.0000
 0.9128	 0.7821	 0.0000
 0.9169	 0.7742	 0.0000
 0.9210	 0.8091	 0.0000
 0.9252	 0.8196	 0.0000
 0.9294	 0.7824	 0.0000
 0.9336	 0.7743	 0.0000
 0.9379	 0.8226	 0.0000
 0.9423	 0.7824	 0.0000
 0.9467	 0.7230	 0.0000
 0.9512	 0.7914	 0.0000
 0.9557	 0.7914	 0.0000
 0.9603	 0.8102	 0.0000
 0.9649	 0.7610	 0.0000
 0.9696	 0.8074	 0.0000
 0.9743	 0.8259	 0.0000
 0.9791	 0.7879	 0.0000
 0.9840	 0.8576	 0.0000
 0.9889	 0.8378	 0.0000
 0.9939	 0.7752	 0.0000
 0.9989	 0.8602	 0.0000
 1.0040	 0.8458	 0.0000
 1.0092	 0.8224	 0.0000
 1.0144	 0.7456	 0.0000
 1.0197	 0.8480	 0.0000
 1.0251	 0.8299	 0.0000
 1.0305	 0.8208	 0.0000
 1.0360	 0.7882	 0.0000
 1.0416	 0.7921	 0.0000
 1.0472	 0.8852	 0.0000
 1.0529	 0.8394	 0.0000
 1.0587	 0.9074	 0.0000
 1.0645	 0.8147	 0.0000
 1.0704	 0.8254	 0.0000
 1.0764	 0.9036	 0.0000
 1.0825	 0.8791	 0.0000
 1.0886	 0.8203	 0.0000
 1.0948	 0.8735	 0.0000
 1.1011	 0.8452	 0.0000
 1.1074	 0.8477	 0.0000
 1.1138	 0.9023	 0.0000
 1.1203	 0.9511	 0.0000
 1.1269	 0.8979	 0.0000
 1.1336	 0.9471	 0.0000
 1.1403	 0.8979	 0.0000
 1.1471	 0.9057	 0.0000
 1.1540	 0.8809	 0.0000
 1.1609	 0.9073	 0.0000
 1.1680	 0.8473	 0.0000
 1.1751	 0.9279	 0.0000
 1.1823	 0.9031	 0.0000
 1.1896	 0.9250	 0.0000
 1.1969	 0.9920	 0.0000
 1.2043	 0.9352	 0.0000
 1.2119	 0.9778	 0.0000
 1.2194	 0.9375	 0.0000
 1.2271	 0.9877	 0.0000
 1.2349	 0.9805	 0.0000
 1.2427	 1.0128	 0.0000
 1.2506	 1.0108	 0.0000
 1.2585	 1.0000	 0.0000
 1.2666	 0.9461	 0.0000
 1.2747	 1.0242	 0.0000
 1.2829	 1.0199	 0.0000
 1.2912	 1.0294	 0.0000
 1.2996	 1.0208	 0.0000
 1.3080	 1.0468	 0.0000
 1.3165	 1.0999	 0.0000
 1.3251	 1.0584	 0.0000
 1.3337	 1.0984	 0.0000
 1.3424	 1.0468	 0.0000
 1.3512	 1.0584	 0.0000
 1.3601	 1.0715	 0.0000
 1.3690	 1.0715	 0.0000
 1.3780	 1.0715	 0.0000
 1.3870	 1.0265	 0.0000
 1.3962	 1.1612	 0.0000
 1.4053	 1.0429	 0.0000
 1.4146	 0.9913	 0.0000
 1.4239	 1.0988	 0.0000
 1.4332	 1.0881	 0.0000
 1.4426	 1.0715	 0.0000
 1.4521	 0.9899	 0.0000
 1.4616	 1.0938	 0.0000
 1.4712	 1.1365	 0.0000
 1.4808	 1.1536	 0.0000
 1.4905	 1.0792	 0.0000
 1.5002	 1.1185	 0.0000
 1.5099	 1.0907	 0.0000
 1.5197	 1.0938	 0.0000
 1.5296	 1.1876	 0.0000
 1.5395	 1.1872	 0.0000
 1.5494	 1.1763	 0.0000
 1.5594	 1.1392	 0.0000
 1.5693	 1.1536	 0.0000
 1.5794	 1.1454	 0.0000
 1.5894	 1.1588	 0.0000
 1.5995	 1.2079	 0.0000
 1.6097	 1.1833	 0.0000
 1.6198	 1.1565	 0.0000
 1.6299	 1.0850	 0.0000
 1.6401	 1.1695	 0.0000
 1.6503	 1.1937	 0.0000
 1.6606	 1.1447	 0.0000
 1.6708	 1.2447	 0.0000
 1.6811	 1.1624	 0.0000
 1.6913	 1.1192	 0.0000
 1.7016	 1.1159	 0.0000
 1.7119	 1.1118	 0.0000
 1.7223	 1.2148	 0.0000
 1.7326	 1.1714	 0.0000
 1.7429	 1.2011	 0.0000
 1.7532	 1.1405	 0.0000
 1.7635	 1.2169	 0.0000
 1.7738	 1.2493	 0.0000
 1.7842	 1.2310	 0.0000
 1.7945	 1.3066	 0.0000
 1.8049	 1.2169	 0.0000
 1.8152	 1.2169	 0.0000
 1.8255	 1.2257	 0.0000
 1.8358	 1.2257	 0.0000
 1.8462	 1.2257	 0.0000
 1.8565	 1.1685	 0.0000
 1.8668	 1.2292	 0.0000
 1.8771	 1.2741	 0.0000
 1.8874	 1.2257	 0.0000
 1.8977	 1.1825	 0.0000
 1.9079	 1.1286	 0.0000
 1.9182	 1.2257	 0.0000
 1.9284	 1.1244	 0.0000
 1.9386	 1.1685	 0.0000
 1.9488	 1.2292	 0.0000
 1.9590	 1.1286	 0.0000
 1.9692	 1.0783	 0.0000
 1.9794	 1.1286	 0.0000
 1.9895	 1.1825	 0.0000
 1.9996	 1.1286	 0.0000
 2.0097	 1.2453	 0.0000
 2.0198	 1.2247	 0.0000
 2.0299	 1.2239	 0.0000
 2.0399	 1.2247	 0.0000
 2.0499	 1.2239	 0.0000
 2.0599	 1.2247	 0.0000
 2.0699	 1.2713	 0.0000
 2.0799	 1.2347	 0.0000
 2.0898	 1.2351	 0.0000
 2.0997	 1.1379	 0.0000
 2.1096	 1.2351	 0.0000