 0.8200	 0.9835	 0.0136
 0.8250	 0.9637	 0.0137
 0.8300	 0.9825	 0.0138
 0.8350	 0.9540	 0.0130
 0.8400	 0.9574	 0.0137
 0.8450	 0.9664	 0.0140
 0.8500	 0.9536	 0.0139
 0.8550	 0.9245	 0.0133
 0.8600	 0.9249	 0.0128
 0.8650	 0.9374	 0.0146
 0.8700	 0.9123	 0.0133
 0.8750	 0.8965	 0.0138
 0.8800	 0.9126	 0.0140
 0.8850	 0.8978	 0.0122
 0.8900	 0.8918	 0.0116
 0.8950	 0.8887	 0.0119
 0.9000	 0.8895	 0.0109
 0.9050	 0.8927	 0.0104
 0.9100	 0.8865	 0.0107
 0.9150	 0.8865	 0.0107
 0.9200	 0.8767	 0.0111
 0.9250	 0.8684	 0.0106
 0.9300	 0.8724	 0.0113
 0.9350	 0.8804	 0.0122
 0.9400	 0.8649	 0.0126
 0.9450	 0.8816	 0.0138
 0.9500	 0.8728	 0.0111
 0.9550	 0.8646	 0.0103
 0.9600	 0.8595	 0.0101
 0.9650	 0.8597	 0.0112
 0.9700	 0.8508	 0.0109
 0.9750	 0.8651	 0.0107
 0.9800	 0.8718	 0.0098
 0.9850	 0.8670	 0.0101
 0.9900	 0.8630	 0.0097
 0.9950	 0.8628	 0.0096
 1.0000	 0.8603	 0.0105
 1.0050	 0.8495	 0.0092
 1.0100	 0.8677	 0.0096
 1.0150	 0.8804	 0.0115
 1.0200	 0.8635	 0.0097
 1.0250	 0.8670	 0.0102
 1.0300	 0.8568	 0.0095
 1.0350	 0.8626	 0.0097
 1.0400	 0.8798	 0.0091
 1.0450	 0.8737	 0.0098
 1.0500	 0.8668	 0.0097
 1.0550	 0.8688	 0.0096
 1.0600	 0.8768	 0.0093
 1.0650	 0.8834	 0.0090
 1.0700	 0.8814	 0.0094
 1.0750	 0.8793	 0.0101
 1.0800	 0.8961	 0.0098
 1.0850	 0.9049	 0.0096
 1.0900	 0.8948	 0.0098
 1.0950	 0.8879	 0.0102
 1.1000	 0.9028	 0.0096
 1.1050	 0.9170	 0.0103
 1.1100	 0.9095	 0.0103
 1.1150	 0.9152	 0.0102
 1.1200	 0.9443	 0.0131
 1.1250	 0.9455	 0.0119
 1.1300	 0.9535	 0.0123
 1.1350	 0.9511	 0.0117
 1.1400	 0.9490	 0.0135
 1.1450	 0.9605	 0.0123
 1.1500	 0.9539	 0.0130
 1.1550	 0.9571	 0.0135
 1.1600	 0.9663	 0.0120
 1.1650	 0.9695	 0.0124
 1.1700	 0.9767	 0.0114
 1.1750	 0.9926	 0.0118
 1.1800	 0.9930	 0.0114
 1.1850	 0.9877	 0.0120
 1.1900	 0.9950	 0.0104
 1.1950	 1.0164	 0.0117
 1.2000	 1.0203	 0.0115
 1.2050	 1.0349	 0.0120
 1.2100	 1.0282	 0.0121
 1.2150	 1.0279	 0.0109
 1.2200	 1.0398	 0.0124
 1.2250	 1.0373	 0.0117
 1.2300	 1.0343	 0.0114
 1.2350	 1.0281	 0.0115
 1.2400	 1.0323	 0.0111
 1.2450	 1.0312	 0.0112
 1.2500	 1.0283	 0.0111
 1.2550	 1.0154	 0.0113
 1.2600	 1.0174	 0.0117
 1.2650	 1.0253	 0.0121
 1.2700	 1.0389	 0.0112
 1.2750	 1.0355	 0.0110
 1.2850	 1.0638	 0.0116
 1.2900	 1.0454	 0.0115
 1.2950	 1.0377	 0.0128
 1.3000	 1.0415	 0.0119
 1.3050	 1.0411	 0.0118
 1.3100	 1.0480	 0.0120
 1.3150	 1.0357	 0.0119
 1.3200	 1.0425	 0.0120
 1.3250	 1.0511	 0.0137
 1.3300	 1.0572	 0.0140
 1.3350	 1.0486	 0.0133
 1.3400	 1.0526	 0.0157
 1.3450	 1.0620	 0.0173
 1.3500	 1.0975	 0.0297
 1.3550	 1.0675	 0.0259
 1.3600	 1.0771	 0.0332
 1.3650	 1.1024	 0.0373
 1.3700	 1.1077	 0.0332
 1.3750	 1.1291	 0.0367
 1.3800	 1.1164	 0.0351
 1.3850	 1.1412	 0.0301
 1.3900	 1.1095	 0.0339
 1.3950	 1.0929	 0.0261
 1.4000	 1.0858	 0.0278
 1.4050	 1.1243	 0.0252
 1.4100	 1.1171	 0.0233
 1.4150	 1.1093	 0.0230
 1.4200	 1.1357	 0.0174
 1.4250	 1.1468	 0.0198
 1.4300	 1.1386	 0.0179
 1.4350	 1.1645	 0.0173
 1.4400	 1.1673	 0.0167
 1.4450	 1.1630	 0.0169
 1.4500	 1.1453	 0.0158
 1.4550	 1.1472	 0.0160
 1.4600	 1.1580	 0.0158
 1.4650	 1.1625	 0.0155
 1.4700	 1.1668	 0.0151
 1.4750	 1.1886	 0.0150
 1.4800	 1.1863	 0.0152
 1.4850	 1.1625	 0.0147
 1.4900	 1.2149	 0.0156
 1.4950	 1.2021	 0.0142
 1.5000	 1.1850	 0.0143
 1.5050	 1.2027	 0.0137
 1.5100	 1.2518	 0.0149
 1.5150	 1.2186	 0.0150
 1.5200	 1.2127	 0.0138
 1.5250	 1.2005	 0.0140
 1.5300	 1.1841	 0.0140
 1.5350	 1.1845	 0.0137
 1.5400	 1.2155	 0.0145
 1.5450	 1.1883	 0.0139
 1.5500	 1.1670	 0.0135
 1.5550	 1.2203	 0.0136
 1.5600	 1.2463	 0.0158
 1.5650	 1.2143	 0.0144
 1.5700	 1.2134	 0.0142
 1.5750	 1.2036	 0.0135
 1.5800	 1.2072	 0.0139
 1.5850	 1.2032	 0.0143
 1.5900	 1.1693	 0.0158
 1.5950	 1.2003	 0.0141
 1.6000	 1.2348	 0.0169
 1.6050	 1.2113	 0.0147
 1.6100	 1.1991	 0.0141
 1.6150	 1.1837	 0.0143
 1.6200	 1.1733	 0.0151
 1.6250	 1.2140	 0.0149
 1.6300	 1.2360	 0.0156
 1.6350	 1.2168	 0.0152
 1.6400	 1.2122	 0.0160
 1.6450	 1.2105	 0.0144
 1.6500	 1.2073	 0.0148
 1.6550	 1.2217	 0.0144
 1.6600	 1.2059	 0.0150
 1.6650	 1.1724	 0.0146
 1.6700	 1.1896	 0.0150
 1.6750	 1.1813	 0.0162
 1.6800	 1.2059	 0.0164
 1.6850	 1.1923	 0.0150
 1.6900	 1.1775	 0.0147
 1.6950	 1.1647	 0.0163
 1.7000	 1.1930	 0.0173
 1.7050	 1.1734	 0.0160
 1.7100	 1.1964	 0.0184
 1.7150	 1.1638	 0.0151
 1.7200	 1.1863	 0.0161
 1.7250	 1.1796	 0.0171
 1.7300	 1.1910	 0.0172
 1.7350	 1.2145	 0.0173
 1.7400	 1.1852	 0.0179
 1.7450	 1.2175	 0.0169
 1.7500	 1.2303	 0.0164
 1.7550	 1.2106	 0.0176
 1.7600	 1.1760	 0.0161
 1.7650	 1.1858	 0.0179
 1.7700	 1.1840	 0.0164
 1.7750	 1.1779	 0.0173
 1.7800	 1.2037	 0.0188
 1.7850	 1.1989	 0.0184
 1.7900	 1.1819	 0.0179
 1.7950	 1.2137	 0.0204
 1.8000	 1.1462	 0.0198
 1.8050	 1.1945	 0.0238
 1.8100	 1.1709	 0.0254
 1.8150	 1.1172	 0.0227
 1.8200	 1.1330	 0.0297
 1.8250	 1.1663	 0.0297
 1.8300	 1.1747	 0.0401
 1.8350	 1.1812	 0.0494
 1.8400	 1.2391	 0.0588
 1.8450	 1.2299	 0.0678
 1.8500	 1.1893	 0.0766
 1.8550	 1.1177	 0.0586
 1.8600	 1.0905	 0.0708
 1.8700	 1.1928	 0.0582
 1.8750	 1.1556	 0.0744
 1.8800	 1.1060	 0.0694
 1.8950	 1.1645	 0.0370
 1.9000	 1.2117	 0.0562
 1.9050	 1.1175	 0.0513
 1.9100	 1.1102	 0.0574
 1.9150	 1.1260	 0.0531
 1.9200	 1.0973	 0.0479
 1.9250	 1.0982	 0.0391
 1.9300	 1.0941	 0.0418
 1.9350	 1.1116	 0.0372
 1.9400	 1.1184	 0.0321
 1.9450	 1.1224	 0.0306
 1.9500	 1.1289	 0.0293
 1.9550	 1.1411	 0.0311
 1.9600	 1.1021	 0.0266
 1.9650	 1.0889	 0.0288
 1.9700	 1.0725	 0.0265
 1.9750	 1.0846	 0.0256
 1.9800	 1.0910	 0.0220
 1.9850	 1.1117	 0.0220
 1.9900	 1.1077	 0.0214
 1.9950	 1.1121	 0.0211
 2.0000	 1.1513	 0.0246
 2.0050	 1.1122	 0.0285
 2.0100	 1.1302	 0.0325
 2.0150	 1.0714	 0.0306
 2.0200	 1.0686	 0.0255
 2.0250	 1.0665	 0.0274
 2.0300	 1.0835	 0.0240
 2.0350	 1.1072	 0.0223
 2.0400	 1.1048	 0.0220
 2.0450	 1.1066	 0.0227
 2.0500	 1.0965	 0.0218
 2.0550	 1.0583	 0.0262
 2.0600	 1.1035	 0.0253
 2.0650	 1.1279	 0.0244
 2.0700	 1.1106	 0.0242
 2.0750	 1.1225	 0.0236
 2.0800	 1.1329	 0.0223
 2.0850	 1.1541	 0.0237
 2.0900	 1.1327	 0.0218
 2.0950	 1.1069	 0.0248
 2.1000	 1.1341	 0.0209
 2.1050	 1.1735	 0.0241
 2.1100	 1.1442	 0.0237
 2.1150	 1.1532	 0.0267
 2.1200	 1.1699	 0.0236
 2.1250	 1.1630	 0.0227
 2.1300	 1.1540	 0.0247
 2.1350	 1.1328	 0.0258
 2.1400	 1.1355	 0.0227
 2.1450	 1.1382	 0.0244
 2.1500	 1.1550	 0.0231
 2.1550	 1.1993	 0.0249
 2.1600	 1.2258	 0.0251
 2.1650	 1.2086	 0.0244
 2.1700	 1.1816	 0.0254
 2.1750	 1.1728	 0.0262
 2.1800	 1.2199	 0.0292
 2.1850	 1.1883	 0.0288
 2.1900	 1.2208	 0.0276
 2.1950	 1.2271	 0.0270
 2.2000	 1.2205	 0.0280
 2.2050	 1.1778	 0.0261
 2.2100	 1.1811	 0.0280
 2.2150	 1.1948	 0.0280
 2.2200	 1.1744	 0.0282
 2.2300	 1.2074	 0.0279
 2.2350	 1.1778	 0.0265
 2.2400	 1.1628	 0.0286
 2.2450	 1.1817	 0.0304
 2.2500	 1.2130	 0.0305
 2.2550	 1.1888	 0.0288
 2.2600	 1.1610	 0.0298
 2.2650	 1.1802	 0.0303
 2.2750	 1.1584	 0.0292
 2.2800	 1.1605	 0.0309
 2.2950	 1.1642	 0.0340
 2.3000	 1.1984	 0.0308
 2.3050	 1.2011	 0.0313
 2.3100	 1.1614	 0.0306
 2.3200	 1.1761	 0.0334
 2.4500	 1.2201	 0.1000
