 0.8000	 0.9715	 0.0254
 0.8050	 0.9554	 0.0222
 0.8100	 0.9471	 0.0222
 0.8150	 0.9203	 0.0197
 0.8200	 0.9623	 0.0181
 0.8250	 0.9517	 0.0175
 0.8300	 0.9408	 0.0174
 0.8350	 0.9481	 0.0182
 0.8400	 0.9410	 0.0181
 0.8450	 0.9260	 0.0182
 0.8500	 0.9044	 0.0168
 0.8550	 0.9034	 0.0179
 0.8600	 0.9230	 0.0179
 0.8650	 0.9262	 0.0187
 0.8700	 0.8825	 0.0189
 0.8750	 0.8675	 0.0186
 0.8800	 0.8811	 0.0165
 0.8850	 0.8947	 0.0161
 0.8900	 0.8984	 0.0182
 0.8950	 0.8845	 0.0158
 0.9000	 0.8772	 0.0163
 0.9050	 0.8915	 0.0153
 0.9100	 0.8850	 0.0149
 0.9150	 0.8778	 0.0143
 0.9200	 0.8715	 0.0132
 0.9250	 0.8684	 0.0131
 0.9300	 0.8785	 0.0147
 0.9350	 0.8853	 0.0144
 0.9400	 0.8777	 0.0143
 0.9450	 0.8633	 0.0137
 0.9500	 0.8611	 0.0128
 0.9550	 0.8712	 0.0131
 0.9600	 0.8876	 0.0134
 0.9650	 0.8954	 0.0133
 0.9700	 0.8833	 0.0125
 0.9750	 0.8887	 0.0133
 0.9800	 0.8777	 0.0131
 0.9850	 0.8659	 0.0127
 0.9900	 0.8710	 0.0119
 0.9950	 0.8803	 0.0123
 1.0000	 0.9071	 0.0134
 1.0050	 0.8829	 0.0131
 1.0100	 0.8930	 0.0137
 1.0150	 0.8904	 0.0136
 1.0200	 0.8919	 0.0129
 1.0250	 0.9227	 0.0130
 1.0300	 0.9128	 0.0127
 1.0350	 0.8891	 0.0134
 1.0400	 0.8845	 0.0126
 1.0450	 0.8803	 0.0126
 1.0500	 0.8761	 0.0126
 1.0550	 0.8755	 0.0127
 1.0600	 0.8971	 0.0118
 1.0650	 0.9008	 0.0121
 1.0700	 0.9064	 0.0119
 1.0750	 0.8910	 0.0118
 1.0800	 0.8850	 0.0150
 1.0850	 0.9110	 0.0130
 1.0900	 0.9205	 0.0123
 1.0950	 0.9317	 0.0132
 1.1000	 0.9135	 0.0125
 1.1050	 0.9203	 0.0118
 1.1100	 0.9341	 0.0123
 1.1150	 0.9396	 0.0126
 1.1200	 0.9399	 0.0132
 1.1250	 0.9498	 0.0141
 1.1300	 0.9710	 0.0141
 1.1350	 0.9734	 0.0152
 1.1400	 0.9633	 0.0145
 1.1450	 0.9730	 0.0141
 1.1500	 0.9666	 0.0154
 1.1550	 0.9796	 0.0143
 1.1600	 1.0059	 0.0144
 1.1650	 1.0026	 0.0138
 1.1700	 1.0123	 0.0136
 1.1750	 1.0040	 0.0143
 1.1800	 1.0060	 0.0144
 1.1850	 0.9921	 0.0145
 1.1900	 1.0017	 0.0144
 1.1950	 1.0022	 0.0150
 1.2000	 0.9857	 0.0165
 1.2050	 1.0072	 0.0150
 1.2100	 1.0381	 0.0155
 1.2150	 1.0141	 0.0147
 1.2200	 1.0428	 0.0154
 1.2250	 1.0292	 0.0158
 1.2300	 1.0080	 0.0151
 1.2350	 1.0233	 0.0146
 1.2400	 1.0257	 0.0154
 1.2450	 1.0134	 0.0138
 1.2500	 1.0430	 0.0148
 1.2550	 1.0523	 0.0156
 1.2600	 1.0481	 0.0143
 1.2700	 1.0446	 0.0146
 1.2750	 1.0541	 0.0149
 1.2800	 1.0576	 0.0147
 1.2850	 1.0233	 0.0145
 1.2900	 1.0054	 0.0144
 1.2950	 1.0140	 0.0133
 1.3000	 1.0106	 0.0139
 1.3050	 1.0347	 0.0146
 1.3100	 1.0779	 0.0151
 1.3150	 1.0778	 0.0151
 1.3200	 1.0717	 0.0154
 1.3250	 1.0555	 0.0155
 1.3300	 1.0651	 0.0156
 1.3350	 1.0831	 0.0157
 1.3400	 1.0904	 0.0182
 1.3450	 1.0725	 0.0183
 1.3500	 1.0568	 0.0202
 1.3550	 1.0753	 0.0232
 1.3600	 1.0662	 0.0244
 1.3650	 1.1062	 0.0252
 1.3700	 1.1066	 0.0266
 1.3750	 1.1326	 0.0262
 1.3800	 1.1290	 0.0224
 1.3850	 1.1091	 0.0238
 1.3900	 1.1377	 0.0260
 1.3950	 1.1044	 0.0238
 1.4000	 1.1012	 0.0214
 1.4050	 1.1736	 0.0242
 1.4200	 1.1406	 0.0191
 1.4250	 1.1269	 0.0211
 1.4300	 1.1342	 0.0182
 1.4350	 1.1590	 0.0206
 1.4400	 1.1825	 0.0174
 1.4450	 1.1966	 0.0174
 1.4500	 1.1998	 0.0169
 1.4550	 1.1914	 0.0168
 1.4600	 1.1996	 0.0165
 1.4650	 1.2163	 0.0170
 1.4700	 1.2102	 0.0180
 1.4750	 1.2055	 0.0185
 1.4800	 1.2127	 0.0162
 1.4850	 1.2310	 0.0172
 1.4900	 1.2125	 0.0174
 1.4950	 1.1994	 0.0169
 1.5000	 1.2036	 0.0168
 1.5050	 1.2015	 0.0164
 1.5150	 1.1871	 0.0173
 1.5200	 1.2130	 0.0171
 1.5250	 1.2243	 0.0174
 1.5300	 1.2012	 0.0177
 1.5350	 1.2087	 0.0175
 1.5400	 1.2460	 0.0178
 1.5450	 1.2080	 0.0190
 1.5500	 1.1947	 0.0180
 1.5550	 1.2019	 0.0195
 1.5600	 1.2198	 0.0177
 1.5650	 1.2029	 0.0192
 1.5700	 1.2100	 0.0188
 1.5750	 1.2591	 0.0191
 1.5800	 1.2243	 0.0177
 1.5850	 1.2041	 0.0175
 1.5900	 1.2265	 0.0181
 1.5950	 1.2347	 0.0191
 1.6000	 1.2036	 0.0195
 1.6050	 1.2237	 0.0186
 1.6100	 1.2097	 0.0172
 1.6150	 1.2159	 0.0176
 1.6200	 1.2381	 0.0184
 1.6250	 1.1949	 0.0163
 1.6300	 1.2011	 0.0162
 1.6350	 1.2049	 0.0174
 1.6400	 1.2079	 0.0172
 1.6450	 1.1900	 0.0173
 1.6500	 1.2155	 0.0176
 1.6550	 1.2427	 0.0185
 1.6600	 1.2207	 0.0180
 1.6650	 1.2477	 0.0196
 1.6700	 1.1692	 0.0176
 1.6750	 1.1711	 0.0172
 1.6800	 1.2221	 0.0185
 1.6850	 1.2297	 0.0184
 1.6900	 1.2453	 0.0191
 1.6950	 1.2411	 0.0193
 1.7000	 1.2309	 0.0225
 1.7050	 1.1915	 0.0204
 1.7100	 1.2016	 0.0186
 1.7150	 1.2426	 0.0193
 1.7200	 1.2388	 0.0209
 1.7250	 1.1891	 0.0205
 1.7300	 1.1608	 0.0223
 1.7350	 1.1648	 0.0210
 1.7400	 1.1577	 0.0216
 1.7450	 1.2100	 0.0213
 1.7500	 1.1536	 0.0204
 1.7550	 1.1534	 0.0208
 1.7600	 1.1798	 0.0210
 1.7650	 1.1651	 0.0190
 1.7700	 1.1821	 0.0200
 1.7750	 1.1990	 0.0208
 1.7800	 1.1634	 0.0199
 1.7850	 1.1289	 0.0199
 1.7900	 1.1458	 0.0210
 1.7950	 1.1530	 0.0204
 1.8000	 1.1743	 0.0202
 1.8050	 1.1278	 0.0219
 1.8100	 1.1710	 0.0236
 1.8150	 1.1397	 0.0242
 1.8200	 1.1258	 0.0244
 1.8250	 1.2292	 0.0298
 1.8300	 1.2105	 0.0294
 1.8350	 1.2033	 0.0330
 1.8400	 1.2149	 0.0333
 1.8450	 1.2107	 0.0370
 1.8550	 1.1626	 0.0344
 1.8600	 1.2120	 0.0354
 1.8700	 1.1506	 0.0406
 1.9150	 1.1415	 0.0319
 1.9200	 1.1318	 0.0329
 1.9250	 1.1335	 0.0376
 1.9400	 1.1609	 0.0302
 1.9450	 1.1835	 0.0312
 1.9500	 1.1783	 0.0314
 1.9550	 1.1352	 0.0318
 1.9600	 1.1632	 0.0343
 1.9650	 1.1510	 0.0356
 1.9700	 1.1700	 0.0296
 1.9750	 1.1644	 0.0278
 1.9800	 1.1340	 0.0295
 1.9850	 1.1541	 0.0257
 1.9900	 1.1531	 0.0249
 1.9950	 1.1434	 0.0259
 2.0000	 1.1380	 0.0301
 2.0050	 1.1339	 0.0375
 2.0100	 1.1542	 0.0402
 2.0150	 1.1609	 0.0373
 2.0200	 1.2114	 0.0373
 2.0300	 1.1850	 0.0316
 2.0350	 1.1728	 0.0261
 2.0450	 1.1772	 0.0264
 2.0500	 1.1542	 0.0270
 2.0550	 1.1279	 0.0310
 2.0600	 1.2033	 0.0313
 2.0650	 1.1966	 0.0317
 2.0700	 1.1557	 0.0287
 2.0750	 1.1624	 0.0295
 2.0800	 1.1290	 0.0266
 2.0850	 1.1566	 0.0282
 2.0900	 1.2218	 0.0305
 2.0950	 1.1759	 0.0271
 2.1000	 1.1860	 0.0280
 2.1050	 1.1618	 0.0271
 2.1100	 1.1346	 0.0284
 2.1150	 1.2084	 0.0282
 2.1200	 1.2247	 0.0299
 2.1250	 1.2469	 0.0302
 2.1300	 1.2227	 0.0294
 2.1350	 1.2440	 0.0316
 2.1400	 1.2046	 0.0283
 2.1450	 1.2291	 0.0299
 2.1500	 1.2290	 0.0303
 2.1600	 1.1543	 0.0304
 2.1650	 1.1799	 0.0284
 2.1700	 1.2260	 0.0366
 2.1750	 1.2042	 0.0319
 2.1800	 1.1907	 0.0295
 2.1850	 1.2111	 0.0326
 2.1900	 1.2158	 0.0317
 2.1950	 1.2379	 0.0322
 2.2000	 1.2013	 0.0328
 2.2050	 1.2312	 0.0334
 2.2100	 1.2086	 0.0313
 2.2150	 1.2503	 0.0363
 2.2200	 1.2574	 0.0361
 2.2300	 1.2497	 0.0349
 2.2350	 1.2424	 0.0359
 2.2400	 1.2246	 0.0332
 2.2450	 1.2301	 0.0345
 2.2500	 1.2709	 0.0360
 2.2550	 1.2621	 0.0387
 2.2600	 1.1727	 0.0391
 2.2700	 1.1806	 0.0364
 2.2750	 1.2299	 0.0370
 2.2800	 1.1834	 0.0365
 2.2850	 1.1977	 0.0376
 2.2900	 1.2368	 0.0410
 2.2950	 1.2333	 0.0400
 2.3000	 1.1643	 0.0399
 2.3050	 1.2013	 0.0402
 2.3100	 1.2475	 0.0416
 2.3150	 1.2162	 0.0401
 2.3200	 1.2272	 0.0416
 2.3250	 1.1937	 0.0384
 2.3300	 1.1591	 0.0368
 2.3350	 1.2374	 0.0401
 2.3400	 1.2388	 0.0431
 2.3450	 1.2475	 0.0389
 2.3500	 1.2387	 0.0399
 2.3550	 1.1640	 0.0392
 2.3600	 1.1594	 0.0385
 2.3650	 1.1690	 0.0386
 2.3700	 1.2264	 0.0418
 2.3750	 1.2019	 0.0409
 2.3800	 1.1754	 0.0383
 2.3850	 1.2086	 0.0409
 2.3950	 1.2212	 0.0394
 2.4000	 1.1574	 0.0394
 2.4050	 1.1773	 0.0414
 2.4100	 1.2021	 0.0399
 2.4150	 1.2409	 0.0438
 2.4250	 1.2215	 0.0410
 2.4300	 1.2149	 0.0408
 2.4350	 1.1581	 0.0417
 2.4400	 1.1738	 0.0431
 2.4450	 1.2322	 0.0446
 2.4500	 1.2370	 0.1000
