 0.8200	 0.9367	 0.0186
 0.8250	 0.9169	 0.0177
 0.8300	 0.9031	 0.0176
 0.8350	 0.8936	 0.0200
 0.8400	 0.9134	 0.0190
 0.8450	 0.8891	 0.0168
 0.8500	 0.8680	 0.0181
 0.8550	 0.8592	 0.0171
 0.8600	 0.8488	 0.0173
 0.8650	 0.8397	 0.0180
 0.8700	 0.8544	 0.0184
 0.8750	 0.8383	 0.0160
 0.8800	 0.8443	 0.0174
 0.8850	 0.8340	 0.0158
 0.8900	 0.8460	 0.0149
 0.8950	 0.8564	 0.0150
 0.9000	 0.8479	 0.0146
 0.9050	 0.8460	 0.0156
 0.9100	 0.8392	 0.0136
 0.9150	 0.8365	 0.0144
 0.9200	 0.8499	 0.0139
 0.9250	 0.8377	 0.0145
 0.9300	 0.8341	 0.0141
 0.9350	 0.8217	 0.0158
 0.9400	 0.8239	 0.0136
 0.9450	 0.8325	 0.0161
 0.9500	 0.8358	 0.0139
 0.9550	 0.8504	 0.0134
 0.9600	 0.8540	 0.0127
 0.9650	 0.8563	 0.0132
 0.9700	 0.8613	 0.0126
 0.9750	 0.8427	 0.0139
 0.9800	 0.8229	 0.0128
 0.9850	 0.8345	 0.0147
 0.9900	 0.8462	 0.0122
 0.9950	 0.8500	 0.0134
 1.0000	 0.8607	 0.0119
 1.0050	 0.8542	 0.0133
 1.0100	 0.8427	 0.0118
 1.0150	 0.8622	 0.0121
 1.0200	 0.8568	 0.0136
 1.0250	 0.8504	 0.0127
 1.0300	 0.8664	 0.0122
 1.0350	 0.8701	 0.0114
 1.0400	 0.8665	 0.0115
 1.0450	 0.8537	 0.0110
 1.0500	 0.8688	 0.0112
 1.0550	 0.8542	 0.0128
 1.0600	 0.8535	 0.0110
 1.0650	 0.8742	 0.0117
 1.0700	 0.8865	 0.0113
 1.0750	 0.8893	 0.0117
 1.0800	 0.8858	 0.0106
 1.0850	 0.8850	 0.0111
 1.0900	 0.9089	 0.0122
 1.0950	 0.9053	 0.0116
 1.1000	 0.9147	 0.0122
 1.1050	 0.9207	 0.0116
 1.1100	 0.9045	 0.0111
 1.1150	 0.9228	 0.0110
 1.1200	 0.9237	 0.0116
 1.1250	 0.9287	 0.0123
 1.1300	 0.9527	 0.0122
 1.1350	 0.9580	 0.0121
 1.1400	 0.9353	 0.0134
 1.1450	 0.9312	 0.0129
 1.1500	 0.9417	 0.0120
 1.1550	 0.9604	 0.0119
 1.1600	 0.9777	 0.0120
 1.1650	 0.9659	 0.0117
 1.1700	 0.9683	 0.0114
 1.1750	 0.9634	 0.0109
 1.1800	 0.9740	 0.0104
 1.1850	 0.9834	 0.0111
 1.1900	 0.9915	 0.0107
 1.1950	 1.0021	 0.0101
 1.2000	 0.9966	 0.0115
 1.2050	 0.9903	 0.0117
 1.2100	 0.9969	 0.0104
 1.2150	 1.0057	 0.0109
 1.2200	 0.9949	 0.0113
 1.2250	 1.0110	 0.0124
 1.2300	 1.0148	 0.0109
 1.2350	 1.0046	 0.0115
 1.2400	 1.0098	 0.0105
 1.2450	 0.9979	 0.0110
 1.2500	 1.0101	 0.0116
 1.2550	 1.0218	 0.0107
 1.2600	 1.0355	 0.0128
 1.2650	 1.0356	 0.0128
 1.2700	 1.0247	 0.0118
 1.2750	 1.0307	 0.0160
 1.2800	 1.0221	 0.0144
 1.2850	 1.0062	 0.0116
 1.2900	 1.0486	 0.0119
 1.2950	 1.0346	 0.0109
 1.3000	 1.0430	 0.0119
 1.3050	 1.0370	 0.0109
 1.3100	 1.0367	 0.0113
 1.3150	 1.0202	 0.0113
 1.3200	 1.0282	 0.0108
 1.3250	 1.0367	 0.0115
 1.3300	 1.0424	 0.0115
 1.3350	 1.0564	 0.0114
 1.3400	 1.0613	 0.0128
 1.3450	 1.0646	 0.0123
 1.3500	 1.0648	 0.0130
 1.3550	 1.0712	 0.0145
 1.3600	 1.0807	 0.0171
 1.3650	 1.0730	 0.0190
 1.3700	 1.0786	 0.0199
 1.3750	 1.0928	 0.0198
 1.3800	 1.0922	 0.0198
 1.3850	 1.0994	 0.0197
 1.3900	 1.0884	 0.0225
 1.3950	 1.0835	 0.0200
 1.4000	 1.0892	 0.0173
 1.4050	 1.0974	 0.0163
 1.4100	 1.0834	 0.0173
 1.4150	 1.1145	 0.0173
 1.4200	 1.0873	 0.0159
 1.4250	 1.0984	 0.0149
 1.4300	 1.0884	 0.0145
 1.4350	 1.1163	 0.0136
 1.4400	 1.0935	 0.0151
 1.4450	 1.0863	 0.0162
 1.4500	 1.1177	 0.0135
 1.4550	 1.1302	 0.0159
 1.4600	 1.1249	 0.0154
 1.4700	 1.1175	 0.0149
 1.4750	 1.1212	 0.0154
 1.4900	 1.1217	 0.0147
 1.4950	 1.1046	 0.0141
 1.5000	 1.1075	 0.0133
 1.5050	 1.1479	 0.0158
 1.5100	 1.1222	 0.0144
 1.5150	 1.1526	 0.0148
 1.5200	 1.1353	 0.0153
 1.5250	 1.1381	 0.0136
 1.5300	 1.1227	 0.0167
 1.5350	 1.1291	 0.0147
 1.5400	 1.1382	 0.0141
 1.5450	 1.1538	 0.0152
 1.5500	 1.1508	 0.0163
 1.5550	 1.1442	 0.0162
 1.5600	 1.1384	 0.0146
 1.5650	 1.1421	 0.0144
 1.5700	 1.1378	 0.0149
 1.5750	 1.1667	 0.0145
 1.5800	 1.1348	 0.0149
 1.5850	 1.1573	 0.0145
 1.5900	 1.1586	 0.0149
 1.5950	 1.1607	 0.0166
 1.6000	 1.1654	 0.0156
 1.6050	 1.1477	 0.0149
 1.6100	 1.1513	 0.0153
 1.6150	 1.1573	 0.0167
 1.6200	 1.1232	 0.0156
 1.6250	 1.1239	 0.0186
 1.6300	 1.1299	 0.0161
 1.6400	 1.1269	 0.0163
 1.6450	 1.1489	 0.0158
 1.6500	 1.1378	 0.0163
 1.6550	 1.1249	 0.0167
 1.6600	 1.1293	 0.0150
 1.6650	 1.1269	 0.0153
 1.6700	 1.1208	 0.0166
 1.6750	 1.1096	 0.0162
 1.6800	 1.1056	 0.0161
 1.6850	 1.1149	 0.0159
 1.6900	 1.0790	 0.0158
 1.6950	 1.1165	 0.0152
 1.7000	 1.0964	 0.0168
 1.7050	 1.0673	 0.0172
 1.7100	 1.1011	 0.0163
 1.7150	 1.1236	 0.0168
 1.7200	 1.1132	 0.0162
 1.7250	 1.1370	 0.0176
 1.7300	 1.1163	 0.0176
 1.7350	 1.1249	 0.0176
 1.7400	 1.0870	 0.0175
 1.7450	 1.1078	 0.0183
 1.7500	 1.1132	 0.0170
 1.7550	 1.0980	 0.0196
 1.7600	 1.0437	 0.0219
 1.7650	 1.0705	 0.0176
 1.7700	 1.0385	 0.0174
 1.7750	 1.0426	 0.0179
 1.7800	 1.0675	 0.0182
 1.7850	 1.0610	 0.0188
 1.7900	 1.0420	 0.0203
 1.7950	 1.0829	 0.0196
 1.8000	 1.1032	 0.0200
 1.8050	 1.0657	 0.0217
 1.8100	 1.0740	 0.0220
 1.8150	 1.0899	 0.0226
 1.8200	 1.0953	 0.0241
 1.8250	 1.0687	 0.0261
 1.8300	 1.0481	 0.0283
 1.8350	 1.0538	 0.0294
 1.8400	 1.0700	 0.0317
 1.8450	 1.1062	 0.0362
 1.8500	 1.0174	 0.0385
 1.8550	 1.0800	 0.0316
 1.8600	 1.0716	 0.0348
 1.8650	 1.0263	 0.0352
 1.8700	 1.0473	 0.0386
 1.8750	 1.0400	 0.0415
 1.8800	 1.0881	 0.0378
 1.8850	 1.0367	 0.0375
 1.8900	 1.0976	 0.0325
 1.8950	 1.1021	 0.0355
 1.9000	 1.0542	 0.0325
 1.9050	 1.0273	 0.0408
 1.9100	 1.0518	 0.0392
 1.9150	 1.0835	 0.0341
 1.9200	 1.0856	 0.0374
 1.9250	 1.0436	 0.0391
 1.9300	 1.0642	 0.0294
 1.9350	 1.0414	 0.0302
 1.9400	 1.0609	 0.0288
 1.9450	 1.0580	 0.0300
 1.9500	 1.0331	 0.0267
 1.9550	 1.0631	 0.0299
 1.9600	 1.0343	 0.0311
 1.9650	 1.0781	 0.0340
 1.9700	 1.0327	 0.0248
 1.9750	 1.0077	 0.0250
 1.9800	 1.0421	 0.0258
 1.9850	 1.0784	 0.0233
 1.9900	 1.0378	 0.0238
 1.9950	 1.0148	 0.0283
 2.0000	 1.0249	 0.0302
 2.0050	 1.0377	 0.0381
 2.0100	 1.0111	 0.0435
 2.0150	 1.0867	 0.0314
 2.0200	 1.0367	 0.0419
 2.0250	 1.0869	 0.0312
 2.0300	 1.0402	 0.0285
 2.0350	 1.0374	 0.0277
 2.0400	 1.0595	 0.0302
 2.0450	 1.0380	 0.0280
 2.0500	 1.0907	 0.0257
 2.0550	 1.0397	 0.0321
 2.0600	 1.0100	 0.0296
 2.0650	 1.0269	 0.0299
 2.0700	 1.0815	 0.0293
 2.0750	 1.0770	 0.0270
 2.0800	 1.0638	 0.0247
 2.0850	 1.0695	 0.0257
 2.0900	 1.0693	 0.0248
 2.0950	 1.0600	 0.0252
 2.1000	 1.0323	 0.0250
 2.1050	 1.0337	 0.0254
 2.1100	 1.0324	 0.0261
 2.1150	 1.0594	 0.0279
 2.1200	 1.0686	 0.0258
 2.1250	 1.0900	 0.0298
 2.1300	 1.0183	 0.0262
 2.1350	 1.0170	 0.0305
 2.1400	 1.0560	 0.0304
 2.1450	 1.0600	 0.0296
 2.1500	 1.0812	 0.0270
 2.1550	 1.0664	 0.0300
 2.1600	 1.0179	 0.0322
 2.1650	 1.0441	 0.0291
 2.1700	 1.0559	 0.0296
 2.1750	 1.0376	 0.0307
 2.1800	 1.0887	 0.0277
 2.1850	 1.1156	 0.0334
 2.1900	 1.0740	 0.0301
 2.1950	 1.0097	 0.0374
 2.2000	 1.0584	 0.0348
 2.2050	 1.0364	 0.0277
 2.2100	 1.1083	 0.0343
 2.2150	 1.0977	 0.0368
 2.2200	 1.0387	 0.0318
 2.2250	 1.0203	 0.0301
 2.2300	 1.0825	 0.0310
 2.2350	 1.0817	 0.0331
 2.2400	 1.0578	 0.0306
 2.2450	 1.0741	 0.0297
 2.2500	 1.0603	 0.0395
 2.2550	 1.0956	 0.0436
 2.2600	 1.0221	 0.0401
 2.2650	 1.0529	 0.0390
 2.2700	 1.0850	 0.0401
 2.2750	 1.0487	 0.0350
 2.2800	 1.0765	 0.0329
 2.2850	 1.0761	 0.0348
 2.2900	 1.1012	 0.0371
 2.3000	 1.0487	 0.0419
 2.3100	 1.1098	 0.0355
 2.3150	 1.1281	 0.0366
 2.3200	 1.0895	 0.0398
 2.3250	 1.0777	 0.0392
 2.3300	 1.0695	 0.0388
 2.3350	 1.1185	 0.0400
 2.3400	 1.0448	 0.0398
 2.3450	 1.1083	 0.0444
 2.3550	 1.0745	 0.0411
 2.3650	 1.0909	 0.0473
 2.3700	 1.0938	 0.0372
 2.3800	 1.0827	 0.0457
 2.3850	 1.0509	 0.0413
 2.3950	 1.1220	 0.0409
 2.4000	 1.1033	 0.0429
 2.4050	 1.1167	 0.0414
 2.4150	 1.0721	 0.0429
 2.4250	 1.1279	 0.0553
 2.4300	 1.0570	 0.0530
 2.4350	 1.0383	 0.0453
 2.4400	 1.0947	 0.0454
 2.4500	 1.1052	 0.0482
 2.4550	 1.1085	 0.0466
 2.4600	 1.0792	 0.0504
 2.4700	 1.0383	 0.0465
 2.4750	 1.0871	 0.0474
 2.4800	 1.1053	 0.0514
 2.4850	 1.0636	 0.0519
 2.4900	 1.1191	 0.0553
