 0.8100	 0.9317	 0.0285
 0.8150	 0.9393	 0.0276
 0.8200	 0.9345	 0.0262
 0.8250	 0.9313	 0.0256
 0.8300	 0.9106	 0.0254
 0.8350	 0.9191	 0.0246
 0.8400	 0.8886	 0.0230
 0.8450	 0.9050	 0.0225
 0.8500	 0.8818	 0.0219
 0.8550	 0.8632	 0.0218
 0.8600	 0.8680	 0.0204
 0.8650	 0.8596	 0.0213
 0.8700	 0.8609	 0.0192
 0.8750	 0.8503	 0.0199
 0.8800	 0.8273	 0.0193
 0.8850	 0.8454	 0.0193
 0.8900	 0.8366	 0.0193
 0.8950	 0.8324	 0.0187
 0.9000	 0.7917	 0.0193
 0.9050	 0.8338	 0.0175
 0.9100	 0.8028	 0.0177
 0.9150	 0.7968	 0.0171
 0.9200	 0.8155	 0.0163
 0.9250	 0.8489	 0.0161
 0.9300	 0.8703	 0.0191
 0.9350	 0.8373	 0.0258
 0.9400	 0.8351	 0.0215
 0.9450	 0.7742	 0.0226
 0.9500	 0.8164	 0.0200
 0.9550	 0.8191	 0.0191
 0.9600	 0.8128	 0.0168
 0.9650	 0.8080	 0.0155
 0.9700	 0.8649	 0.0150
 0.9750	 0.8525	 0.0143
 0.9800	 0.8409	 0.0145
 0.9850	 0.8538	 0.0138
 0.9900	 0.8716	 0.0144
 0.9950	 0.8520	 0.0157
 1.0000	 0.8861	 0.0146
 1.0050	 0.8891	 0.0143
 1.0100	 0.8910	 0.0139
 1.0150	 0.8922	 0.0143
 1.0200	 0.9084	 0.0151
 1.0250	 0.8781	 0.0134
 1.0300	 0.9207	 0.0154
 1.0350	 0.8922	 0.0137
 1.0400	 0.9331	 0.0148
 1.0450	 0.9198	 0.0136
 1.0500	 0.9190	 0.0122
 1.0550	 0.9208	 0.0112
 1.0600	 0.9139	 0.0108
 1.0650	 0.9324	 0.0106
 1.0700	 0.9266	 0.0126
 1.0750	 0.9362	 0.0140
 1.0800	 0.9363	 0.0124
 1.0850	 0.9498	 0.0157
 1.0900	 0.9569	 0.0129
 1.0950	 0.9438	 0.0153
 1.1000	 0.9358	 0.0143
 1.1050	 0.9593	 0.0128
 1.1100	 0.9841	 0.0118
 1.1150	 0.9789	 0.0123
 1.1200	 0.9507	 0.0142
 1.1250	 0.9228	 0.0154
 1.1300	 1.0072	 0.0187
 1.1350	 0.9656	 0.0201
 1.1400	 0.9854	 0.0142
 1.1450	 0.9746	 0.0208
 1.1500	 0.9630	 0.0161
 1.1550	 0.9572	 0.0172
 1.1600	 0.9792	 0.0155
 1.1650	 0.9848	 0.0135
 1.1700	 0.9951	 0.0117
 1.1750	 0.9876	 0.0105
 1.1800	 0.9839	 0.0100
 1.1850	 0.9799	 0.0094
 1.1900	 0.9700	 0.0092
 1.1950	 1.0000	 0.0100
 1.2000	 1.0063	 0.0140
 1.2050	 0.9939	 0.0128
 1.2100	 1.0000	 0.0133
 1.2150	 1.0019	 0.0143
 1.2200	 1.0132	 0.0121
 1.2250	 0.9988	 0.0141
 1.2300	 0.9952	 0.0135
 1.2350	 1.0123	 0.0121
 1.2400	 1.0099	 0.0108
 1.2450	 0.9982	 0.0099
 1.2500	 1.0168	 0.0097
 1.2550	 1.0160	 0.0097
 1.2600	 1.0245	 0.0115
 1.2650	 1.0249	 0.0147
 1.2700	 1.0473	 0.0188
 1.2750	 1.0578	 0.0189
 1.2800	 1.0784	 0.0182
 1.2850	 1.0165	 0.0136
 1.2900	 1.0040	 0.0161
 1.2950	 1.0480	 0.0133
 1.3000	 1.0518	 0.0138
 1.3050	 1.0602	 0.0156
 1.3100	 1.0107	 0.0148
 1.3150	 1.0640	 0.0128
 1.3200	 1.0517	 0.0122
 1.3250	 1.0672	 0.0117
 1.3300	 1.0356	 0.0101
 1.3350	 1.0624	 0.0100
 1.3400	 1.0569	 0.0102
 1.3450	 1.0812	 0.0111
 1.3500	 1.0600	 0.0155
 1.3550	 1.0432	 0.0364
 1.3600	 1.0441	 0.1198
 1.3650	 1.0455	 0.2164
 1.3700	 1.0471	 0.1802
 1.3750	 1.0489	 0.0730
 1.3800	 1.0507	 0.0575
 1.3850	 1.0525	 0.1193
 1.3900	 1.0743	 0.0536
 1.3950	 1.0575	 0.0536
 1.4000	 1.0199	 0.0657
 1.4050	 1.0223	 0.0599
 1.4100	 1.1065	 0.0558
 1.4150	 1.0687	 0.0491
 1.4200	 1.0651	 0.0352
 1.4250	 1.0881	 0.0229
 1.4300	 1.0761	 0.0229
 1.4350	 1.1041	 0.0270
 1.4400	 1.0794	 0.0220
 1.4450	 1.0692	 0.0165
 1.4500	 1.1050	 0.0258
 1.4550	 1.1212	 0.0265
 1.4600	 1.0905	 0.0208
 1.4650	 1.1268	 0.0193
 1.4700	 1.1019	 0.0202
 1.4750	 1.1474	 0.0218
 1.4800	 1.0810	 0.0238
 1.4850	 1.1255	 0.0256
 1.4900	 1.0976	 0.0239
 1.4950	 1.1215	 0.0165
 1.5000	 1.1180	 0.0167
 1.5050	 1.1315	 0.0285
 1.5100	 1.1511	 0.0263
 1.5150	 1.1336	 0.0152
 1.5200	 1.1452	 0.0182
 1.5250	 1.1482	 0.0222
 1.5300	 1.1658	 0.0230
 1.5350	 1.1537	 0.0218
 1.5400	 1.1550	 0.0200
 1.5450	 1.1413	 0.0183
 1.5500	 1.1348	 0.0166
 1.5550	 1.1369	 0.0179
 1.5600	 1.1498	 0.0192
 1.5650	 1.1154	 0.0200
 1.5700	 1.1117	 0.0172
 1.5750	 1.1206	 0.0136
 1.5800	 1.1461	 0.0231
 1.5850	 1.1438	 0.0288
 1.5900	 1.1457	 0.0214
 1.5950	 1.1167	 0.0141
 1.6000	 1.1240	 0.0201
 1.6050	 1.1164	 0.0240
 1.6100	 1.1434	 0.0253
 1.6200	 1.1210	 0.0219
 1.6250	 1.1026	 0.0204
 1.6300	 1.0981	 0.0177
 1.6350	 1.1126	 0.0179
 1.6400	 1.1242	 0.0193
 1.6450	 1.1403	 0.0208
 1.6500	 1.1244	 0.0207
 1.6550	 1.0723	 0.0167
 1.6600	 1.0818	 0.0124
 1.6650	 1.1177	 0.0207
 1.6700	 1.1140	 0.0297
 1.6750	 1.0998	 0.0229
 1.6800	 1.0892	 0.0138
 1.6850	 1.1171	 0.0182
 1.6900	 1.0833	 0.0231
 1.6950	 1.0976	 0.0243
 1.7000	 1.0997	 0.0233
 1.7050	 1.1059	 0.0224
 1.7100	 1.1043	 0.0215
 1.7150	 1.0937	 0.0201
 1.7200	 1.0788	 0.0179
 1.7250	 1.0731	 0.0186
 1.7300	 1.0576	 0.0187
 1.7350	 1.0689	 0.0216
 1.7400	 1.0752	 0.0235
 1.7450	 1.0597	 0.0212
 1.7500	 1.0703	 0.0168
 1.7550	 1.0251	 0.0143
 1.7600	 1.0591	 0.0253
 1.7650	 1.0405	 0.0308
 1.7700	 1.0217	 0.0246
 1.7750	 1.0219	 0.0147
 1.9150	 1.1117	 0.1661
 1.9200	 1.1074	 0.1218
 1.9250	 1.1024	 0.1104
 1.9300	 1.0508	 0.1006
 1.9350	 1.0417	 0.0755
 1.9400	 1.0837	 0.0629
 1.9450	 1.0863	 0.0575
 1.9500	 1.0825	 0.0587
 1.9550	 1.0864	 0.0641
 1.9600	 1.0965	 0.0530
 1.9650	 1.0883	 0.0445
 1.9700	 1.0692	 0.0395
 1.9750	 1.0632	 0.0329
 1.9800	 1.0128	 0.0258
 1.9850	 1.0368	 0.0226
 1.9900	 1.0855	 0.0281
 1.9950	 1.0540	 0.0440
 2.0000	 1.0525	 0.0739
 2.0050	 1.0508	 0.0744
 2.0100	 1.0496	 0.0570
 2.0150	 1.0545	 0.0530
 2.0200	 1.0493	 0.0462
 2.0250	 1.0499	 0.0387
 2.0300	 1.0763	 0.0347
 2.0350	 1.0738	 0.0344
 2.0400	 1.0102	 0.0338
 2.0450	 1.0485	 0.0332
 2.0500	 1.0888	 0.0400
 2.0550	 1.0478	 0.0440
 2.0600	 1.0245	 0.0371
 2.0650	 1.0275	 0.0362
 2.0700	 1.0236	 0.0367
 2.0750	 1.0534	 0.0328
 2.0800	 1.0397	 0.0283
 2.0850	 1.0839	 0.0289
 2.0900	 1.0418	 0.0286
 2.0950	 1.0475	 0.0267
 2.1000	 1.0324	 0.0271
 2.1050	 1.0512	 0.0305
 2.1100	 1.0329	 0.0326
 2.1150	 1.0534	 0.0335
 2.1200	 1.0591	 0.0342
 2.1250	 1.0609	 0.0340
 2.1300	 1.0916	 0.0327
 2.1350	 1.0814	 0.0302
 2.1400	 1.0767	 0.0293
 2.1450	 1.1237	 0.0316
 2.1500	 1.1057	 0.0397
 2.1550	 1.1077	 0.0438
 2.1600	 1.0740	 0.0424
 2.1650	 1.0515	 0.0369
 2.1700	 1.1375	 0.0371
 2.1750	 1.1025	 0.0388
 2.1800	 1.1426	 0.0419
 2.1850	 1.1301	 0.0449
 2.1900	 1.0867	 0.0460
 2.1950	 1.0819	 0.0452
 2.2000	 1.0787	 0.0477
 2.2050	 1.1315	 0.0496
 2.2100	 1.1443	 0.0509
 2.2150	 1.1052	 0.0503
 2.2200	 1.0909	 0.0513
 2.2250	 1.1238	 0.0504
 2.2300	 1.0891	 0.0498
 2.2350	 1.1006	 0.0499
 2.2400	 1.1010	 0.0535
 2.2450	 1.0952	 0.0537
 2.2500	 1.0932	 0.0531
 2.2550	 1.0930	 0.0536
 2.2600	 1.0931	 0.0558
 2.2650	 1.0948	 0.0582
 2.2700	 1.0956	 0.0586
 2.2750	 1.0944	 0.0604
 2.2800	 1.0583	 0.0633
 2.2850	 1.0796	 0.0654
 2.2900	 1.0992	 0.0654
 2.2950	 1.1193	 0.0664
 2.3000	 1.0954	 0.0683
 2.3050	 1.1005	 0.0691
 2.3100	 1.1070	 0.0707
 2.3150	 1.1408	 0.0744
 2.3200	 1.1170	 0.0776
 2.3250	 1.1277	 0.0772
 2.3300	 1.0961	 0.0779
 2.3350	 1.0953	 0.0772
 2.3400	 1.1444	 0.0803
 2.4500	 1.1444	 0.0803
