 0.8200	 0.9087	 0.0103
 0.8250	 0.9014	 0.0098
 0.8300	 0.9248	 0.0098
 0.8350	 0.9075	 0.0094
 0.8400	 0.9223	 0.0089
 0.8450	 0.9177	 0.0088
 0.8500	 0.8839	 0.0086
 0.8550	 0.8719	 0.0085
 0.8600	 0.9018	 0.0079
 0.8650	 0.8969	 0.0084
 0.8700	 0.8597	 0.0079
 0.8750	 0.8765	 0.0074
 0.8800	 0.8805	 0.0076
 0.8850	 0.8813	 0.0076
 0.8900	 0.8536	 0.0073
 0.8950	 0.8777	 0.0073
 0.9000	 0.8453	 0.0074
 0.9050	 0.8684	 0.0069
 0.9100	 0.8565	 0.0068
 0.9150	 0.8593	 0.0066
 0.9200	 0.8560	 0.0063
 0.9250	 0.8640	 0.0062
 0.9300	 0.8559	 0.0067
 0.9350	 0.8636	 0.0095
 0.9400	 0.8501	 0.0081
 0.9450	 0.8491	 0.0080
 0.9500	 0.8555	 0.0076
 0.9550	 0.8637	 0.0070
 0.9600	 0.8635	 0.0064
 0.9650	 0.8651	 0.0058
 0.9700	 0.8734	 0.0055
 0.9750	 0.8613	 0.0055
 0.9800	 0.8579	 0.0053
 0.9850	 0.8731	 0.0050
 0.9900	 0.8818	 0.0052
 0.9950	 0.8578	 0.0055
 1.0000	 0.8820	 0.0054
 1.0050	 0.8858	 0.0054
 1.0100	 0.8879	 0.0051
 1.0150	 0.8954	 0.0051
 1.0200	 0.8971	 0.0054
 1.0250	 0.8877	 0.0050
 1.0300	 0.9009	 0.0054
 1.0350	 0.8950	 0.0048
 1.0400	 0.9046	 0.0052
 1.0450	 0.8983	 0.0051
 1.0500	 0.9001	 0.0046
 1.0550	 0.9013	 0.0043
 1.0600	 0.8992	 0.0040
 1.0650	 0.9018	 0.0039
 1.0700	 0.9253	 0.0042
 1.0750	 0.9173	 0.0050
 1.0800	 0.9179	 0.0044
 1.0850	 0.9263	 0.0054
 1.0900	 0.9306	 0.0047
 1.0950	 0.9464	 0.0052
 1.1000	 0.9265	 0.0052
 1.1050	 0.9278	 0.0048
 1.1100	 0.9389	 0.0044
 1.1150	 0.9369	 0.0045
 1.1250	 0.9133	 0.0053
 1.1300	 0.9138	 0.0056
 1.1350	 0.9862	 0.0072
 1.1400	 0.9175	 0.0051
 1.1450	 1.0059	 0.0062
 1.1500	 0.9291	 0.0063
 1.1550	 0.9678	 0.0053
 1.1600	 0.9740	 0.0053
 1.1650	 0.9766	 0.0049
 1.1700	 0.9931	 0.0044
 1.1750	 0.9949	 0.0040
 1.1800	 0.9980	 0.0037
 1.1850	 0.9914	 0.0035
 1.1900	 0.9923	 0.0034
 1.1950	 0.9995	 0.0033
 1.2000	 0.9980	 0.0043
 1.2050	 1.0000	 0.0051
 1.2100	 1.0179	 0.0041
 1.2150	 0.9863	 0.0052
 1.2200	 1.0167	 0.0044
 1.2250	 0.9908	 0.0045
 1.2300	 1.0227	 0.0049
 1.2350	 1.0306	 0.0045
 1.2400	 1.0290	 0.0042
 1.2450	 1.0252	 0.0038
 1.2500	 1.0232	 0.0035
 1.2550	 1.0458	 0.0035
 1.2600	 1.0393	 0.0037
 1.2650	 1.0348	 0.0044
 1.2700	 1.0232	 0.0057
 1.2750	 1.0092	 0.0064
 1.2800	 1.0234	 0.0067
 1.2850	 1.0320	 0.0060
 1.2900	 1.0547	 0.0046
 1.2950	 1.0556	 0.0055
 1.3000	 1.0632	 0.0044
 1.3050	 1.0557	 0.0048
 1.3100	 1.0300	 0.0052
 1.3150	 1.0705	 0.0050
 1.3200	 1.0677	 0.0044
 1.3250	 1.0560	 0.0042
 1.3300	 1.0615	 0.0042
 1.3350	 1.0583	 0.0037
 1.3400	 1.0477	 0.0035
 1.3450	 1.0804	 0.0038
 1.4650	 1.0973	 0.0064
 1.4700	 1.1079	 0.0064
 1.4750	 1.1568	 0.0064
 1.4800	 1.1142	 0.0061
 1.4850	 1.1290	 0.0069
 1.4900	 1.1286	 0.0071
 1.4950	 1.1187	 0.0066
 1.5000	 1.1543	 0.0048
 1.5050	 1.1576	 0.0045
 1.5100	 1.1519	 0.0079
 1.5150	 1.1280	 0.0075
 1.5200	 1.1619	 0.0045
 1.5250	 1.1611	 0.0049
 1.5300	 1.1906	 0.0063
 1.5350	 1.1955	 0.0067
 1.5400	 1.2062	 0.0064
 1.5450	 1.1728	 0.0061
 1.5500	 1.1744	 0.0056
 1.5550	 1.1974	 0.0051
 1.5600	 1.1943	 0.0054
 1.5650	 1.1703	 0.0058
 1.5700	 1.1636	 0.0060
 1.5750	 1.1622	 0.0055
 1.5800	 1.1795	 0.0042
 1.5850	 1.1674	 0.0059
 1.5900	 1.1875	 0.0082
 1.5950	 1.1796	 0.0069
 1.6000	 1.1770	 0.0043
 1.6050	 1.1914	 0.0054
 1.6100	 1.2088	 0.0068
 1.6150	 1.2111	 0.0072
 1.6200	 1.2133	 0.0068
 1.6250	 1.1817	 0.0064
 1.6300	 1.1758	 0.0060
 1.6350	 1.1860	 0.0055
 1.6400	 1.1954	 0.0054
 1.6450	 1.1691	 0.0058
 1.6500	 1.1499	 0.0059
 1.6550	 1.1614	 0.0062
 1.6600	 1.1431	 0.0053
 1.6650	 1.1670	 0.0039
 1.6700	 1.1729	 0.0048
 1.6750	 1.1947	 0.0076
 1.6800	 1.1784	 0.0075
 1.6850	 1.1763	 0.0047
 1.6900	 1.1848	 0.0044
 1.6950	 1.1858	 0.0062
 1.7000	 1.1665	 0.0067
 1.7050	 1.1817	 0.0068
 1.7100	 1.1563	 0.0065
 1.7150	 1.1961	 0.0063
 1.7200	 1.1692	 0.0060
 1.7250	 1.1703	 0.0055
 1.7300	 1.1675	 0.0055
 1.7350	 1.1875	 0.0057
 1.7400	 1.1690	 0.0060
 1.7450	 1.1676	 0.0066
 1.7500	 1.1585	 0.0065
 1.7550	 1.1716	 0.0058
 1.7600	 1.1355	 0.0044
 1.7650	 1.1574	 0.0049
 1.7700	 1.1651	 0.0079
 1.7750	 1.1585	 0.0083
 2.0000	 1.0866	 0.0078
 2.0050	 1.0892	 0.0156
 2.0100	 1.1210	 0.0200
 2.0150	 1.0946	 0.0154
 2.0200	 1.0974	 0.0116
 2.0250	 1.1006	 0.0091
 2.0300	 1.1039	 0.0087
 2.0350	 1.0918	 0.0086
 2.0400	 1.0722	 0.0085
 2.0450	 1.1508	 0.0089
 2.0500	 1.1169	 0.0089
 2.0550	 1.1444	 0.0093
 2.0600	 1.1228	 0.0104
 2.0650	 1.1491	 0.0103
 2.0700	 1.1647	 0.0089
 2.0750	 1.1243	 0.0080
 2.0800	 1.0980	 0.0080
 2.0850	 1.1129	 0.0074
 2.0900	 1.1086	 0.0066
 2.0950	 1.1329	 0.0070
 2.1000	 1.1173	 0.0069
 2.1050	 1.1273	 0.0063
 2.1100	 1.1340	 0.0064
 2.1150	 1.1577	 0.0075
 2.1200	 1.1467	 0.0080
 2.1250	 1.1361	 0.0081
 2.1300	 1.1457	 0.0081
 2.1350	 1.1333	 0.0080
 2.1400	 1.1125	 0.0077
 2.1450	 1.1696	 0.0070
 2.1500	 1.1564	 0.0066
 2.1550	 1.1952	 0.0076
 2.1600	 1.1846	 0.0097
 2.1650	 1.2043	 0.0105
 2.1700	 1.1835	 0.0094
 2.1750	 1.1571	 0.0082
 2.1800	 1.1439	 0.0081
 2.1850	 1.1560	 0.0085
 2.1900	 1.1774	 0.0096
 2.1950	 1.1759	 0.0102
 2.2000	 1.1413	 0.0100
 2.2050	 1.1690	 0.0104
 2.2100	 1.1563	 0.0110
 2.2150	 1.1409	 0.0112
 2.2200	 1.1740	 0.0106
 2.2250	 1.1830	 0.0110
 2.2300	 1.1804	 0.0108
 2.2350	 1.1863	 0.0105
 2.2400	 1.1737	 0.0102
 2.2450	 1.1568	 0.0112
 2.2500	 1.1836	 0.0115
 2.2550	 1.1726	 0.0112
 2.2600	 1.1722	 0.0109
 2.2650	 1.1906	 0.0113
 2.2700	 1.1725	 0.0118
 2.2750	 1.1687	 0.0120
 2.2800	 1.1377	 0.0121
 2.2850	 1.1567	 0.0124
 2.2900	 1.1740	 0.0128
 2.2950	 1.1789	 0.0130
 2.3000	 1.1608	 0.0132
 2.3050	 1.1705	 0.0132
 2.3100	 1.1597	 0.0135
 2.3150	 1.2065	 0.0140
 2.3200	 1.1601	 0.0146
 2.3250	 1.1617	 0.0149
 2.3300	 1.1973	 0.0149
 2.3350	 1.2030	 0.0148
 2.3400	 1.2061	 0.0152
 2.3450	 1.2120	 0.0165
 2.3500	 1.2138	 0.0171
 2.3550	 1.2177	 0.0168
 2.3600	 1.2115	 0.0167
 2.3650	 1.2288	 0.0172
 2.3700	 1.1838	 0.0183
 2.3750	 1.2341	 0.0199
 2.3850	 1.2256	 0.0226
 2.4500	 1.2256	 0.0226
