 0.8000	 0.9773	 0.0237
 0.8050	 0.9744	 0.0232
 0.8100	 0.9894	 0.0246
 0.8150	 0.9855	 0.0247
 0.8200	 0.9594	 0.0259
 0.8250	 0.9721	 0.0222
 0.8300	 0.9603	 0.0223
 0.8350	 0.9506	 0.0210
 0.8400	 0.9646	 0.0211
 0.8450	 0.9793	 0.0216
 0.8500	 0.9906	 0.0216
 0.8550	 0.9819	 0.0229
 0.8600	 0.9881	 0.0218
 0.8650	 0.9881	 0.0203
 0.8700	 0.9901	 0.0217
 0.8750	 0.9874	 0.0205
 0.8800	 0.9751	 0.0220
 0.8850	 0.9697	 0.0198
 0.8900	 0.9798	 0.0195
 0.8950	 0.9779	 0.0192
 0.9000	 0.9694	 0.0207
 0.9050	 0.9554	 0.0198
 0.9100	 0.9458	 0.0192
 0.9150	 0.9500	 0.0188
 0.9200	 0.9434	 0.0188
 0.9250	 0.9541	 0.0195
 0.9300	 0.9404	 0.0200
 0.9350	 0.9459	 0.0187
 0.9400	 0.9655	 0.0207
 0.9450	 0.9545	 0.0224
 0.9500	 0.9678	 0.0210
 0.9550	 1.0036	 0.0215
 0.9600	 1.0094	 0.0224
 0.9650	 1.0027	 0.0195
 0.9700	 0.9849	 0.0178
 0.9750	 0.9791	 0.0175
 0.9800	 0.9922	 0.0182
 0.9850	 0.9897	 0.0176
 0.9900	 0.9839	 0.0172
 0.9950	 0.9961	 0.0171
 1.0000	 1.0029	 0.0174
 1.0050	 1.0060	 0.0178
 1.0100	 0.9944	 0.0169
 1.0150	 0.9842	 0.0167
 1.0200	 0.9935	 0.0166
 1.0250	 1.0201	 0.0173
 1.0300	 1.0249	 0.0162
 1.0350	 1.0190	 0.0166
 1.0400	 1.0171	 0.0183
 1.0450	 1.0125	 0.0191
 1.0500	 0.9741	 0.0156
 1.0550	 0.9862	 0.0158
 1.0600	 0.9871	 0.0150
 1.0650	 0.9895	 0.0151
 1.0700	 0.9917	 0.0156
 1.0750	 0.9893	 0.0157
 1.0800	 1.0049	 0.0158
 1.0850	 1.0076	 0.0167
 1.0900	 0.9993	 0.0159
 1.0950	 1.0131	 0.0154
 1.1000	 0.9969	 0.0168
 1.1050	 0.9698	 0.0176
 1.1100	 0.9775	 0.0190
 1.1150	 0.9932	 0.0158
 1.1200	 1.0161	 0.0159
 1.1250	 0.9877	 0.0161
 1.1300	 0.9784	 0.0170
 1.1350	 0.9958	 0.0175
 1.1400	 1.0037	 0.0190
 1.1450	 1.0141	 0.0169
 1.1500	 1.0136	 0.0163
 1.1550	 1.0034	 0.0161
 1.1600	 0.9799	 0.0175
 1.1650	 0.9541	 0.0147
 1.1700	 0.9688	 0.0150
 1.1750	 0.9964	 0.0150
 1.1800	 1.0044	 0.0154
 1.1850	 1.0052	 0.0142
 1.1900	 1.0086	 0.0137
 1.1950	 0.9994	 0.0147
 1.2000	 0.9896	 0.0144
 1.2050	 1.0025	 0.0157
 1.2100	 1.0087	 0.0145
 1.2150	 0.9929	 0.0151
 1.2200	 0.9867	 0.0161
 1.2250	 0.9757	 0.0179
 1.2300	 0.9897	 0.0155
 1.2350	 0.9933	 0.0165
 1.2400	 0.9760	 0.0161
 1.2450	 1.0004	 0.0163
 1.2500	 0.9993	 0.0149
 1.2550	 0.9983	 0.0159
 1.2600	 1.0087	 0.0152
 1.2650	 1.0274	 0.0146
 1.2700	 1.0195	 0.0155
 1.2750	 0.9926	 0.0156
 1.2800	 0.9906	 0.0183
 1.2850	 0.9850	 0.0168
 1.2900	 0.9841	 0.0155
 1.2950	 0.9765	 0.0163
 1.3000	 0.9863	 0.0158
 1.3050	 1.0144	 0.0161
 1.3100	 1.0252	 0.0168
 1.3150	 1.0187	 0.0170
 1.3200	 1.0183	 0.0165
 1.3250	 0.9948	 0.0149
 1.3300	 1.0012	 0.0152
 1.3350	 1.0011	 0.0149
 1.3400	 1.0010	 0.0171
 1.3450	 1.0049	 0.0184
 1.3500	 1.0074	 0.0251
 1.3550	 1.0121	 0.0298
 1.3600	 1.0001	 0.0319
 1.3650	 1.0011	 0.0340
 1.3700	 1.0198	 0.0316
 1.3750	 0.9997	 0.0324
 1.3800	 1.0073	 0.0321
 1.3850	 1.0085	 0.0287
 1.3900	 0.9907	 0.0317
 1.3950	 0.9557	 0.0326
 1.4000	 1.0228	 0.0279
 1.4050	 1.0021	 0.0296
 1.4100	 0.9714	 0.0291
 1.4150	 1.0065	 0.0224
 1.4200	 0.9981	 0.0215
 1.4250	 1.0061	 0.0212
 1.4300	 1.0381	 0.0207
 1.4350	 1.0279	 0.0221
 1.4400	 1.0156	 0.0196
 1.4450	 1.0509	 0.0227
 1.4500	 1.0245	 0.0204
 1.4550	 1.0051	 0.0178
 1.4600	 1.0070	 0.0193
 1.4650	 0.9801	 0.0202
 1.4700	 0.9928	 0.0208
 1.4750	 1.0272	 0.0186
 1.4800	 1.0231	 0.0197
 1.4850	 1.0164	 0.0204
 1.4900	 1.0021	 0.0200
 1.4950	 0.9983	 0.0194
 1.5000	 0.9842	 0.0193
 1.5050	 0.9812	 0.0174
 1.5100	 0.9903	 0.0165
 1.5150	 1.0143	 0.0179
 1.5200	 1.0502	 0.0224
 1.5250	 1.1147	 0.0244
 1.5300	 1.0471	 0.0183
 1.5350	 0.9876	 0.0192
 1.5400	 0.9796	 0.0187
 1.5450	 0.9375	 0.0192
 1.5500	 0.9426	 0.0187
 1.5550	 0.9841	 0.0190
 1.5600	 0.9887	 0.0209
 1.5650	 1.0664	 0.0202
 1.5700	 1.0678	 0.0205
 1.5750	 0.9744	 0.0195
 1.5800	 0.9916	 0.0209
 1.5850	 1.0225	 0.0200
 1.5900	 1.0026	 0.0209
 1.5950	 0.9728	 0.0185
 1.6000	 0.9453	 0.0231
 1.6050	 0.9191	 0.0216
 1.6100	 0.9742	 0.0215
 1.6150	 1.0793	 0.0212
 1.6200	 1.1430	 0.0236
 1.6250	 1.0609	 0.0202
 1.6300	 0.9801	 0.0193
 1.6350	 0.9948	 0.0205
 1.6400	 1.0042	 0.0219
 1.6450	 1.0362	 0.0236
 1.6500	 1.1130	 0.0225
 1.6550	 1.0968	 0.0204
 1.6600	 1.0487	 0.0219
 1.6650	 0.9976	 0.0221
 1.6700	 1.0371	 0.0223
 1.6750	 1.0434	 0.0213
 1.6800	 1.0202	 0.0207
 1.6850	 0.9905	 0.0214
 1.6900	 0.9656	 0.0219
 1.6950	 1.0272	 0.0227
 1.7000	 1.0340	 0.0220
 1.7050	 1.0307	 0.0243
 1.7100	 1.0529	 0.0226
 1.7150	 1.0732	 0.0244
 1.7200	 1.0449	 0.0216
 1.7250	 0.9843	 0.0242
 1.7300	 0.9822	 0.0252
 1.7350	 1.0078	 0.0252
 1.7400	 1.0044	 0.0294
 1.7450	 1.0275	 0.0256
 1.7500	 1.0479	 0.0250
 1.7550	 1.0752	 0.0267
 1.7600	 1.1083	 0.0274
 1.7650	 1.0898	 0.0233
 1.7700	 1.0121	 0.0262
 1.7750	 0.9640	 0.0263
 1.7800	 0.9709	 0.0283
 1.7850	 1.0023	 0.0261
 1.7900	 1.0632	 0.0257
 1.7950	 1.0525	 0.0257
 1.8000	 1.0855	 0.0291
 1.8050	 0.9536	 0.0356
 1.8100	 0.9534	 0.0336
 1.8150	 1.0106	 0.0380
 1.8200	 1.0665	 0.0454
 1.8250	 1.0092	 0.0372
 1.8300	 0.9955	 0.0437
 1.8350	 0.9811	 0.0441
 1.8400	 1.0020	 0.0555
 1.8450	 1.0962	 0.0671
 1.8500	 0.9838	 0.0625
 1.8550	 0.9270	 0.0638
 1.8600	 0.9488	 0.0592
 1.8650	 1.0023	 0.0600
 1.8700	 1.0693	 0.0721
 1.8750	 1.1628	 0.0839
 1.8800	 1.0755	 0.0787
 1.8850	 0.9846	 0.0608
 1.8900	 0.9948	 0.0495
 1.8950	 0.9782	 0.0481
 1.9000	 0.9848	 0.0523
 1.9050	 1.0270	 0.0541
 1.9100	 1.1106	 0.0614
 1.9150	 1.1350	 0.0590
 1.9200	 1.0579	 0.0529
 1.9250	 1.0022	 0.0494
 1.9300	 0.9858	 0.0461
 1.9350	 1.0026	 0.0415
 1.9400	 0.9672	 0.0404
 1.9450	 1.0499	 0.0406
 1.9500	 1.1419	 0.0436
 1.9550	 1.1046	 0.0401
 1.9600	 1.0393	 0.0411
 1.9650	 1.0897	 0.0451
 1.9700	 1.0471	 0.0400
 1.9750	 1.0341	 0.0403
 1.9800	 1.0300	 0.0373
 1.9850	 1.0456	 0.0348
 1.9900	 1.0344	 0.0310
 1.9950	 0.9686	 0.0344
 2.0000	 0.9745	 0.0370
 2.0050	 1.1209	 0.0482
 2.0100	 1.0815	 0.0569
 2.0150	 0.9762	 0.0593
 2.0200	 0.9700	 0.0503
 2.0250	 1.0087	 0.0433
 2.0300	 0.9486	 0.0389
 2.0350	 0.9775	 0.0353
 2.0400	 1.0463	 0.0364
 2.0450	 0.9978	 0.0342
 2.0500	 1.0737	 0.0367
 2.0550	 1.0971	 0.0387
 2.0600	 1.0933	 0.0463
 2.0650	 1.0624	 0.0422
 2.0700	 1.0141	 0.0413
 2.0750	 1.0393	 0.0391
 2.0800	 1.0467	 0.0383
 2.0850	 0.9761	 0.0335
 2.0900	 1.0003	 0.0380
 2.0950	 0.9868	 0.0343
 2.1000	 1.0259	 0.0362
 2.1050	 1.0840	 0.0385
 2.1100	 1.0437	 0.0383
 2.1150	 1.0427	 0.0369
 2.1200	 0.9936	 0.0428
 2.1250	 1.0938	 0.0376
 2.1300	 1.2023	 0.0391
 2.1350	 1.1473	 0.0376
 2.1400	 1.0772	 0.0389
 2.1450	 1.0693	 0.0392
 2.1500	 1.0517	 0.0393
 2.1550	 1.0955	 0.0392
 2.1600	 1.1450	 0.0476
 2.1650	 1.1169	 0.0421
 2.1700	 1.0701	 0.0421
 2.1750	 1.0418	 0.0443
 2.1800	 1.0339	 0.0429
 2.1850	 1.2160	 0.0504
 2.1900	 1.1850	 0.0428
 2.1950	 1.1401	 0.0437
 2.2000	 1.1505	 0.0447
 2.2050	 1.1731	 0.0475
 2.2100	 1.0299	 0.0419
 2.2150	 1.1204	 0.0488
 2.2200	 1.1237	 0.0481
 2.2250	 1.1744	 0.0482
 2.2300	 1.1877	 0.0471
 2.2350	 1.3541	 0.0544
 2.2400	 1.2541	 0.0492
 2.2450	 1.1964	 0.0507
 2.2500	 1.2259	 0.0543
 2.2550	 1.1921	 0.0486
 2.2600	 1.1484	 0.0538
 2.2650	 1.0497	 0.0473
 2.2700	 1.0510	 0.0516
 2.2750	 1.0956	 0.0512
 2.2800	 1.0712	 0.0541
 2.2850	 1.0986	 0.0498
 2.2900	 1.2181	 0.0619
 2.2950	 1.2644	 0.0604
 2.3000	 1.2159	 0.0569
 2.3050	 1.1684	 0.0630
 2.3100	 1.0739	 0.0540
 2.3150	 1.0826	 0.0512
 2.3200	 1.1388	 0.0529
 2.3250	 1.1857	 0.0627
 2.3400	 1.1794	 0.0571
 2.3450	 1.2326	 0.0657
 2.3500	 1.1241	 0.0567
 2.3600	 1.1537	 0.0654
 2.3650	 1.2467	 0.0666
 2.3750	 1.2695	 0.0516
 2.3850	 1.1275	 0.0677
 2.3900	 1.1354	 0.0608
 2.3950	 1.0787	 0.0702
 2.4000	 1.2459	 0.0747
 2.4050	 1.1397	 0.0691
 2.4100	 1.1325	 0.0736
 2.4150	 1.1393	 0.0743
 2.4250	 1.3518	 0.0758
 2.4300	 1.3194	 0.0814
 2.4500	 1.0592	 0.0853
 	 	 
