 0.8150	 0.9617	 0.0186
 0.8200	 0.9342	 0.0181
 0.8250	 0.9125	 0.0172
 0.8300	 0.9792	 0.0181
 0.8350	 0.9052	 0.0175
 0.8400	 0.9379	 0.0163
 0.8450	 0.9837	 0.0164
 0.8500	 0.9309	 0.0155
 0.8550	 0.9300	 0.0150
 0.8600	 0.9199	 0.0136
 0.8650	 0.9409	 0.0145
 0.8700	 0.9282	 0.0139
 0.8750	 0.9036	 0.0130
 0.8800	 0.9625	 0.0145
 0.8850	 0.9677	 0.0146
 0.8900	 0.9179	 0.0140
 0.8950	 0.9558	 0.0139
 0.9000	 0.9154	 0.0135
 0.9050	 0.9827	 0.0122
 0.9100	 0.9647	 0.0117
 0.9150	 0.9243	 0.0112
 0.9200	 0.9189	 0.0106
 0.9250	 0.9524	 0.0104
 0.9450	 0.9006	 0.0157
 0.9500	 0.9528	 0.0151
 0.9550	 0.9409	 0.0132
 0.9600	 0.9231	 0.0119
 0.9650	 0.9222	 0.0103
 0.9700	 0.9669	 0.0113
 0.9750	 0.9568	 0.0105
 0.9800	 0.9405	 0.0111
 0.9850	 0.9644	 0.0096
 0.9900	 1.0054	 0.0113
 0.9950	 0.9167	 0.0127
 1.0000	 0.9622	 0.0114
 1.0050	 0.9386	 0.0112
 1.0100	 0.9705	 0.0104
 1.0150	 0.9782	 0.0106
 1.0200	 1.0362	 0.0131
 1.0250	 1.0293	 0.0109
 1.0300	 0.9879	 0.0138
 1.0350	 1.0442	 0.0105
 1.0400	 0.9153	 0.0127
 1.0450	 0.9867	 0.0123
 1.0500	 1.0003	 0.0106
 1.0550	 0.9618	 0.0089
 1.0600	 0.9353	 0.0075
 1.0650	 0.9661	 0.0067
 1.0700	 1.0004	 0.0083
 1.0750	 0.9914	 0.0127
 1.0800	 1.0343	 0.0095
 1.0850	 0.9970	 0.0144
 1.0900	 1.0442	 0.0107
 1.0950	 1.0667	 0.0131
 1.1350	 1.0281	 0.0176
 1.1400	 0.9570	 0.0116
 1.1450	 1.1125	 0.0153
 1.1500	 0.8435	 0.0150
 1.1550	 0.9889	 0.0133
 1.1600	 1.0773	 0.0141
 1.1650	 1.0416	 0.0126
 1.1700	 1.0677	 0.0104
 1.1750	 1.0692	 0.0089
 1.1800	 1.0643	 0.0076
 1.1850	 1.0000	 0.0063
 1.1900	 1.0016	 0.0061
 1.1950	 1.0391	 0.0059
 1.2000	 1.0397	 0.0105
 1.2050	 0.9078	 0.0131
 1.2100	 1.0394	 0.0092
 1.2150	 1.0000	 0.0139
 1.2200	 1.0267	 0.0103
 1.2250	 1.0428	 0.0116
 1.2300	 1.1594	 0.0126
 1.2350	 1.2275	 0.0116
 1.2400	 1.1545	 0.0100
 1.2450	 1.0745	 0.0088
 1.2500	 1.0682	 0.0079
 1.2550	 1.1001	 0.0087
 1.2600	 1.0880	 0.0108
 1.2650	 0.9999	 0.0148
 1.2700	 1.1529	 0.0232
 1.2750	 1.0155	 0.0261
 1.2800	 0.9286	 0.0240
 1.2850	 0.9537	 0.0195
 1.2900	 1.0999	 0.0138
 1.2950	 1.1474	 0.0150
 1.3000	 1.0410	 0.0105
 1.3050	 1.0617	 0.0122
 1.3100	 0.9183	 0.0135
 1.3150	 1.0273	 0.0124
 1.4250	 1.2726	 0.0295
 1.4300	 1.2753	 0.0157
 1.4350	 1.1107	 0.0185
 1.4400	 1.3024	 0.0247
 1.4450	 1.0896	 0.0180
 1.4500	 1.0970	 0.0124
 1.4550	 1.2137	 0.0250
 1.4600	 1.2917	 0.0260
 1.4950	 1.1311	 0.0227
 1.5000	 1.0696	 0.0147
 1.5400	 1.0206	 0.0202
 1.5450	 1.3452	 0.0199
 1.5500	 1.3623	 0.0186
 1.5550	 1.2846	 0.0173
 1.5600	 1.4048	 0.0189
 1.5650	 1.3351	 0.0198
 1.5700	 1.2648	 0.0201
 1.5750	 0.9661	 0.0172
 1.6300	 1.0515	 0.0193
 1.6350	 1.2181	 0.0171
 1.6400	 1.2936	 0.0175
 1.6450	 1.0959	 0.0187
 1.6500	 1.0795	 0.0197
 1.6550	 1.0244	 0.0199
 1.6600	 1.0323	 0.0158
 1.6650	 0.9222	 0.0105
 1.6700	 0.9382	 0.0159
 1.6750	 0.9305	 0.0526
 1.6800	 0.9641	 0.0295
 1.6850	 0.9272	 0.0123
 1.6900	 1.1619	 0.0137
 1.6950	 1.3554	 0.0195
 1.7000	 1.4095	 0.0212
 1.7050	 1.4736	 0.0210
 1.7100	 1.4634	 0.0203
 1.7150	 1.4125	 0.0195
 1.7200	 1.3951	 0.0184
 1.7250	 1.4978	 0.0163
 1.7300	 1.2072	 0.0168
 1.7350	 1.2810	 0.0170
 1.7400	 1.2876	 0.0182
 1.7450	 1.2124	 0.0204
 1.7500	 1.2329	 0.0192
 1.7550	 1.2132	 0.0161
 1.7600	 1.1002	 0.0112
 1.7650	 1.1905	 0.0146
 1.7700	 1.1571	 0.0198
 1.7750	 1.1431	 0.0187
 1.9850	 1.0865	 0.0216
 1.9900	 0.9978	 0.0155
 1.9950	 1.1466	 0.0128
 2.0000	 1.3234	 0.0175
 2.0050	 1.4640	 0.0310
 2.0100	 0.9769	 0.0485
 2.0150	 1.0212	 0.0401
 2.0200	 1.2007	 0.0301
 2.0250	 1.1887	 0.0277
 2.0300	 1.4340	 0.0279
 2.0350	 1.2664	 0.0252
 2.0400	 1.0725	 0.0237
 2.0450	 1.1402	 0.0240
 2.0500	 1.5807	 0.0232
 2.0550	 1.2330	 0.0219
 2.0600	 1.5837	 0.0268
 2.0650	 1.4522	 0.0273
 2.0700	 1.2023	 0.0206
 2.0750	 1.2696	 0.0212
 2.0800	 1.2959	 0.0218
 2.0850	 1.1518	 0.0188
 2.0900	 1.1540	 0.0158
 2.0950	 1.1473	 0.0174
 2.1000	 1.0674	 0.0163
 2.1050	 1.0564	 0.0142
 2.1100	 1.1537	 0.0152
 2.1150	 1.1448	 0.0186
 2.1200	 0.9005	 0.0202
 2.1250	 0.9121	 0.0199
 2.1300	 1.0486	 0.0200
 2.1350	 0.8613	 0.0191
 2.1400	 0.9259	 0.0175
 2.1450	 1.0424	 0.0152
 2.1500	 1.1296	 0.0138
 2.1550	 1.3217	 0.0188
 2.1600	 1.2137	 0.0249
 2.1650	 1.0985	 0.0259
 2.1700	 1.0606	 0.0208
 2.1750	 1.1732	 0.0176
 2.1800	 1.2089	 0.0182
 2.1850	 1.2777	 0.0204
 2.1900	 1.2362	 0.0230
 2.1950	 1.1236	 0.0243
 2.2000	 1.2298	 0.0233
 2.2050	 1.2390	 0.0252
 2.2100	 1.1598	 0.0261
 2.2150	 0.9270	 0.0263
 2.2200	 1.1673	 0.0251
 2.2250	 1.2389	 0.0269
 2.2300	 1.0052	 0.0254
 2.2350	 1.2082	 0.0236
 2.2400	 1.1645	 0.0234
 2.2450	 1.2305	 0.0263
 2.2500	 1.1317	 0.0263
 2.2550	 1.0204	 0.0246
 2.2600	 1.2095	 0.0235
 2.2650	 1.2536	 0.0253
 2.2700	 1.2015	 0.0263
 2.2750	 1.1034	 0.0263
 2.2800	 1.0428	 0.0258
 2.2850	 1.1339	 0.0264
 2.2900	 1.1881	 0.0281
 2.2950	 1.1393	 0.0284
