 0.8000	 1.0441	 0.0151
 0.8050	 1.0325	 0.0138
 0.8100	 1.0439	 0.0128
 0.8150	 1.0437	 0.0116
 0.8200	 1.0408	 0.0107
 0.8250	 1.0367	 0.0103
 0.8300	 1.0364	 0.0101
 0.8350	 1.0251	 0.0101
 0.8400	 1.0278	 0.0100
 0.8450	 1.0283	 0.0099
 0.8500	 1.0277	 0.0100
 0.8550	 1.0056	 0.0105
 0.8600	 1.0128	 0.0102
 0.8650	 0.9990	 0.0102
 0.8700	 0.9929	 0.0101
 0.8750	 0.9879	 0.0098
 0.8800	 0.9840	 0.0094
 0.8850	 0.9829	 0.0090
 0.8900	 0.9793	 0.0087
 0.8950	 0.9727	 0.0084
 0.9000	 0.9719	 0.0083
 0.9050	 0.9680	 0.0081
 0.9100	 0.9769	 0.0081
 0.9150	 0.9775	 0.0081
 0.9200	 0.9764	 0.0082
 0.9250	 0.9728	 0.0082
 0.9300	 0.9745	 0.0084
 0.9350	 0.9663	 0.0086
 0.9400	 0.9587	 0.0088
 0.9450	 0.9700	 0.0089
 0.9500	 0.9682	 0.0086
 0.9550	 0.9671	 0.0083
 0.9600	 0.9783	 0.0080
 0.9650	 0.9776	 0.0076
 0.9700	 0.9770	 0.0074
 0.9750	 0.9813	 0.0072
 0.9800	 0.9903	 0.0071
 0.9850	 0.9761	 0.0069
 0.9900	 0.9779	 0.0068
 0.9950	 0.9877	 0.0067
 1.0000	 0.9783	 0.0069
 1.0050	 0.9804	 0.0068
 1.0100	 0.9830	 0.0065
 1.0150	 0.9933	 0.0064
 1.0200	 0.9943	 0.0064
 1.0250	 0.9992	 0.0064
 1.0300	 0.9928	 0.0063
 1.0350	 0.9971	 0.0063
 1.0400	 0.9974	 0.0063
 1.0450	 0.9945	 0.0063
 1.0500	 0.9999	 0.0062
 1.0550	 0.9999	 0.0062
 1.0600	 1.0024	 0.0062
 1.0650	 1.0125	 0.0062
 1.0700	 1.0177	 0.0062
 1.0750	 1.0222	 0.0062
 1.0800	 1.0225	 0.0061
 1.0850	 1.0149	 0.0060
 1.0900	 1.0262	 0.0061
 1.0950	 1.0285	 0.0061
 1.1000	 1.0263	 0.0061
 1.1050	 1.0253	 0.0061
 1.1100	 1.0348	 0.0063
 1.1150	 1.0317	 0.0065
 1.1200	 1.0223	 0.0068
 1.1250	 1.0302	 0.0073
 1.1300	 1.0344	 0.0075
 1.1350	 1.0386	 0.0075
 1.1400	 1.0405	 0.0073
 1.1450	 1.0312	 0.0070
 1.1500	 1.0394	 0.0068
 1.1550	 1.0480	 0.0065
 1.1600	 1.0677	 0.0064
 1.1650	 1.0702	 0.0060
 1.1700	 1.0679	 0.0059
 1.1750	 1.0650	 0.0058
 1.1800	 1.0634	 0.0057
 1.1850	 1.0631	 0.0056
 1.1900	 1.0668	 0.0056
 1.1950	 1.0709	 0.0057
 1.2000	 1.0690	 0.0056
 1.2050	 1.0682	 0.0056
 1.2100	 1.0656	 0.0056
 1.2150	 1.0724	 0.0056
 1.2200	 1.0749	 0.0056
 1.2250	 1.0739	 0.0056
 1.2300	 1.0746	 0.0056
 1.2350	 1.0760	 0.0056
 1.2400	 1.0780	 0.0056
 1.2450	 1.0869	 0.0056
 1.2500	 1.0847	 0.0056
 1.2550	 1.0851	 0.0057
 1.2600	 1.0716	 0.0057
 1.2650	 1.0615	 0.0055
 1.2700	 1.0701	 0.0057
 1.2750	 1.0718	 0.0057
 1.2800	 1.0748	 0.0056
 1.2850	 1.0874	 0.0056
 1.2900	 1.0947	 0.0056
 1.2950	 1.0988	 0.0056
 1.3000	 1.0969	 0.0056
 1.3050	 1.0925	 0.0057
 1.3100	 1.0894	 0.0058
 1.3150	 1.0950	 0.0059
 1.3200	 1.0962	 0.0060
 1.3250	 1.1007	 0.0062
 1.3300	 1.1089	 0.0064
 1.3350	 1.1178	 0.0068
 1.3400	 1.1105	 0.0080
 1.3500	 1.1197	 0.0122
 1.3650	 1.1030	 0.0324
 1.3700	 1.1244	 0.0158
 1.3750	 1.1151	 0.0161
 1.3800	 1.1171	 0.0288
 1.3850	 1.1257	 0.0259
 1.3950	 1.1322	 0.0213
 1.4000	 1.1279	 0.0186
 1.4050	 1.1281	 0.0165
 1.4100	 1.1326	 0.0142
 1.4200	 1.1431	 0.0088
 1.4250	 1.1351	 0.0102
 1.4300	 1.1399	 0.0101
 1.4350	 1.1626	 0.0103
 1.4400	 1.1410	 0.0093
 1.4450	 1.1467	 0.0087
 1.4500	 1.1535	 0.0084
 1.4600	 1.1605	 0.0082
 1.4650	 1.1462	 0.0081
 1.4700	 1.1651	 0.0080
 1.4850	 1.1507	 0.0077
 1.4900	 1.1501	 0.0075
 1.4950	 1.1497	 0.0073
 1.5000	 1.1508	 0.0072
 1.5050	 1.1545	 0.0071
 1.5100	 1.1559	 0.0071
 1.5150	 1.1526	 0.0070
 1.5200	 1.1557	 0.0070
 1.5250	 1.1532	 0.0070
 1.5300	 1.1484	 0.0070
 1.5350	 1.1548	 0.0070
 1.5400	 1.1560	 0.0071
 1.5450	 1.1423	 0.0070
 1.5500	 1.1489	 0.0071
 1.5550	 1.1481	 0.0071
 1.5600	 1.1496	 0.0071
 1.5650	 1.1455	 0.0072
 1.5700	 1.1430	 0.0073
 1.5750	 1.1495	 0.0074
 1.5800	 1.1506	 0.0074
 1.5850	 1.1433	 0.0074
 1.5900	 1.1589	 0.0075
 1.5950	 1.1626	 0.0075
 1.6000	 1.1457	 0.0075
 1.6050	 1.1328	 0.0075
 1.6100	 1.1496	 0.0075
 1.6150	 1.1525	 0.0075
 1.6200	 1.1460	 0.0075
 1.6250	 1.1560	 0.0075
 1.6300	 1.1380	 0.0075
 1.6350	 1.1292	 0.0076
 1.6400	 1.1378	 0.0078
 1.6450	 1.1337	 0.0078
 1.6500	 1.1382	 0.0078
 1.6550	 1.1539	 0.0079
 1.6600	 1.1324	 0.0078
 1.6650	 1.1317	 0.0079
 1.6700	 1.1378	 0.0081
 1.6750	 1.1350	 0.0081
 1.6800	 1.1224	 0.0081
 1.6850	 1.1336	 0.0082
 1.6900	 1.1220	 0.0082
 1.6950	 1.1154	 0.0083
 1.7000	 1.1209	 0.0083
 1.7050	 1.1035	 0.0083
 1.7100	 1.1078	 0.0084
 1.7150	 1.1090	 0.0084
 1.7200	 1.1130	 0.0085
 1.7250	 1.1143	 0.0086
 1.7300	 1.1303	 0.0088
 1.7350	 1.1081	 0.0088
 1.7400	 1.1115	 0.0089
 1.7450	 1.1227	 0.0090
 1.7500	 1.1298	 0.0090
 1.7550	 1.1271	 0.0091
 1.7600	 1.1199	 0.0090
 1.7650	 1.1144	 0.0092
 1.7700	 1.1159	 0.0094
 1.7750	 1.1207	 0.0096
 1.7800	 1.1109	 0.0098
 1.7850	 1.1024	 0.0099
 1.7900	 1.1219	 0.0105
 1.7950	 1.1129	 0.0111
 1.8000	 1.1021	 0.0120
 1.8050	 1.1115	 0.0134
 1.8150	 1.1112	 0.0175
 1.8200	 1.1075	 0.0200
 1.8250	 1.1067	 0.0251
 1.8300	 1.1010	 0.0331
 1.8450	 1.0978	 0.0859
 1.8500	 1.1065	 0.0900
 1.8550	 1.1097	 0.0784
 1.8600	 1.1130	 0.0715
 1.8800	 1.0824	 0.0866
 1.8900	 1.1172	 0.0571
 1.8950	 1.1223	 0.0436
 1.9000	 1.1042	 0.0662
 1.9100	 1.0971	 0.0880
 1.9150	 1.0844	 0.0570
 1.9200	 1.1112	 0.0365
 1.9250	 1.1122	 0.0436
 1.9300	 1.1108	 0.0298
 1.9350	 1.0943	 0.0270
 1.9400	 1.1121	 0.0251
 1.9450	 1.1051	 0.0216
 1.9500	 1.0893	 0.0211
 1.9600	 1.0830	 0.0202
 1.9700	 1.1194	 0.0171
 1.9750	 1.1049	 0.0152
 1.9800	 1.1050	 0.0140
 1.9850	 1.1173	 0.0135
 1.9900	 1.1081	 0.0133
 1.9950	 1.1112	 0.0142
 2.0000	 1.1090	 0.0159
 2.0050	 1.1115	 0.0156
 2.0100	 1.0772	 0.0215
 2.0150	 1.0863	 0.0219
 2.0200	 1.0853	 0.0191
 2.0250	 1.0829	 0.0166
 2.0300	 1.0857	 0.0144
 2.0350	 1.0957	 0.0136
 2.0400	 1.0855	 0.0131
 2.0450	 1.0902	 0.0135
 2.0500	 1.0967	 0.0146
 2.0550	 1.0953	 0.0152
 2.0600	 1.0872	 0.0157
 2.0650	 1.0895	 0.0157
 2.0700	 1.0853	 0.0153
 2.0750	 1.0890	 0.0149
 2.0800	 1.0978	 0.0143
 2.0850	 1.0938	 0.0138
 2.0900	 1.1088	 0.0139
 2.0950	 1.1098	 0.0138
 2.1000	 1.1156	 0.0139
 2.1050	 1.0913	 0.0137
 2.1100	 1.1026	 0.0140
 2.1150	 1.1007	 0.0141
 2.1200	 1.0865	 0.0140
 2.1250	 1.1053	 0.0143
 2.1300	 1.1122	 0.0144
 2.1350	 1.1059	 0.0143
 2.1400	 1.1128	 0.0146
 2.1450	 1.1141	 0.0148
 2.1500	 1.1271	 0.0150
 2.1550	 1.1131	 0.0151
 2.1600	 1.1289	 0.0157
 2.1650	 1.1304	 0.0159
 2.1700	 1.1197	 0.0160
 2.1750	 1.1174	 0.0160
 2.1800	 1.1010	 0.0159
 2.1850	 1.0963	 0.0159
 2.1900	 1.1166	 0.0164
 2.1950	 1.1078	 0.0166
 2.2000	 1.1162	 0.0170
 2.2050	 1.1230	 0.0172
 2.2100	 1.1279	 0.0172
 2.2150	 1.1388	 0.0173
 2.2200	 1.1259	 0.0173
 2.2250	 1.1063	 0.0174
 2.2300	 1.1174	 0.0177
 2.2350	 1.1332	 0.0181
 2.2400	 1.1481	 0.0185
 2.2450	 1.1246	 0.0185
 2.2500	 1.1205	 0.0188
 2.2550	 1.1090	 0.0189
 2.2600	 1.1106	 0.0192
 2.2650	 1.1189	 0.0195
 2.2700	 1.1387	 0.0201
 2.2750	 1.1308	 0.0201
 2.2800	 1.1303	 0.0202
 2.2850	 1.1469	 0.0207
 2.2900	 1.1418	 0.0210
 2.2950	 1.1428	 0.0213
 2.3000	 1.1180	 0.0210
 2.3050	 1.1310	 0.0212
 2.3100	 1.1368	 0.0215
 2.3150	 1.1236	 0.0213
 2.3200	 1.1405	 0.0222
 2.3250	 1.1246	 0.0217
 2.3300	 1.1253	 0.0220
 2.3350	 1.1358	 0.0226
 2.3400	 1.1402	 0.0232
 2.3450	 1.1318	 0.0236
 2.3500	 1.1110	 0.0243
 2.3550	 1.1236	 0.0241
 2.3600	 1.1694	 0.0244
 2.3650	 1.1513	 0.0247
 2.3800	 1.1401	 0.0254
 2.3850	 1.1398	 0.0254
 2.3900	 1.1656	 0.0254
 2.3950	 1.1437	 0.0248
 2.4000	 1.1507	 0.0253
 2.4050	 1.1648	 0.0265
 2.4100	 1.1495	 0.0273
 2.4150	 1.1331	 0.0272
 2.4200	 1.1553	 0.0268
 2.4250	 1.1679	 0.0254
 2.4300	 1.1234	 0.0271
 2.4350	 1.1384	 0.0266
 2.4400	 1.1466	 0.0272
 2.4450	 1.1243	 0.0281
 2.4500	 1.1300	 0.1000
 	 	 
