 0.8000	 0.9690	 0.0240
 0.8050	 0.9849	 0.0223
 0.8100	 0.9572	 0.0199
 0.8150	 0.9691	 0.0178
 0.8200	 0.9540	 0.0156
 0.8250	 0.9526	 0.0154
 0.8300	 0.9635	 0.0152
 0.8350	 0.9437	 0.0148
 0.8400	 0.9429	 0.0146
 0.8450	 0.9340	 0.0144
 0.8500	 0.9240	 0.0144
 0.8550	 0.9199	 0.0148
 0.8600	 0.8997	 0.0150
 0.8650	 0.8861	 0.0151
 0.8700	 0.8968	 0.0150
 0.8750	 0.8882	 0.0147
 0.8800	 0.8870	 0.0140
 0.8850	 0.8567	 0.0131
 0.8900	 0.8714	 0.0127
 0.8950	 0.8834	 0.0123
 0.9000	 0.8840	 0.0119
 0.9050	 0.8741	 0.0116
 0.9100	 0.8683	 0.0116
 0.9150	 0.8570	 0.0114
 0.9200	 0.8495	 0.0114
 0.9250	 0.8384	 0.0115
 0.9300	 0.8497	 0.0119
 0.9350	 0.8610	 0.0123
 0.9400	 0.8457	 0.0127
 0.9500	 0.8345	 0.0123
 0.9550	 0.8426	 0.0118
 0.9600	 0.8459	 0.0112
 0.9650	 0.8480	 0.0106
 0.9700	 0.8492	 0.0102
 0.9750	 0.8515	 0.0098
 0.9800	 0.8533	 0.0096
 0.9850	 0.8526	 0.0094
 0.9900	 0.8523	 0.0093
 0.9950	 0.8422	 0.0090
 1.0000	 0.8470	 0.0089
 1.0050	 0.8577	 0.0088
 1.0100	 0.8587	 0.0087
 1.0150	 0.8476	 0.0085
 1.0200	 0.8678	 0.0085
 1.0250	 0.8523	 0.0083
 1.0300	 0.8624	 0.0083
 1.0350	 0.8668	 0.0083
 1.0400	 0.8724	 0.0083
 1.0450	 0.8899	 0.0084
 1.0500	 0.8895	 0.0083
 1.0550	 0.8802	 0.0082
 1.0600	 0.8799	 0.0082
 1.0650	 0.8970	 0.0082
 1.0700	 0.9037	 0.0082
 1.0750	 0.8992	 0.0082
 1.0800	 0.9035	 0.0081
 1.0850	 0.8994	 0.0079
 1.0900	 0.9161	 0.0079
 1.0950	 0.9049	 0.0079
 1.1000	 0.9187	 0.0079
 1.1050	 0.9291	 0.0080
 1.1100	 0.9401	 0.0082
 1.1150	 0.9486	 0.0086
 1.1200	 0.9569	 0.0091
 1.1250	 0.9483	 0.0097
 1.1300	 0.9468	 0.0103
 1.1350	 0.9570	 0.0103
 1.1400	 0.9567	 0.0100
 1.1450	 0.9504	 0.0096
 1.1500	 0.9876	 0.0094
 1.1550	 0.9973	 0.0089
 1.1600	 0.9750	 0.0084
 1.1650	 0.9964	 0.0080
 1.1700	 1.0082	 0.0078
 1.1750	 1.0222	 0.0076
 1.1800	 1.0289	 0.0076
 1.1850	 1.0291	 0.0075
 1.1900	 1.0292	 0.0075
 1.1950	 1.0193	 0.0074
 1.2000	 1.0137	 0.0074
 1.2050	 1.0183	 0.0074
 1.2100	 1.0284	 0.0074
 1.2150	 1.0362	 0.0074
 1.2200	 1.0332	 0.0073
 1.2250	 1.0459	 0.0074
 1.2300	 1.0364	 0.0073
 1.2350	 1.0259	 0.0073
 1.2400	 1.0356	 0.0074
 1.2450	 1.0457	 0.0074
 1.2500	 1.0533	 0.0074
 1.2550	 1.0491	 0.0074
 1.2600	 1.0564	 0.0076
 1.2650	 1.0502	 0.0076
 1.2700	 1.0392	 0.0075
 1.2750	 1.0460	 0.0075
 1.2800	 1.0370	 0.0074
 1.2850	 1.0446	 0.0073
 1.2900	 1.0476	 0.0073
 1.2950	 1.0371	 0.0072
 1.3000	 1.0712	 0.0074
 1.3050	 1.0695	 0.0075
 1.3100	 1.0576	 0.0076
 1.3150	 1.0733	 0.0079
 1.3200	 1.0854	 0.0080
 1.3250	 1.1096	 0.0088
 1.3300	 1.1073	 0.0085
 1.3350	 1.0892	 0.0089
 1.3550	 1.0957	 0.0205
 1.3600	 1.1132	 0.0324
 1.3650	 1.1247	 0.0443
 1.3700	 1.1421	 0.0478
 1.3750	 1.1234	 0.0419
 1.3800	 1.1150	 0.0356
 1.3850	 1.1188	 0.0330
 1.3900	 1.1171	 0.0308
 1.3950	 1.1182	 0.0275
 1.4000	 1.1617	 0.0255
 1.4050	 1.1425	 0.0226
 1.4100	 1.1575	 0.0202
 1.4150	 1.1669	 0.0177
 1.4200	 1.1748	 0.0160
 1.4250	 1.1892	 0.0151
 1.4300	 1.1559	 0.0141
 1.4350	 1.1820	 0.0138
 1.4400	 1.1993	 0.0133
 1.4450	 1.2120	 0.0127
 1.4500	 1.1990	 0.0121
 1.4550	 1.1913	 0.0117
 1.4600	 1.2401	 0.0110
 1.4650	 1.2235	 0.0117
 1.4750	 1.2310	 0.0121
 1.4800	 1.2229	 0.0117
 1.4850	 1.2282	 0.0112
 1.4900	 1.2181	 0.0108
 1.4950	 1.2147	 0.0106
 1.5000	 1.2081	 0.0104
 1.5050	 1.2516	 0.0105
 1.5100	 1.2419	 0.0104
 1.5150	 1.2085	 0.0101
 1.5200	 1.1922	 0.0100
 1.5250	 1.2160	 0.0101
 1.5300	 1.2553	 0.0103
 1.5350	 1.2465	 0.0103
 1.5400	 1.2679	 0.0105
 1.5450	 1.2366	 0.0103
 1.5500	 1.2538	 0.0105
 1.5550	 1.2543	 0.0105
 1.5600	 1.2364	 0.0106
 1.5650	 1.2337	 0.0107
 1.5700	 1.2435	 0.0108
 1.5750	 1.2599	 0.0111
 1.5800	 1.2699	 0.0112
 1.5850	 1.2659	 0.0112
 1.5900	 1.2550	 0.0111
 1.5950	 1.2637	 0.0113
 1.6000	 1.2831	 0.0115
 1.6050	 1.2378	 0.0113
 1.6100	 1.2201	 0.0113
 1.6150	 1.2446	 0.0114
 1.6200	 1.2845	 0.0115
 1.6250	 1.3182	 0.0117
 1.6300	 1.3168	 0.0118
 1.6350	 1.2782	 0.0118
 1.6400	 1.2217	 0.0118
 1.6450	 1.2572	 0.0121
 1.6500	 1.2863	 0.0124
 1.6550	 1.2932	 0.0124
 1.6600	 1.2340	 0.0121
 1.6650	 1.2728	 0.0125
 1.6700	 1.3216	 0.0129
 1.6750	 1.2777	 0.0129
 1.6800	 1.2694	 0.0130
 1.6850	 1.2711	 0.0130
 1.6900	 1.3083	 0.0134
 1.6950	 1.2778	 0.0133
 1.7000	 1.2503	 0.0133
 1.7050	 1.2417	 0.0135
 1.7100	 1.2328	 0.0134
 1.7150	 1.3115	 0.0140
 1.7200	 1.3100	 0.0141
 1.7250	 1.2830	 0.0141
 1.7300	 1.2672	 0.0142
 1.7350	 1.2688	 0.0145
 1.7400	 1.2412	 0.0144
 1.7450	 1.2714	 0.0148
 1.7500	 1.2818	 0.0148
 1.7550	 1.2528	 0.0147
 1.7600	 1.2663	 0.0148
 1.7650	 1.2520	 0.0150
 1.7700	 1.2445	 0.0153
 1.7750	 1.2423	 0.0156
 1.7800	 1.2316	 0.0159
 1.7850	 1.2593	 0.0164
 1.7900	 1.2502	 0.0168
 1.7950	 1.2066	 0.0173
 1.8000	 1.2790	 0.0195
 1.8050	 1.2320	 0.0213
 1.8100	 1.2188	 0.0235
 1.8150	 1.2182	 0.0265
 1.8200	 1.2717	 0.0305
 1.8250	 1.2962	 0.0371
 1.8300	 1.1561	 0.0432
 1.8350	 1.2264	 0.0560
 1.8400	 1.2823	 0.0862
 1.8450	 1.1658	 0.1062
 1.8500	 1.1915	 0.1015
 1.8550	 1.2589	 0.0917
 1.8650	 1.2205	 0.0948
 1.8700	 1.1773	 0.0959
 1.8750	 1.2989	 0.1066
 1.8800	 1.2794	 0.1063
 1.8850	 1.2579	 0.0771
 1.8900	 1.2266	 0.0584
 1.8950	 1.2306	 0.0593
 1.9000	 1.1877	 0.0684
 1.9050	 1.1380	 0.0787
 1.9100	 1.1690	 0.0890
 1.9200	 1.1906	 0.0637
 1.9400	 1.2478	 0.0397
 1.9450	 1.2612	 0.0371
 1.9500	 1.1869	 0.0352
 1.9550	 1.1500	 0.0336
 1.9600	 1.1443	 0.0332
 1.9650	 1.1760	 0.0322
 1.9700	 1.2339	 0.0302
 1.9750	 1.1929	 0.0264
 1.9800	 1.1763	 0.0240
 1.9850	 1.2010	 0.0230
 1.9900	 1.1878	 0.0224
 1.9950	 1.1331	 0.0226
 2.0100	 1.1793	 0.0366
 2.0150	 1.1067	 0.0372
 2.0250	 1.1647	 0.0296
 2.0300	 1.1419	 0.0253
 2.0350	 1.1598	 0.0230
 2.0400	 1.1469	 0.0220
 2.0450	 1.2334	 0.0232
 2.0500	 1.2088	 0.0243
 2.0550	 1.1121	 0.0248
 2.0600	 1.0987	 0.0259
 2.0650	 1.1797	 0.0276
 2.0700	 1.2116	 0.0276
 2.0850	 1.2121	 0.0243
 2.0900	 1.1936	 0.0238
 2.0950	 1.1784	 0.0239
 2.1000	 1.0979	 0.0229
 2.1050	 1.1297	 0.0234
 2.1100	 1.1250	 0.0236
 2.1150	 1.1316	 0.0237
 2.1200	 1.1878	 0.0246
 2.1250	 1.1650	 0.0245
 2.1300	 1.2087	 0.0252
 2.1350	 1.1939	 0.0252
 2.1400	 1.1915	 0.0254
 2.1450	 1.1806	 0.0257
 2.1500	 1.1582	 0.0257
 2.1550	 1.1660	 0.0263
 2.1600	 1.1979	 0.0275
 2.1650	 1.1509	 0.0274
 2.1700	 1.2127	 0.0284
 2.1800	 1.1917	 0.0284
 2.1850	 1.2130	 0.0287
 2.1900	 1.1756	 0.0288
 2.1950	 1.1888	 0.0292
 2.2000	 1.2231	 0.0306
 2.2050	 1.1877	 0.0304
 2.2100	 1.2078	 0.0307
 2.2150	 1.1968	 0.0308
 2.2200	 1.1481	 0.0303
 2.2250	 1.2063	 0.0318
 2.2300	 1.1935	 0.0320
 2.2350	 1.2069	 0.0324
 2.2400	 1.2376	 0.0338
 2.2450	 1.2098	 0.0336
 2.2500	 1.2002	 0.0343
 2.2550	 1.2113	 0.0350
 2.2600	 1.1842	 0.0353
 2.2650	 1.1559	 0.0350
 2.2700	 1.2434	 0.0369
 2.2750	 1.2539	 0.0376
 2.2800	 1.2256	 0.0378
 2.2850	 1.1517	 0.0367
 2.2900	 1.2409	 0.0386
 2.2950	 1.2661	 0.0405
 2.3000	 1.1936	 0.0386
 2.3050	 1.3065	 0.0404
 2.3100	 1.2794	 0.0406
 2.3150	 1.2599	 0.0413
 2.3200	 1.3007	 0.0435
 2.3250	 1.2667	 0.0418
 2.3300	 1.2871	 0.0428
 2.3350	 1.2284	 0.0425
 2.3400	 1.2813	 0.0449
 2.3450	 1.2303	 0.0447
 2.3500	 1.2807	 0.0460
 2.3550	 1.3028	 0.0465
 2.3600	 1.3380	 0.0473
 2.3650	 1.2578	 0.0479
 2.3750	 1.3099	 0.0491
 2.3850	 1.2888	 0.0509
 2.3900	 1.3106	 0.0503
 2.3950	 1.3325	 0.0506
 2.4000	 1.3177	 0.0511
 2.4500	 1.3350	 0.1000
