 0.8300	 0.8645	 0.0177
 0.8350	 0.8719	 0.0174
 0.8400	 0.8867	 0.0174
 0.8450	 0.8828	 0.0171
 0.8500	 0.8782	 0.0177
 0.8550	 0.8668	 0.0181
 0.8600	 0.8666	 0.0183
 0.8650	 0.8704	 0.0182
 0.8700	 0.8592	 0.0180
 0.8750	 0.8610	 0.0172
 0.8800	 0.8749	 0.0165
 0.8850	 0.8655	 0.0159
 0.8900	 0.8693	 0.0151
 0.8950	 0.8765	 0.0148
 0.9000	 0.8862	 0.0145
 0.9050	 0.8838	 0.0143
 0.9100	 0.8833	 0.0143
 0.9150	 0.8756	 0.0142
 0.9200	 0.8810	 0.0143
 0.9250	 0.8742	 0.0145
 0.9300	 0.8681	 0.0148
 0.9350	 0.8673	 0.0150
 0.9400	 0.8705	 0.0151
 0.9450	 0.8721	 0.0149
 0.9500	 0.8893	 0.0144
 0.9550	 0.8917	 0.0139
 0.9600	 0.8944	 0.0138
 0.9650	 0.8964	 0.0131
 0.9700	 0.8983	 0.0125
 0.9750	 0.8951	 0.0123
 0.9800	 0.8973	 0.0122
 0.9850	 0.8945	 0.0119
 0.9900	 0.8927	 0.0118
 0.9950	 0.8915	 0.0116
 1.0000	 0.9038	 0.0115
 1.0050	 0.8906	 0.0114
 1.0100	 0.8871	 0.0112
 1.0150	 0.8962	 0.0110
 1.0200	 0.9122	 0.0110
 1.0250	 0.9120	 0.0109
 1.0300	 0.9175	 0.0110
 1.0350	 0.9223	 0.0110
 1.0400	 0.9221	 0.0110
 1.0450	 0.9194	 0.0109
 1.0500	 0.9325	 0.0109
 1.0550	 0.9215	 0.0109
 1.0600	 0.9212	 0.0108
 1.0650	 0.9294	 0.0107
 1.0700	 0.9232	 0.0107
 1.0750	 0.9321	 0.0106
 1.0800	 0.9440	 0.0105
 1.0850	 0.9425	 0.0104
 1.0900	 0.9476	 0.0104
 1.0950	 0.9488	 0.0103
 1.1000	 0.9432	 0.0104
 1.1050	 0.9514	 0.0104
 1.1100	 0.9579	 0.0107
 1.1150	 0.9649	 0.0114
 1.1200	 0.9390	 0.0120
 1.1250	 0.9366	 0.0124
 1.1300	 0.9568	 0.0123
 1.1350	 0.9581	 0.0121
 1.1400	 0.9665	 0.0119
 1.1450	 0.9658	 0.0115
 1.1500	 0.9503	 0.0113
 1.1550	 0.9764	 0.0107
 1.1600	 0.9990	 0.0103
 1.1650	 1.0038	 0.0101
 1.1700	 0.9972	 0.0099
 1.1750	 0.9967	 0.0097
 1.1800	 1.0043	 0.0097
 1.1850	 0.9972	 0.0096
 1.1900	 1.0082	 0.0096
 1.1950	 1.0109	 0.0097
 1.2000	 1.0051	 0.0096
 1.2050	 1.0201	 0.0097
 1.2100	 1.0184	 0.0096
 1.2150	 1.0154	 0.0097
 1.2200	 1.0153	 0.0096
 1.2250	 1.0241	 0.0096
 1.2300	 1.0308	 0.0097
 1.2350	 1.0267	 0.0097
 1.2400	 1.0419	 0.0098
 1.2450	 1.0389	 0.0098
 1.2500	 1.0308	 0.0098
 1.2550	 1.0393	 0.0100
 1.2600	 1.0461	 0.0101
 1.2650	 1.0333	 0.0101
 1.2700	 0.9939	 0.0103
 1.2750	 0.9943	 0.0103
 1.2800	 1.0351	 0.0097
 1.2850	 1.0389	 0.0097
 1.2900	 1.0381	 0.0097
 1.2950	 1.0456	 0.0096
 1.3000	 1.0510	 0.0098
 1.3050	 1.0488	 0.0100
 1.3100	 1.0396	 0.0101
 1.3150	 1.0599	 0.0103
 1.3200	 1.0543	 0.0104
 1.3250	 1.0611	 0.0107
 1.3300	 1.0594	 0.0110
 1.3350	 1.0640	 0.0118
 1.3400	 1.0661	 0.0133
 1.3450	 1.0673	 0.0160
 1.3500	 1.1023	 0.0217
 1.3550	 1.0767	 0.0270
 1.3600	 1.0331	 0.0310
 1.3700	 1.0707	 0.0308
 1.3800	 1.0725	 0.0287
 1.3850	 1.0688	 0.0275
 1.3900	 1.0570	 0.0245
 1.3950	 1.0645	 0.0245
 1.4000	 1.0769	 0.0227
 1.4050	 1.0819	 0.0208
 1.4100	 1.0907	 0.0191
 1.4150	 1.0903	 0.0175
 1.4200	 1.0983	 0.0167
 1.4250	 1.1133	 0.0164
 1.4300	 1.1122	 0.0158
 1.4350	 1.1137	 0.0153
 1.4400	 1.1152	 0.0147
 1.4450	 1.1026	 0.0140
 1.4500	 1.1094	 0.0136
 1.4550	 1.1242	 0.0136
 1.4600	 1.1093	 0.0138
 1.4650	 1.1152	 0.0139
 1.4700	 1.0944	 0.0138
 1.4750	 1.1140	 0.0137
 1.4800	 1.1176	 0.0133
 1.4850	 1.1311	 0.0131
 1.4900	 1.1156	 0.0129
 1.4950	 1.0724	 0.0123
 1.5000	 1.1268	 0.0125
 1.5050	 1.1279	 0.0127
 1.5200	 1.1393	 0.0125
 1.5250	 1.1620	 0.0128
 1.5300	 1.1352	 0.0127
 1.5350	 1.1536	 0.0128
 1.5400	 1.1677	 0.0130
 1.5450	 1.1525	 0.0129
 1.5500	 1.1657	 0.0130
 1.5550	 1.1531	 0.0130
 1.5600	 1.1345	 0.0131
 1.5650	 1.1325	 0.0132
 1.5700	 1.1323	 0.0133
 1.5750	 1.1366	 0.0135
 1.5800	 1.1479	 0.0135
 1.5850	 1.1521	 0.0135
 1.5900	 1.1473	 0.0135
 1.5950	 1.1539	 0.0137
 1.6000	 1.1338	 0.0138
 1.6050	 1.1361	 0.0139
 1.6100	 1.1667	 0.0143
 1.6150	 1.1739	 0.0140
 1.6200	 1.1554	 0.0138
 1.6250	 1.1546	 0.0139
 1.6300	 1.1526	 0.0141
 1.6350	 1.1291	 0.0142
 1.6400	 1.1634	 0.0146
 1.6450	 1.1856	 0.0150
 1.6500	 1.1856	 0.0149
 1.6550	 1.1794	 0.0149
 1.6600	 1.1641	 0.0149
 1.6650	 1.1532	 0.0151
 1.6700	 1.1418	 0.0153
 1.6750	 1.1615	 0.0154
 1.6800	 1.1887	 0.0159
 1.6850	 1.1738	 0.0157
 1.6900	 1.1901	 0.0160
 1.6950	 1.1817	 0.0161
 1.7000	 1.1522	 0.0161
 1.7050	 1.1619	 0.0161
 1.7100	 1.1771	 0.0163
 1.7150	 1.1759	 0.0165
 1.7200	 1.1884	 0.0167
 1.7250	 1.2072	 0.0171
 1.7300	 1.1893	 0.0173
 1.7350	 1.1734	 0.0174
 1.7400	 1.1673	 0.0173
 1.7450	 1.1753	 0.0174
 1.7500	 1.1817	 0.0175
 1.7550	 1.1730	 0.0176
 1.7600	 1.1603	 0.0174
 1.7650	 1.1834	 0.0179
 1.7700	 1.1752	 0.0185
 1.7750	 1.1750	 0.0192
 1.7800	 1.1995	 0.0192
 1.7850	 1.1940	 0.0195
 1.7900	 1.1795	 0.0202
 1.7950	 1.1685	 0.0215
 1.8000	 1.1533	 0.0230
 1.8050	 1.1747	 0.0252
 1.8100	 1.1773	 0.0283
 1.8150	 1.1663	 0.0311
 1.8200	 1.1875	 0.0349
 1.8250	 1.1953	 0.0412
 1.8300	 1.1974	 0.0510
 1.8350	 1.1544	 0.0626
 1.8400	 1.1386	 0.0734
 1.8450	 1.1928	 0.0802
 1.8500	 1.1846	 0.0792
 1.8550	 1.1470	 0.0729
 1.8600	 1.1670	 0.0689
 1.8650	 1.2165	 0.0755
 1.8850	 1.1981	 0.0559
 1.8900	 1.2135	 0.0518
 1.8950	 1.2066	 0.0570
 1.9000	 1.1891	 0.0678
 1.9050	 1.1177	 0.0714
 1.9100	 1.1228	 0.0713
 1.9150	 1.1380	 0.0624
 1.9200	 1.1663	 0.0546
 1.9250	 1.1948	 0.0491
 1.9300	 1.2008	 0.0445
 1.9350	 1.1844	 0.0419
 1.9400	 1.1753	 0.0400
 1.9450	 1.1927	 0.0380
 1.9500	 1.2159	 0.0406
 1.9550	 1.1958	 0.0403
 1.9600	 1.1700	 0.0386
 1.9650	 1.1796	 0.0364
 1.9700	 1.1693	 0.0327
 1.9750	 1.1856	 0.0295
 1.9800	 1.1836	 0.0277
 1.9850	 1.1743	 0.0265
 1.9900	 1.1713	 0.0267
 1.9950	 1.1862	 0.0293
 2.0000	 1.2241	 0.0364
 2.0050	 1.1762	 0.0435
 2.0100	 1.1713	 0.0485
 2.0150	 1.2063	 0.0468
 2.0200	 1.1904	 0.0391
 2.0250	 1.1850	 0.0337
 2.0300	 1.2008	 0.0295
 2.0350	 1.2418	 0.0282
 2.0400	 1.2422	 0.0283
 2.0450	 1.2230	 0.0291
 2.0500	 1.2310	 0.0320
 2.0550	 1.1968	 0.0330
 2.0600	 1.2241	 0.0342
 2.0650	 1.2390	 0.0345
 2.0700	 1.2204	 0.0336
 2.0750	 1.1697	 0.0317
 2.0800	 1.2391	 0.0307
 2.0850	 1.2595	 0.0297
 2.0900	 1.2799	 0.0302
 2.0950	 1.2597	 0.0301
 2.1000	 1.2390	 0.0297
 2.1050	 1.2337	 0.0298
 2.1100	 1.2219	 0.0297
 2.1150	 1.2461	 0.0303
 2.1200	 1.2620	 0.0307
 2.1250	 1.2486	 0.0310
 2.1300	 1.2265	 0.0307
 2.1350	 1.2366	 0.0310
 2.1400	 1.2356	 0.0314
 2.1450	 1.2343	 0.0320
 2.1500	 1.2010	 0.0319
 2.1550	 1.2056	 0.0323
 2.1600	 1.2438	 0.0338
 2.1650	 1.2451	 0.0348
 2.1700	 1.2481	 0.0346
 2.1750	 1.2425	 0.0349
 2.1800	 1.2323	 0.0345
 2.1850	 1.2375	 0.0349
 2.1900	 1.2449	 0.0356
 2.1950	 1.2559	 0.0365
 2.2000	 1.2622	 0.0376
 2.2050	 1.2665	 0.0375
 2.2100	 1.2623	 0.0375
 2.2150	 1.2679	 0.0375
 2.2200	 1.2713	 0.0386
 2.2250	 1.2516	 0.0387
 2.2300	 1.2562	 0.0393
 2.2350	 1.2416	 0.0395
 2.2400	 1.2731	 0.0403
 2.2450	 1.2805	 0.0413
 2.2500	 1.2595	 0.0415
 2.2550	 1.2597	 0.0426
 2.2600	 1.2473	 0.0428
 2.2650	 1.2615	 0.0430
 2.2700	 1.2758	 0.0443
 2.2750	 1.2575	 0.0448
 2.2800	 1.2436	 0.0445
 2.2850	 1.2506	 0.0453
 2.2900	 1.2537	 0.0462
 2.2950	 1.2917	 0.0478
 2.3000	 1.2889	 0.0469
 2.3050	 1.3246	 0.0462
 2.3100	 1.3083	 0.0495
 2.3150	 1.2785	 0.0493
 2.3350	 1.2933	 0.0517
 2.3400	 1.2867	 0.0534
 2.3450	 1.3027	 0.0537
 2.3500	 1.2840	 0.0528
 2.3550	 1.2761	 0.0524
 2.3600	 1.3082	 0.0536
 2.3700	 1.3259	 0.0582
 2.3750	 1.3051	 0.0558
 2.3850	 1.3551	 0.0581
 2.3900	 1.3413	 0.0570
 2.3950	 1.3562	 0.0569
 2.4000	 1.3583	 0.0579
 2.4150	 1.3615	 0.0587
 2.4250	 1.3307	 0.0628
 2.4300	 1.3258	 0.0601
 2.4500	 1.3346	 0.1000
