 0.8050	 0.8948	 0.0039
 0.8100	 0.8683	 0.0038
 0.8150	 0.8938	 0.0037
 0.8200	 0.8792	 0.0036
 0.8250	 0.8820	 0.0037
 0.8300	 0.9109	 0.0035
 0.8350	 0.7937	 0.0035
 0.8400	 0.8643	 0.0033
 0.8450	 0.8125	 0.0033
 0.8500	 0.8514	 0.0032
 0.8550	 0.8026	 0.0032
 0.8600	 0.8316	 0.0030
 0.8650	 0.8224	 0.0032
 0.8700	 0.8135	 0.0029
 0.8750	 0.7934	 0.0029
 0.8800	 0.7919	 0.0028
 0.8850	 0.8098	 0.0028
 0.8900	 0.8041	 0.0027
 0.8950	 0.8085	 0.0027
 0.9000	 0.8018	 0.0026
 0.9050	 0.7806	 0.0024
 0.9100	 0.8044	 0.0024
 0.9150	 0.7960	 0.0023
 0.9200	 0.7658	 0.0022
 0.9250	 0.7924	 0.0022
 0.9300	 0.7810	 0.0026
 0.9350	 0.7966	 0.0029
 0.9400	 0.7976	 0.0026
 0.9450	 0.7944	 0.0027
 0.9500	 0.7810	 0.0025
 0.9550	 0.7867	 0.0023
 0.9600	 0.7999	 0.0021
 0.9650	 0.7817	 0.0020
 0.9700	 0.8064	 0.0020
 0.9750	 0.8127	 0.0019
 0.9800	 0.8082	 0.0020
 0.9850	 0.7931	 0.0018
 0.9900	 0.7946	 0.0019
 0.9950	 0.7998	 0.0022
 1.0000	 0.7738	 0.0020
 1.0050	 0.7933	 0.0019
 1.0100	 0.8248	 0.0019
 1.0150	 0.8314	 0.0020
 1.0200	 0.8045	 0.0020
 1.0250	 0.8278	 0.0018
 1.0300	 0.8402	 0.0020
 1.0350	 0.8302	 0.0018
 1.0400	 0.8424	 0.0019
 1.0450	 0.8311	 0.0018
 1.0500	 0.8382	 0.0016
 1.0550	 0.8502	 0.0015
 1.0600	 0.8339	 0.0015
 1.0650	 0.8430	 0.0014
 1.0700	 0.8540	 0.0018
 1.0750	 0.8646	 0.0019
 1.0800	 0.8556	 0.0017
 1.0850	 0.8877	 0.0021
 1.0900	 0.8213	 0.0017
 1.0950	 0.8620	 0.0019
 1.1000	 0.8952	 0.0018
 1.1050	 0.8836	 0.0017
 1.1100	 0.8915	 0.0015
 1.1150	 0.8805	 0.0015
 1.1200	 0.9113	 0.0016
 1.1250	 0.8900	 0.0016
 1.1300	 0.9047	 0.0021
 1.1350	 0.8780	 0.0023
 1.1400	 0.9464	 0.0017
 1.1450	 0.9358	 0.0023
 1.1500	 0.9329	 0.0018
 1.1550	 0.9633	 0.0020
 1.1600	 0.9221	 0.0020
 1.1650	 0.9465	 0.0018
 1.1700	 0.9666	 0.0016
 1.1750	 0.9758	 0.0014
 1.1800	 0.9738	 0.0014
 1.1850	 0.9551	 0.0012
 1.1900	 0.9381	 0.0012
 1.1950	 0.9578	 0.0014
 1.2000	 0.9475	 0.0020
 1.2050	 0.9725	 0.0018
 1.2100	 0.9894	 0.0017
 1.2150	 1.0000	 0.0019
 1.2200	 1.0348	 0.0016
 1.2250	 1.0164	 0.0019
 1.2300	 0.9886	 0.0019
 1.2350	 0.9936	 0.0017
 1.2400	 0.9779	 0.0016
 1.2450	 1.0163	 0.0014
 1.2500	 1.0057	 0.0014
 1.2550	 1.0186	 0.0014
 1.2600	 1.0343	 0.0018
 1.2650	 1.0058	 0.0022
 1.2700	 1.0431	 0.0029
 1.2750	 1.0517	 0.0028
 1.2800	 1.0493	 0.0027
 1.2850	 1.0311	 0.0019
 1.2900	 1.0434	 0.0022
 1.2950	 1.0738	 0.0018
 1.3000	 1.0886	 0.0018
 1.3050	 1.0733	 0.0020
 1.3100	 1.0080	 0.0019
 1.3150	 1.0667	 0.0018
 1.3200	 1.0941	 0.0017
 1.3250	 1.1202	 0.0016
 1.3300	 1.0866	 0.0014
 1.3350	 1.0961	 0.0013
 1.3400	 1.1204	 0.0013
 1.3450	 1.1172	 0.0013
 1.3500	 1.1309	 0.0015
 1.3550	 1.1522	 0.0022
 1.3600	 1.1516	 0.0033
 1.3750	 1.1382	 0.0025
 1.3800	 1.2162	 0.0032
 1.3850	 1.1817	 0.0042
 1.3900	 1.1761	 0.0027
 1.3950	 1.1723	 0.0031
 1.4000	 1.2482	 0.0040
 1.4050	 1.1864	 0.0038
 1.4100	 1.2074	 0.0035
 1.4150	 1.2321	 0.0033
 1.4200	 1.1872	 0.0026
 1.4250	 1.2130	 0.0019
 1.4300	 1.2342	 0.0021
 1.4350	 1.1781	 0.0023
 1.4400	 1.1976	 0.0018
 1.4450	 1.2304	 0.0016
 1.4500	 1.2480	 0.0024
 1.4550	 1.2054	 0.0023
 1.4600	 1.2890	 0.0022
 1.4650	 1.3233	 0.0021
 1.4700	 1.2760	 0.0022
 1.4750	 1.2435	 0.0022
 1.4800	 1.2470	 0.0024
 1.4850	 1.2787	 0.0025
 1.4900	 1.2510	 0.0022
 1.4950	 1.2218	 0.0015
 1.5000	 1.2978	 0.0019
 1.5050	 1.2742	 0.0029
 1.5100	 1.2760	 0.0022
 1.5150	 1.2661	 0.0015
 1.5200	 1.2805	 0.0021
 1.5250	 1.2526	 0.0023
 1.5300	 1.3028	 0.0024
 1.5350	 1.3093	 0.0024
 1.5400	 1.3423	 0.0023
 1.5450	 1.3369	 0.0021
 1.5500	 1.3592	 0.0021
 1.5550	 1.3358	 0.0023
 1.5600	 1.2860	 0.0024
 1.5650	 1.3166	 0.0023
 1.5700	 1.2669	 0.0019
 1.5750	 1.2850	 0.0017
 1.5800	 1.3080	 0.0029
 1.5850	 1.2897	 0.0031
 1.5900	 1.3002	 0.0021
 1.5950	 1.2964	 0.0017
 1.6000	 1.3500	 0.0024
 1.6050	 1.3376	 0.0027
 1.6100	 1.3239	 0.0027
 1.6150	 1.2917	 0.0026
 1.6200	 1.2498	 0.0025
 1.6250	 1.2379	 0.0023
 1.6300	 1.1985	 0.0022
 1.6350	 1.2955	 0.0024
 1.6400	 1.3118	 0.0025
 1.6450	 1.3350	 0.0026
 1.6500	 1.3297	 0.0025
 1.6550	 1.3374	 0.0019
 1.6600	 1.3557	 0.0015
 1.6650	 1.3734	 0.0025
 1.6700	 1.3178	 0.0031
 1.6750	 1.2993	 0.0025
 1.6800	 1.3118	 0.0016
 1.6850	 1.3585	 0.0021
 1.6900	 1.3348	 0.0026
 1.6950	 1.3462	 0.0028
 1.7000	 1.3177	 0.0027
 1.7050	 1.3272	 0.0027
 1.7100	 1.3361	 0.0026
 1.7150	 1.3093	 0.0024
 1.7200	 1.2695	 0.0023
 1.7250	 1.3071	 0.0025
 1.7300	 1.3195	 0.0024
 1.7350	 1.3067	 0.0027
 1.7400	 1.3239	 0.0028
 1.7450	 1.3285	 0.0025
 1.7500	 1.3160	 0.0021
 1.7550	 1.2886	 0.0016
 1.7600	 1.3127	 0.0024
 1.7650	 1.3377	 0.0033
 1.7700	 1.2943	 0.0030
 1.7750	 1.2613	 0.0019
 1.7800	 1.2853	 0.0020
 1.7850	 1.2480	 0.0027
 1.7900	 1.2616	 0.0027
 1.7950	 1.1840	 0.0030
 1.8000	 1.2875	 0.0037
 1.8050	 1.2138	 0.0039
 1.8100	 1.2986	 0.0040
 1.8150	 1.3402	 0.0040
 1.8200	 1.3150	 0.0038
 1.8250	 1.3396	 0.0043
 1.8300	 1.3485	 0.0044
 1.8350	 1.4390	 0.0049
 1.8400	 1.3434	 0.0071
 1.8450	 1.3088	 0.0075
 1.8500	 1.1661	 0.0073
 1.8550	 1.3296	 0.0071
 1.8600	 1.2421	 0.0053
 1.8650	 1.3390	 0.0047
 1.8800	 1.2331	 0.0056
 1.8850	 1.2801	 0.0037
 1.8900	 1.3259	 0.0037
 1.8950	 1.3314	 0.0040
 1.9000	 1.4039	 0.0052
 1.9050	 1.2451	 0.0062
 1.9100	 1.3060	 0.0055
 1.9150	 1.3349	 0.0053
 1.9200	 1.3890	 0.0060
 1.9250	 1.2637	 0.0057
 1.9300	 1.1991	 0.0048
 1.9350	 1.2531	 0.0039
 1.9400	 1.2631	 0.0033
 1.9450	 1.3114	 0.0030
 1.9500	 1.3357	 0.0038
 1.9550	 1.3332	 0.0047
 1.9600	 1.3019	 0.0048
 1.9650	 1.2537	 0.0044
 1.9700	 1.2503	 0.0042
 1.9750	 1.2320	 0.0037
 1.9800	 1.2352	 0.0030
 1.9850	 1.2917	 0.0023
 1.9950	 1.3943	 0.0036
 2.0000	 1.4724	 0.0062
 2.0050	 1.2996	 0.0078
 2.0100	 1.1824	 0.0055
 2.0150	 1.3076	 0.0048
 2.0200	 1.2800	 0.0044
 2.0250	 1.3848	 0.0041
 2.0300	 1.3628	 0.0038
 2.0350	 1.3647	 0.0038
 2.0400	 1.3879	 0.0038
 2.0450	 1.4678	 0.0037
 2.0500	 1.4483	 0.0041
 2.0550	 1.3521	 0.0047
 2.0600	 1.4343	 0.0042
 2.0650	 1.3760	 0.0034
 2.0700	 1.3613	 0.0039
 2.0750	 1.3521	 0.0035
 2.0800	 1.3174	 0.0030
 2.0850	 1.3237	 0.0031
 2.0900	 1.3910	 0.0032
 2.0950	 1.3670	 0.0028
 2.1000	 1.3790	 0.0027
 2.1050	 1.3386	 0.0033
 2.1100	 1.4223	 0.0036
 2.1150	 1.3898	 0.0037
 2.1200	 1.3857	 0.0036
 2.1250	 1.3804	 0.0035
 2.1300	 1.3722	 0.0034
 2.1350	 1.3128	 0.0030
 2.1400	 1.3392	 0.0028
 2.1450	 1.4238	 0.0031
 2.1500	 1.4646	 0.0042
 2.1550	 1.4309	 0.0045
 2.1600	 1.4382	 0.0039
 2.1650	 1.3725	 0.0034
 2.1700	 1.4057	 0.0034
 2.1750	 1.4243	 0.0036
 2.1800	 1.4333	 0.0040
 2.1850	 1.4161	 0.0042
 2.1900	 1.3597	 0.0041
 2.1950	 1.4096	 0.0044
 2.2000	 1.4836	 0.0045
 2.2050	 1.4747	 0.0047
 2.2100	 1.4599	 0.0045
 2.2150	 1.4660	 0.0048
 2.2200	 1.3861	 0.0045
 2.2250	 1.3427	 0.0043
 2.2300	 1.4009	 0.0043
 2.2350	 1.4533	 0.0048
 2.2400	 1.4221	 0.0049
 2.2450	 1.4540	 0.0047
 2.2500	 1.4812	 0.0046
 2.2550	 1.4704	 0.0048
 2.2600	 1.4818	 0.0051
 2.2650	 1.4451	 0.0051
 2.2700	 1.4805	 0.0051
 2.2750	 1.4241	 0.0051
 2.2800	 1.4326	 0.0053
 2.2850	 1.5024	 0.0055
 2.2900	 1.5191	 0.0056
 2.2950	 1.5127	 0.0056
 2.3000	 1.3472	 0.0056
 2.3050	 1.4653	 0.0058
 2.3100	 1.4505	 0.0061
 2.3150	 1.5827	 0.0062
 2.3200	 1.6426	 0.0062
 2.3250	 1.6375	 0.0062
 2.3300	 1.6119	 0.0062
 2.3350	 1.5676	 0.0066
 2.3400	 1.5318	 0.0069
 2.3450	 1.5489	 0.0069
 2.3500	 1.4965	 0.0070
 2.3550	 1.3108	 0.0069
 2.3600	 1.3896	 0.0072
 2.3650	 1.3307	 0.0075
 2.4500	 1.3307	 0.0075
