 0.8200	 0.8836	 0.0168
 0.8250	 0.9049	 0.0163
 0.8300	 0.9132	 0.0159
 0.8350	 0.9119	 0.0163
 0.8400	 0.9195	 0.0161
 0.8450	 0.9219	 0.0160
 0.8500	 0.9049	 0.0153
 0.8550	 0.9016	 0.0160
 0.8600	 0.9120	 0.0165
 0.8650	 0.8921	 0.0160
 0.8700	 0.8685	 0.0164
 0.8750	 0.8683	 0.0174
 0.8800	 0.8780	 0.0170
 0.8850	 0.9060	 0.0150
 0.8900	 0.8922	 0.0144
 0.8950	 0.9082	 0.0141
 0.9000	 0.9013	 0.0137
 0.9050	 0.9148	 0.0131
 0.9100	 0.9226	 0.0130
 0.9150	 0.9370	 0.0130
 0.9200	 0.9190	 0.0134
 0.9250	 0.9174	 0.0133
 0.9300	 0.9100	 0.0134
 0.9350	 0.8958	 0.0134
 0.9400	 0.9195	 0.0148
 0.9450	 0.9313	 0.0143
 0.9500	 0.9358	 0.0146
 0.9550	 0.9340	 0.0145
 0.9600	 0.9304	 0.0133
 0.9650	 0.9331	 0.0137
 0.9700	 0.9297	 0.0125
 0.9750	 0.9300	 0.0120
 0.9800	 0.9485	 0.0119
 0.9850	 0.9360	 0.0117
 0.9900	 0.9442	 0.0117
 0.9950	 0.9413	 0.0117
 1.0000	 0.9416	 0.0113
 1.0050	 0.9505	 0.0114
 1.0100	 0.9517	 0.0111
 1.0150	 0.9400	 0.0114
 1.0200	 0.9608	 0.0123
 1.0250	 0.9708	 0.0118
 1.0300	 0.9703	 0.0116
 1.0350	 0.9652	 0.0111
 1.0400	 0.9926	 0.0124
 1.0450	 0.9839	 0.0111
 1.0500	 0.9816	 0.0119
 1.0550	 0.9916	 0.0113
 1.0600	 0.9738	 0.0111
 1.0650	 0.9724	 0.0116
 1.0700	 0.9742	 0.0113
 1.0750	 0.9645	 0.0116
 1.0800	 0.9428	 0.0113
 1.1150	 0.9205	 0.0126
 1.1200	 0.9491	 0.0128
 1.1250	 0.9691	 0.0137
 1.1300	 0.9872	 0.0150
 1.1350	 0.9935	 0.0155
 1.1400	 0.9950	 0.0150
 1.1450	 1.0022	 0.0149
 1.1500	 0.9947	 0.0150
 1.1550	 1.0004	 0.0148
 1.1600	 1.0007	 0.0145
 1.1650	 0.9825	 0.0133
 1.1700	 1.0194	 0.0130
 1.1750	 1.0110	 0.0129
 1.1800	 0.9849	 0.0128
 1.1850	 0.9936	 0.0126
 1.1900	 0.9991	 0.0128
 1.1950	 0.9980	 0.0126
 1.2000	 0.9909	 0.0122
 1.2050	 0.9799	 0.0126
 1.2100	 0.9927	 0.0132
 1.2150	 1.0192	 0.0133
 1.2200	 1.0314	 0.0138
 1.2250	 1.0051	 0.0131
 1.2300	 0.9922	 0.0128
 1.2350	 0.9914	 0.0131
 1.2400	 0.9902	 0.0136
 1.2450	 1.0192	 0.0134
 1.2500	 1.0443	 0.0135
 1.2550	 1.0342	 0.0131
 1.2600	 1.0314	 0.0165
 1.2650	 1.0496	 0.0140
 1.2700	 1.0553	 0.0153
 1.2750	 1.0498	 0.0145
 1.2800	 1.0183	 0.0142
 1.2850	 0.9943	 0.0142
 1.2900	 1.0126	 0.0129
 1.2950	 1.0181	 0.0132
 1.3000	 1.0086	 0.0131
 1.3050	 1.0130	 0.0136
 1.3100	 1.0359	 0.0140
 1.3150	 1.0269	 0.0140
 1.3200	 1.0265	 0.0146
 1.3250	 1.0317	 0.0144
 1.3300	 1.0182	 0.0142
 1.3350	 1.0622	 0.0158
 1.3400	 1.0492	 0.0164
 1.3450	 1.0271	 0.0192
 1.3500	 1.0406	 0.0198
 1.3550	 1.0710	 0.0265
 1.3600	 1.0235	 0.0564
 1.3650	 1.0051	 0.0661
 1.3700	 1.0650	 0.0660
 1.3800	 1.0287	 0.0528
 1.3900	 1.0807	 0.0458
 1.3950	 1.0263	 0.0422
 1.4000	 1.0634	 0.0394
 1.4050	 1.0932	 0.0354
 1.4100	 1.0816	 0.0336
 1.4150	 1.1051	 0.0289
 1.4200	 1.0519	 0.0265
 1.4250	 1.0722	 0.0229
 1.4300	 1.0827	 0.0224
 1.4350	 1.0864	 0.0215
 1.4400	 1.0928	 0.0216
 1.4450	 1.1099	 0.0202
 1.4500	 1.0727	 0.0191
 1.4550	 1.0658	 0.0210
 1.4650	 1.1011	 0.0196
 1.4700	 1.1459	 0.0214
 1.4750	 1.1082	 0.0197
 1.4800	 1.0773	 0.0200
 1.4850	 1.0524	 0.0170
 1.4900	 1.0663	 0.0168
 1.4950	 1.0655	 0.0182
 1.5000	 1.1176	 0.0182
 1.5050	 1.1233	 0.0165
 1.5100	 1.0962	 0.0175
 1.5150	 1.1175	 0.0168
 1.5600	 1.1760	 0.0207
 1.5650	 1.0853	 0.0179
 1.5750	 1.0589	 0.0186
 1.5800	 1.1119	 0.0206
 1.5850	 1.1650	 0.0185
 1.5900	 1.1411	 0.0166
 1.5950	 1.1211	 0.0190
 1.6000	 1.1118	 0.0183
 1.6050	 1.1382	 0.0179
 1.6100	 1.1279	 0.0187
 1.6150	 1.1033	 0.0189
 1.6200	 1.1275	 0.0176
 1.6250	 1.0919	 0.0181
 1.6300	 1.1007	 0.0186
 1.6350	 1.1501	 0.0188
 1.6400	 1.1297	 0.0183
 1.6450	 1.1100	 0.0175
 1.6500	 1.1200	 0.0193
 1.6550	 1.0752	 0.0184
 1.6600	 1.0702	 0.0197
 1.6650	 1.0798	 0.0186
 1.6700	 1.1165	 0.0193
 1.6750	 1.1744	 0.0199
 1.6800	 1.1571	 0.0192
 1.6850	 1.1076	 0.0188
 1.6900	 1.0907	 0.0185
 1.6950	 1.1698	 0.0233
 1.7000	 1.0893	 0.0201
 1.7050	 1.1061	 0.0211
 1.7250	 1.0631	 0.0199
 1.7300	 1.1004	 0.0220
 1.7350	 1.1714	 0.0234
 1.7400	 1.1939	 0.0212
 1.7450	 1.1314	 0.0217
 1.7500	 1.0781	 0.0210
 1.7550	 1.1132	 0.0223
 1.7600	 1.1688	 0.0246
 1.7650	 1.1247	 0.0221
 1.7700	 1.0782	 0.0240
 1.7850	 1.0852	 0.0223
 1.7950	 1.0735	 0.0265
 1.8000	 1.1084	 0.0298
 1.8050	 1.1135	 0.0298
 1.8150	 1.2132	 0.0454
 1.8200	 1.1269	 0.0442
 1.8300	 1.1135	 0.0607
 1.8400	 1.0915	 0.1158
 1.8700	 1.2766	 0.1410
 1.8750	 1.0743	 0.1279
 1.8800	 1.1680	 0.1236
 1.8850	 1.0757	 0.0809
 1.9000	 1.1709	 0.0883
 1.9100	 1.1110	 0.1026
 1.9150	 1.0910	 0.0958
 1.9200	 1.2302	 0.0817
 1.9250	 1.1725	 0.0714
 1.9300	 1.1825	 0.0600
 1.9350	 1.1516	 0.0543
 1.9400	 1.0966	 0.0524
 1.9650	 1.1540	 0.0428
 1.9700	 1.1325	 0.0436
 1.9750	 1.1156	 0.0391
 1.9800	 1.1387	 0.0318
 1.9850	 1.1733	 0.0339
 1.9900	 1.1178	 0.0303
 1.9950	 1.1128	 0.0308
 2.0050	 1.1156	 0.0453
 2.0100	 1.1948	 0.0567
 2.0150	 1.2840	 0.0534
 2.0200	 1.2151	 0.0465
 2.0250	 1.0908	 0.0401
 2.0350	 1.1472	 0.0329
 2.0400	 1.2327	 0.0348
 2.0450	 1.3094	 0.0391
 2.0500	 1.2390	 0.0347
 2.0550	 1.1800	 0.0343
 2.0600	 1.2418	 0.0387
 2.0650	 1.2039	 0.0366
 2.0700	 1.2282	 0.0384
 2.0750	 1.2911	 0.0423
 2.0800	 1.2139	 0.0358
 2.0850	 1.1911	 0.0328
 2.0900	 1.2119	 0.0330
 2.0950	 1.1948	 0.0337
 2.1000	 1.1674	 0.0326
 2.1050	 1.1854	 0.0343
 2.1100	 1.2299	 0.0338
 2.1150	 1.2198	 0.0342
 2.1200	 1.2005	 0.0362
 2.1250	 1.2320	 0.0371
 2.1300	 1.2056	 0.0337
 2.1350	 1.2175	 0.0350
 2.1400	 1.1855	 0.0368
 2.1450	 1.1511	 0.0375
 2.1500	 1.1650	 0.0393
 2.1550	 1.2195	 0.0374
 2.1600	 1.3018	 0.0402
 2.1650	 1.3081	 0.0404
 2.1700	 1.2843	 0.0376
 2.1750	 1.1848	 0.0394
 2.1800	 1.1938	 0.0429
 2.1850	 1.1985	 0.0437
 2.1900	 1.3086	 0.0421
 2.1950	 1.2776	 0.0448
 2.2000	 1.1725	 0.0445
 2.2050	 1.1679	 0.0419
 2.2100	 1.1560	 0.0461
 2.2150	 1.1909	 0.0467
 2.2200	 1.3015	 0.0450
 2.2250	 1.2249	 0.0414
 2.2300	 1.2227	 0.0425
 2.2350	 1.1985	 0.0437
 2.2400	 1.1680	 0.0413
 2.2450	 1.1721	 0.0411
 2.2500	 1.1990	 0.0428
 2.2550	 1.1902	 0.0433
 2.2600	 1.2059	 0.0440
 2.2650	 1.2150	 0.0448
 2.2700	 1.1565	 0.0496
 2.2950	 1.1436	 0.0449
 2.3700	 1.2025	 0.0622
 2.3800	 1.1523	 0.0520
 2.3900	 1.2808	 0.0619
 2.3950	 1.3876	 0.0723
 2.4000	 1.4132	 0.0627
 2.4050	 1.4427	 0.0801
 2.4100	 1.3506	 0.0686
 2.4150	 1.2271	 0.0790
 2.4200	 1.1782	 0.0641
 2.4250	 1.3085	 0.0765
 2.4500	 1.2239	 0.1000
