 0.8200	 0.9894	 0.0138
 0.8250	 0.9884	 0.0124
 0.8300	 0.9943	 0.0127
 0.8350	 0.9900	 0.0129
 0.8400	 0.9814	 0.0130
 0.8500	 0.9795	 0.0126
 0.8550	 0.9726	 0.0124
 0.8600	 0.9814	 0.0129
 0.8650	 0.9792	 0.0121
 0.8700	 0.9524	 0.0134
 0.8750	 0.9491	 0.0138
 0.8800	 0.9400	 0.0132
 0.8850	 0.9374	 0.0128
 0.8900	 0.9469	 0.0136
 0.8950	 0.9509	 0.0124
 0.9000	 0.9372	 0.0121
 0.9050	 0.9307	 0.0113
 0.9100	 0.9412	 0.0105
 0.9150	 0.9452	 0.0106
 0.9200	 0.9314	 0.0098
 0.9250	 0.9244	 0.0105
 0.9300	 0.9293	 0.0101
 0.9350	 0.9269	 0.0103
 0.9400	 0.9237	 0.0106
 0.9450	 0.9213	 0.0108
 0.9500	 0.9292	 0.0117
 0.9550	 0.9246	 0.0106
 0.9600	 0.9199	 0.0100
 0.9650	 0.9260	 0.0100
 0.9700	 0.9236	 0.0092
 0.9750	 0.9172	 0.0090
 0.9800	 0.9140	 0.0091
 0.9850	 0.9080	 0.0098
 0.9900	 0.9081	 0.0094
 0.9950	 0.9126	 0.0087
 1.0000	 0.9209	 0.0098
 1.0050	 0.9243	 0.0108
 1.0100	 0.9303	 0.0100
 1.0150	 0.9258	 0.0109
 1.0200	 0.9169	 0.0099
 1.0250	 0.9262	 0.0107
 1.0300	 0.9300	 0.0106
 1.0350	 0.9116	 0.0095
 1.0400	 0.9130	 0.0096
 1.0450	 0.9166	 0.0112
 1.0500	 0.9161	 0.0100
 1.0550	 0.9130	 0.0088
 1.0600	 0.9116	 0.0093
 1.0650	 0.9004	 0.0098
 1.0700	 0.9142	 0.0096
 1.0750	 0.9255	 0.0088
 1.0800	 0.9267	 0.0096
 1.0850	 0.9212	 0.0094
 1.0900	 0.9223	 0.0095
 1.0950	 0.9180	 0.0110
 1.1000	 0.9191	 0.0098
 1.1050	 0.9265	 0.0106
 1.1100	 0.9317	 0.0090
 1.1150	 0.9496	 0.0095
 1.1200	 0.9461	 0.0104
 1.1250	 0.9478	 0.0096
 1.1300	 0.9710	 0.0097
 1.1350	 0.9946	 0.0113
 1.1400	 0.9786	 0.0112
 1.1450	 0.9608	 0.0110
 1.1500	 0.9823	 0.0106
 1.1550	 0.9811	 0.0106
 1.1600	 0.9800	 0.0105
 1.1650	 0.9945	 0.0104
 1.1700	 0.9982	 0.0103
 1.1750	 0.9992	 0.0105
 1.1800	 1.0003	 0.0105
 1.1850	 0.9877	 0.0109
 1.1900	 0.9944	 0.0108
 1.1950	 1.0028	 0.0102
 1.2000	 0.9913	 0.0116
 1.2050	 0.9995	 0.0116
 1.2100	 1.0175	 0.0116
 1.2150	 1.0123	 0.0117
 1.2200	 1.0298	 0.0107
 1.2250	 1.0024	 0.0117
 1.2300	 1.0042	 0.0114
 1.2350	 1.0169	 0.0116
 1.2400	 1.0206	 0.0120
 1.2450	 1.0289	 0.0115
 1.2500	 1.0229	 0.0103
 1.2550	 1.0361	 0.0128
 1.2600	 1.0472	 0.0115
 1.2650	 1.0380	 0.0109
 1.2700	 1.0458	 0.0140
 1.2750	 1.0516	 0.0110
 1.2800	 1.0310	 0.0111
 1.2850	 1.0261	 0.0107
 1.2900	 1.0519	 0.0110
 1.2950	 1.0581	 0.0105
 1.3000	 1.0476	 0.0108
 1.3050	 1.0498	 0.0104
 1.3100	 1.0493	 0.0111
 1.3150	 1.0629	 0.0109
 1.3200	 1.0712	 0.0107
 1.3250	 1.0425	 0.0114
 1.3300	 1.0405	 0.0116
 1.3350	 1.0743	 0.0119
 1.3450	 1.0897	 0.0138
 1.3500	 1.0633	 0.0152
 1.3550	 1.0759	 0.0160
 1.3600	 1.0751	 0.0195
 1.3650	 1.0606	 0.0224
 1.3750	 1.0858	 0.0222
 1.3800	 1.0870	 0.0188
 1.3850	 1.0986	 0.0209
 1.3950	 1.0988	 0.0186
 1.4000	 1.0912	 0.0188
 1.4050	 1.1174	 0.0179
 1.4100	 1.0738	 0.0174
 1.4150	 1.0982	 0.0169
 1.4200	 1.1211	 0.0139
 1.4250	 1.1184	 0.0143
 1.4300	 1.1310	 0.0141
 1.4350	 1.1268	 0.0139
 1.4400	 1.1136	 0.0136
 1.4450	 1.1130	 0.0139
 1.4500	 1.0855	 0.0119
 1.4650	 1.1137	 0.0134
 1.4700	 1.1316	 0.0125
 1.4750	 1.1304	 0.0135
 1.4800	 1.1117	 0.0136
 1.4850	 1.1289	 0.0136
 1.4950	 1.1204	 0.0124
 1.5000	 1.1291	 0.0139
 1.5050	 1.1494	 0.0130
 1.5100	 1.1492	 0.0112
 1.5150	 1.1564	 0.0122
 1.5200	 1.1633	 0.0126
 1.5250	 1.1441	 0.0121
 1.5300	 1.1309	 0.0126
 1.5350	 1.1433	 0.0133
 1.5400	 1.1259	 0.0124
 1.5450	 1.1309	 0.0136
 1.5500	 1.1564	 0.0139
 1.5550	 1.1414	 0.0138
 1.5600	 1.1256	 0.0132
 1.5650	 1.1571	 0.0133
 1.5700	 1.1577	 0.0142
 1.5750	 1.1355	 0.0138
 1.5800	 1.1370	 0.0132
 1.5850	 1.1548	 0.0132
 1.5900	 1.1658	 0.0137
 1.5950	 1.1528	 0.0132
 1.6000	 1.1347	 0.0149
 1.6050	 1.1338	 0.0129
 1.6100	 1.1215	 0.0131
 1.6150	 1.1151	 0.0126
 1.6200	 1.1072	 0.0127
 1.6250	 1.1142	 0.0119
 1.6300	 1.1613	 0.0131
 1.6350	 1.1505	 0.0132
 1.6400	 1.1374	 0.0131
 1.6450	 1.1450	 0.0127
 1.6500	 1.1495	 0.0150
 1.6550	 1.1652	 0.0137
 1.6600	 1.1551	 0.0128
 1.6650	 1.1611	 0.0132
 1.6700	 1.1615	 0.0139
 1.6750	 1.1443	 0.0133
 1.6800	 1.1784	 0.0145
 1.6850	 1.2000	 0.0141
 1.6900	 1.1698	 0.0143
 1.6950	 1.1446	 0.0134
 1.7000	 1.1225	 0.0142
 1.7050	 1.1544	 0.0148
 1.7100	 1.1695	 0.0143
 1.7150	 1.1479	 0.0153
 1.7200	 1.1656	 0.0148
 1.7250	 1.2064	 0.0159
 1.7300	 1.1253	 0.0179
 1.7350	 1.1319	 0.0167
 1.7400	 1.1855	 0.0165
 1.7450	 1.1710	 0.0167
 1.7500	 1.1657	 0.0168
 1.7550	 1.1870	 0.0176
 1.7600	 1.1615	 0.0157
 1.7650	 1.1944	 0.0173
 1.7700	 1.1776	 0.0151
 1.7750	 1.1242	 0.0156
 1.7800	 1.1338	 0.0167
 1.7850	 1.1678	 0.0152
 1.7900	 1.1761	 0.0152
 1.7950	 1.1561	 0.0166
 1.8000	 1.1167	 0.0166
 1.8050	 1.1173	 0.0167
 1.8100	 1.1409	 0.0179
 1.8150	 1.1397	 0.0175
 1.8200	 1.1607	 0.0198
 1.8250	 1.1708	 0.0213
 1.8300	 1.1711	 0.0232
 1.8350	 1.1433	 0.0249
 1.8400	 1.0991	 0.0290
 1.8450	 1.1109	 0.0301
 1.8500	 1.0946	 0.0270
 1.8600	 1.1350	 0.0290
 1.8950	 1.1423	 0.0234
 1.9000	 1.0863	 0.0273
 1.9050	 1.1103	 0.0282
 1.9100	 1.1591	 0.0293
 1.9150	 1.1104	 0.0308
 1.9200	 1.1273	 0.0275
 1.9250	 1.1712	 0.0269
 1.9300	 1.1066	 0.0246
 1.9350	 1.1104	 0.0237
 1.9400	 1.1443	 0.0280
 1.9450	 1.1539	 0.0231
 1.9500	 1.1551	 0.0221
 1.9550	 1.1343	 0.0235
 1.9600	 1.1367	 0.0252
 1.9650	 1.1320	 0.0268
 1.9700	 1.1566	 0.0244
 1.9750	 1.1311	 0.0216
 1.9800	 1.1309	 0.0214
 1.9850	 1.1568	 0.0203
 1.9900	 1.1038	 0.0194
 1.9950	 1.1185	 0.0192
 2.0000	 1.1612	 0.0220
 2.0050	 1.1213	 0.0236
 2.0200	 1.1139	 0.0298
 2.0250	 1.1072	 0.0272
 2.0300	 1.1100	 0.0222
 2.0350	 1.0815	 0.0214
 2.0400	 1.1153	 0.0220
 2.0500	 1.1394	 0.0204
 2.0550	 1.0836	 0.0230
 2.0600	 1.0876	 0.0223
 2.0650	 1.1313	 0.0261
 2.0700	 1.1686	 0.0234
 2.0750	 1.1546	 0.0233
 2.0800	 1.0968	 0.0211
 2.0850	 1.1220	 0.0211
 2.0900	 1.1792	 0.0207
 2.0950	 1.1607	 0.0224
 2.1000	 1.1562	 0.0211
 2.1050	 1.1499	 0.0224
 2.1100	 1.0967	 0.0196
 2.1150	 1.1186	 0.0223
 2.1200	 1.1741	 0.0205
 2.1250	 1.1559	 0.0215
 2.1300	 1.1427	 0.0222
 2.1350	 1.1388	 0.0222
 2.1400	 1.1364	 0.0233
 2.1450	 1.1746	 0.0230
 2.1500	 1.1310	 0.0219
 2.1550	 1.1205	 0.0257
 2.1600	 1.1358	 0.0245
 2.1650	 1.1504	 0.0226
 2.1700	 1.1452	 0.0231
 2.1750	 1.1405	 0.0247
 2.1800	 1.1446	 0.0245
 2.1850	 1.1478	 0.0243
 2.1900	 1.1776	 0.0241
 2.1950	 1.1908	 0.0237
 2.2000	 1.1937	 0.0256
 2.2100	 1.1726	 0.0250
 2.2150	 1.1519	 0.0260
 2.2200	 1.1414	 0.0258
 2.2250	 1.1457	 0.0298
 2.2300	 1.1953	 0.0265
 2.2400	 1.1990	 0.0267
 2.2450	 1.1776	 0.0268
 2.2500	 1.1423	 0.0276
 2.2550	 1.1778	 0.0270
 2.2600	 1.1986	 0.0270
 2.2650	 1.1446	 0.0296
 2.2700	 1.1808	 0.0303
 2.2750	 1.1800	 0.0259
 2.2800	 1.1686	 0.0273
 2.2900	 1.1578	 0.0318
 2.2950	 1.1846	 0.0276
 2.3000	 1.1459	 0.0298
 2.3050	 1.1799	 0.0314
 2.3100	 1.1927	 0.0310
 2.3150	 1.1747	 0.0309
 2.3200	 1.1638	 0.0301
 2.3250	 1.1752	 0.0299
 2.3300	 1.1808	 0.0305
 2.3350	 1.1832	 0.0306
 2.3400	 1.1978	 0.0298
 2.3450	 1.1893	 0.0308
 2.3500	 1.1589	 0.0324
 2.3550	 1.1676	 0.0321
 2.3600	 1.2235	 0.0322
 2.3650	 1.2274	 0.0313
 2.3750	 1.2260	 0.0318
 2.3800	 1.1941	 0.0316
 2.3850	 1.2080	 0.0330
 2.3900	 1.2103	 0.0329
 2.4050	 1.1844	 0.0315
 2.4150	 1.1961	 0.0331
 2.4200	 1.2240	 0.0347
 2.4250	 1.2154	 0.0326
 2.4500	 1.1920	 0.1000
