 0.7822	 0.9998	 0.0291
 0.7848	 1.0053	 0.0291
 0.7875	 1.0186	 0.0265
 0.7902	 1.0478	 0.0122
 0.7929	 1.0291	 0.0215
 0.7957	 1.0079	 0.0258
 0.7984	 1.0360	 0.0239
 0.8012	 1.0472	 0.0196
 0.8040	 1.0063	 0.0203
 0.8068	 1.0097	 0.0317
 0.8096	 1.0108	 0.0312
 0.8125	 0.9982	 0.0245
 0.8154	 1.0201	 0.0226
 0.8183	 1.0456	 0.0227
 0.8212	 1.0381	 0.0195
 0.8241	 1.0255	 0.0185
 0.8271	 1.0306	 0.0220
 0.8300	 1.0177	 0.0238
 0.8330	 1.0327	 0.0258
 0.8360	 1.0344	 0.0235
 0.8391	 1.0279	 0.0234
 0.8421	 0.9799	 0.0341
 0.8452	 1.0286	 0.0194
 0.8483	 1.0275	 0.0208
 0.8514	 1.0321	 0.0215
 0.8545	 1.0248	 0.0241
 0.8577	 1.0357	 0.0247
 0.8608	 1.0320	 0.0215
 0.8640	 1.0242	 0.0220
 0.8672	 1.0179	 0.0219
 0.8705	 1.0301	 0.0221
 0.8737	 1.0298	 0.0225
 0.8770	 1.0203	 0.0209
 0.8803	 1.0357	 0.0187
 0.8836	 1.0338	 0.0265
 0.8869	 1.0276	 0.0232
 0.8902	 1.0083	 0.0182
 0.8936	 1.0091	 0.0181
 0.8970	 0.9994	 0.0150
 0.9004	 1.0190	 0.0246
 0.9038	 1.0180	 0.0223
 0.9072	 0.9943	 0.0176
 0.9107	 1.0037	 0.0172
 0.9141	 1.0121	 0.0202
 0.9176	 0.9753	 0.0123
 0.9211	 1.0043	 0.0182
 0.9246	 1.0197	 0.0215
 0.9282	 1.0107	 0.0208
 0.9317	 0.9837	 0.0200
 0.9353	 1.0197	 0.0247
 0.9389	 1.0288	 0.0231
 0.9425	 1.0270	 0.0231
 0.9461	 1.0121	 0.0203
 0.9498	 1.0471	 0.0150
 0.9534	 1.0450	 0.0215
 0.9571	 1.0279	 0.0205
 0.9608	 1.0076	 0.0182
 0.9645	 1.0023	 0.0115
 0.9682	 0.9745	 0.0161
 0.9719	 1.0273	 0.0321
 0.9757	 1.0232	 0.0188
 0.9794	 1.0147	 0.0185
 0.9832	 1.0360	 0.0158
 0.9870	 1.0354	 0.0089
 0.9908	 1.0180	 0.0134
 0.9947	 1.0301	 0.0064
 0.9985	 1.0353	 0.0102
 1.0023	 1.0369	 0.0111
 1.0062	 1.0282	 0.0128
 1.0101	 1.0068	 0.0181
 1.0140	 1.0129	 0.0144
 1.0179	 1.0275	 0.0183
 1.0218	 1.0298	 0.0151
 1.0257	 1.0164	 0.0134
 1.0297	 1.0113	 0.0081
 1.0336	 1.0070	 0.0144
 1.0376	 0.9897	 0.0127
 1.0416	 0.9955	 0.0154
 1.0456	 0.9994	 0.0169
 1.0496	 1.0113	 0.0162
 1.0536	 1.0100	 0.0178
 1.0576	 1.0236	 0.0168
 1.0616	 1.0272	 0.0160
 1.0657	 1.0319	 0.0119
 1.0697	 1.0059	 0.0171
 1.0738	 1.0156	 0.0198
 1.0779	 1.0041	 0.0120
 1.0820	 1.0197	 0.0143
 1.0861	 1.0172	 0.0140
 1.0902	 1.0178	 0.0142
 1.0943	 1.0048	 0.0150
 1.0984	 1.0089	 0.0126
 1.1025	 1.0178	 0.0135
 1.1067	 1.0104	 0.0161
 1.1108	 0.9932	 0.0155
 1.1150	 0.9887	 0.0160
 1.1191	 1.0024	 0.0173
 1.1233	 1.0213	 0.0163
 1.1275	 1.0490	 0.0191
 1.1317	 1.0127	 0.0153
 1.1359	 0.9975	 0.0135
 1.1401	 1.0303	 0.0191
 1.1443	 1.0287	 0.0161
 1.1485	 1.0010	 0.0154
 1.1527	 0.9950	 0.0154
 1.1569	 0.9900	 0.0167
 1.1612	 0.9922	 0.0179
 1.1654	 0.9976	 0.0153
 1.1697	 1.0200	 0.0131
 1.1739	 1.0260	 0.0116
 1.1782	 1.0266	 0.0130
 1.1824	 1.0318	 0.0161
 1.1867	 1.0251	 0.0152
 1.1909	 1.0164	 0.0149
 1.1952	 1.0088	 0.0322
 1.1995	 1.0097	 0.0158
 1.2038	 1.0194	 0.0125
 1.2081	 1.0232	 0.0163
 1.2123	 0.9993	 0.0114
 1.2166	 1.0204	 0.0156
 1.2209	 1.0274	 0.0175
 1.2252	 1.0146	 0.0160
 1.2295	 1.0121	 0.0086
 1.2338	 1.0041	 0.0169
 1.2381	 1.0212	 0.0193
 1.2424	 1.0168	 0.0150
 1.2467	 1.0272	 0.0152
 1.2510	 1.0264	 0.0151
 1.2554	 1.0420	 0.0132
 1.2597	 1.0319	 0.0098
 1.2640	 1.0034	 0.0196
 1.2683	 1.0264	 0.0190
 1.2726	 1.0209	 0.0112
 1.2769	 1.0227	 0.0136
 1.2812	 1.0145	 0.0153
 1.2856	 1.0064	 0.0154
 1.2899	 1.0079	 0.0167
 1.2942	 0.9969	 0.0153
 1.2985	 0.9773	 0.0217
 1.3028	 0.9748	 0.0127
 1.3072	 1.0330	 0.0125
 1.3115	 1.0369	 0.0138
 1.3158	 1.0173	 0.0155
 1.3201	 1.0305	 0.0051
 1.3244	 1.0485	 0.0075
 1.3287	 1.0165	 0.0137
 1.3330	 1.0184	 0.0120
 1.3374	 1.0164	 0.0190
 1.3417	 1.0279	 0.0234
 1.3460	 1.0301	 0.0294
 1.3503	 1.0370	 0.0422
 1.3546	 1.0667	 0.0530
 1.3589	 1.0229	 0.0309
 1.3632	 1.0547	 0.0360
 1.3675	 1.0624	 0.0335
 1.3761	 0.9650	 0.0286
 1.3804	 0.9420	 0.0321
 1.3847	 0.9830	 0.0298
 1.3889	 0.9918	 0.0238
 1.3932	 1.0512	 0.0359
 1.3975	 0.9867	 0.0418
 1.4018	 0.9791	 0.0252
 1.4060	 0.9851	 0.0176
 1.4103	 1.0035	 0.0307
 1.4146	 1.0113	 0.0215
 1.4188	 0.9983	 0.0233
 1.4231	 0.9943	 0.0326
 1.4274	 0.9996	 0.0231
 1.4316	 0.9925	 0.0146
 1.4358	 1.0243	 0.0165
 1.4401	 1.0164	 0.0238
 1.4443	 1.0164	 0.0233
 1.4486	 1.0041	 0.0129
 1.4528	 1.0315	 0.0223
 1.4570	 1.0136	 0.0268
 1.4612	 1.0234	 0.0198
 1.4654	 1.0059	 0.0162
 1.4697	 0.9929	 0.0272
 1.4739	 0.9667	 0.0183
 1.4781	 1.0220	 0.0153
 1.4823	 0.9905	 0.0209
 1.4864	 0.9803	 0.0305
 1.4906	 1.0184	 0.0317
 1.4948	 1.0132	 0.0166
 1.4990	 0.9971	 0.0223
 1.5032	 1.0437	 0.0295
 1.5073	 1.0063	 0.0262
 1.5115	 1.0443	 0.0207
 1.5156	 1.0304	 0.0198
 1.5198	 1.0352	 0.0271
 1.5239	 1.0077	 0.0255
 1.5281	 1.0161	 0.0253
 1.5322	 1.0003	 0.0201
 1.5363	 1.0138	 0.0191
 1.5404	 1.0073	 0.0149
 1.5445	 1.0221	 0.0196
 1.5487	 1.0250	 0.0164
 1.5528	 1.0230	 0.0157
 1.5568	 1.0213	 0.0235
 1.5609	 0.9970	 0.0167
 1.5650	 0.9792	 0.0110
 1.5691	 1.0239	 0.0218
 1.5732	 0.9527	 0.0277
 1.5772	 0.9929	 0.0250
 1.5813	 1.0098	 0.0232
 1.5853	 1.0000	 0.0191
 1.5894	 0.9692	 0.0276
 1.5934	 0.9735	 0.0279
 1.5975	 0.9854	 0.0281
 1.6015	 1.0386	 0.0260
 1.6055	 0.9953	 0.0189
 1.6095	 0.9813	 0.0137
 1.6135	 0.9994	 0.0300
 1.6175	 1.0034	 0.0247
 1.6215	 0.9991	 0.0291
 1.6255	 1.0237	 0.0199
 1.6295	 0.9860	 0.0225
 1.6335	 0.9793	 0.0208
 1.6374	 1.0320	 0.0240
 1.6414	 1.0332	 0.0305
 1.6454	 1.0162	 0.0218
 1.6493	 1.0419	 0.0272
 1.6532	 0.9710	 0.0336
 1.6572	 0.9910	 0.0212
 1.6611	 1.0278	 0.0209
 1.6650	 1.0350	 0.0328
 1.6690	 1.0329	 0.0367
 1.6729	 1.0167	 0.0236
 1.6768	 1.0048	 0.0161
 1.6807	 0.9630	 0.0191
 1.6846	 1.0332	 0.0319
 1.6884	 1.0495	 0.0262
 1.6923	 0.9923	 0.0144
 1.6962	 0.9780	 0.0247
 1.7000	 0.9398	 0.0167
 1.7039	 0.9588	 0.0213
 1.7078	 0.9783	 0.0150
 1.7116	 1.0143	 0.0117
 1.7154	 0.9890	 0.0209
 1.7193	 1.0107	 0.0208
 1.7231	 0.9964	 0.0186
 1.7269	 1.0007	 0.0100
 1.7307	 1.0126	 0.0201
 1.7345	 1.0519	 0.0226
 1.7383	 1.0099	 0.0144
 1.7421	 0.9937	 0.0201
 1.7459	 0.9892	 0.0202
 1.7497	 1.0153	 0.0311
 1.7535	 0.9969	 0.0287
 1.7572	 1.0596	 0.0238
 1.7610	 1.0055	 0.0285
 1.7647	 1.0330	 0.0289
 1.7685	 1.0270	 0.0350
 1.7760	 0.9589	 0.0191
 1.7797	 1.0326	 0.0351
 1.7834	 1.0126	 0.0225
 1.7871	 0.9582	 0.0235
 1.7908	 0.9655	 0.0332
 1.7946	 1.0646	 0.0433
 1.7983	 1.0278	 0.0484
 1.8019	 0.9951	 0.0276
 1.8056	 0.9929	 0.0440
 1.8093	 1.0426	 0.0338
 1.8130	 1.0295	 0.0315
 1.8167	 1.0173	 0.0419
 1.8203	 1.0144	 0.0465
 1.8240	 1.0038	 0.0302
 1.8276	 0.9992	 0.0479
 1.8313	 1.0782	 0.0580
 1.8349	 1.0612	 0.0762
 1.8385	 1.0730	 0.1021
 1.8422	 0.9855	 0.0846
 1.8458	 1.0353	 0.0697
 1.8494	 0.9929	 0.0524
 1.8566	 0.9568	 0.0476
 1.8602	 1.0082	 0.0578
 1.8638	 1.0291	 0.0862
 1.8674	 0.9845	 0.0728
 1.8746	 0.9095	 0.0788
 1.8781	 0.9685	 0.0705
 1.8817	 0.9348	 0.0720
 1.8888	 0.9635	 0.0316
 1.8924	 0.9503	 0.0165
 1.8959	 1.0213	 0.0493
 1.8995	 1.0013	 0.0760
 1.9030	 1.0280	 0.0476
 1.9100	 1.0680	 0.0733
 1.9136	 1.0467	 0.0489
 1.9171	 1.0672	 0.0643
 1.9206	 0.9966	 0.0585
 1.9276	 0.9045	 0.0606
 1.9311	 1.0699	 0.0304
 1.9346	 1.0557	 0.0367
 1.9380	 0.9781	 0.0365
 1.9415	 1.0053	 0.0341
 1.9450	 1.0210	 0.0350
 1.9485	 1.0216	 0.0406
 1.9519	 1.0152	 0.0278
 1.9554	 0.9935	 0.0361
 1.9588	 0.9395	 0.0254
 1.9623	 1.0007	 0.0373
 1.9657	 0.9818	 0.0305
 1.9692	 0.9901	 0.0399
 1.9726	 1.0579	 0.0325
 1.9760	 1.0212	 0.0252
 1.9795	 1.0014	 0.0264
 1.9829	 0.9609	 0.0204
 1.9863	 1.0351	 0.0224
 1.9897	 1.0264	 0.0187
 1.9931	 1.0258	 0.0248
 1.9965	 1.0205	 0.0448
 1.9999	 1.0827	 0.0589
 2.0033	 1.0093	 0.0733
 2.0067	 1.0795	 0.0985
 2.0101	 1.0600	 0.0684
 2.0134	 0.9916	 0.0626
 2.0168	 0.9745	 0.0427
 2.0202	 1.0119	 0.0359
 2.0235	 1.0251	 0.0467
 2.0303	 1.0361	 0.0426
 2.0336	 0.9818	 0.0446
 2.0370	 1.0214	 0.0311
 2.0403	 1.0727	 0.0326
 2.0436	 1.0681	 0.0322
 2.0470	 1.0351	 0.0174
 2.0503	 1.0231	 0.0432
 2.0536	 1.0243	 0.0318
 2.0569	 0.9992	 0.0255
 2.0602	 1.0090	 0.0564
 2.0635	 0.9648	 0.0523
 2.0669	 0.9924	 0.0368
 2.0702	 1.0089	 0.0236
 2.0734	 1.0054	 0.0310
 2.0767	 0.9856	 0.0322
 2.0800	 0.9735	 0.0253
 2.0833	 0.9652	 0.0361
 2.0866	 0.9748	 0.0317
 2.0899	 1.0088	 0.0151
 2.0931	 0.9807	 0.0066
 2.0964	 0.9748	 0.0250
 2.0996	 0.9843	 0.0267
 2.1029	 0.9535	 0.0330
 2.1062	 0.9719	 0.0399
 2.1094	 1.0298	 0.0310
 2.1126	 1.0581	 0.0349
 2.1159	 1.0667	 0.0461
 2.1191	 1.0435	 0.0310
 2.1223	 1.0032	 0.0381
 2.1256	 1.0194	 0.0342
 2.1288	 0.9572	 0.0230
 2.1320	 0.9908	 0.0340
 2.1352	 1.0193	 0.0361
 2.1384	 1.0550	 0.0279
 2.1416	 1.0171	 0.0320
 2.1448	 1.0449	 0.0205
 2.1480	 1.0761	 0.0363
 2.1512	 1.0323	 0.0229
 2.1544	 0.9871	 0.0339
 2.1575	 1.0216	 0.0303
 2.1607	 0.9178	 0.0157
 2.1639	 0.9781	 0.0389
 2.1670	 1.0258	 0.0409
 2.1702	 1.0780	 0.0260
 2.1765	 0.9627	 0.0249
 2.1796	 0.9442	 0.0340
 2.1828	 0.9652	 0.0351
 2.1859	 0.9857	 0.0471
 2.1890	 0.9846	 0.0462
 2.1922	 1.0047	 0.0434
 2.1953	 1.0817	 0.0363
 2.1984	 1.0114	 0.0406
 2.2015	 0.9105	 0.0592
 2.2046	 0.9566	 0.0480
 2.2077	 0.9641	 0.0380
 2.2108	 0.9672	 0.0549
 2.2139	 0.9930	 0.0438
 2.2170	 0.9680	 0.0387
 2.2200	 1.0371	 0.0423
 2.2231	 0.9844	 0.0404
 2.2262	 0.8937	 0.0197
 2.2292	 0.9667	 0.0123
 2.2323	 1.0519	 0.0276
 2.2354	 1.0295	 0.0325
 2.2384	 1.0226	 0.0435
 2.2415	 0.9727	 0.0363
 2.2445	 1.0201	 0.0422
 2.2475	 0.9515	 0.0388
 2.2506	 0.9899	 0.0508
 2.2536	 0.9684	 0.0523
 2.2566	 0.9189	 0.0568
 2.2596	 0.9816	 0.0498
 2.2626	 1.0859	 0.0421
 2.2656	 1.0710	 0.0360
 2.2686	 1.0636	 0.0382
 2.2716	 1.0670	 0.0607
 2.2746	 0.9276	 0.0476
 2.2776	 0.9441	 0.0323
 2.2805	 1.0399	 0.0318
 2.2835	 1.0236	 0.0404
 2.2865	 1.0277	 0.0203
 2.2894	 1.0195	 0.0534
 2.2924	 0.9842	 0.0508
 2.2954	 0.9652	 0.0943
 2.2983	 0.9702	 0.0611
 2.3012	 0.9891	 0.0489
 2.3042	 0.9549	 0.0145
 2.3071	 0.9351	 0.0445
 2.3100	 0.9713	 0.0640
 2.3159	 1.0182	 0.0542
 2.3188	 1.0139	 0.0599
 2.3217	 1.0675	 0.0706
 2.3246	 0.9749	 0.0566
 2.3275	 0.9711	 0.0599
 2.3304	 1.0066	 0.0451
 2.3332	 0.9533	 0.0826
 2.3361	 0.9300	 0.0763
 2.3390	 0.9317	 0.0690
 2.3419	 0.9852	 0.0542
 2.3447	 1.0371	 0.0567
 2.3476	 0.9163	 0.1713
 2.3504	 1.0729	 0.1521
 2.3561	 1.0445	 0.0784
 2.3590	 1.0057	 0.0916
 2.3618	 1.0503	 0.0435
 2.3647	 1.0536	 0.1087
 2.3675	 0.9180	 0.1145
 2.3759	 1.0668	 0.0086
 2.3816	 0.9686	 0.1612
 2.3844	 0.9623	 0.0382
 2.3872	 1.0293	 0.1536
 2.3927	 0.9987	 0.1065
 2.3983	 1.0412	 0.0719
 2.4011	 1.0796	 0.0928
 2.4500	 1.0000	 0.1000
 	 	 
