 0.7817	 0.9248	 0.0167
 0.7844	 0.9019	 0.0149
 0.7871	 0.9285	 0.0114
 0.7898	 0.9327	 0.0081
 0.7925	 0.9002	 0.0110
 0.7952	 0.9213	 0.0103
 0.7980	 0.9264	 0.0130
 0.8007	 0.9177	 0.0108
 0.8035	 0.9085	 0.0106
 0.8063	 0.8934	 0.0097
 0.8092	 0.8914	 0.0119
 0.8120	 0.8987	 0.0132
 0.8149	 0.8918	 0.0097
 0.8178	 0.9086	 0.0078
 0.8207	 0.8886	 0.0145
 0.8236	 0.8507	 0.0063
 0.8266	 0.8659	 0.0071
 0.8295	 0.8797	 0.0103
 0.8325	 0.8478	 0.0132
 0.8355	 0.8509	 0.0119
 0.8386	 0.8443	 0.0085
 0.8416	 0.8418	 0.0135
 0.8447	 0.8329	 0.0099
 0.8478	 0.8503	 0.0102
 0.8509	 0.8583	 0.0074
 0.8540	 0.8546	 0.0093
 0.8572	 0.8426	 0.0093
 0.8603	 0.8493	 0.0102
 0.8635	 0.8276	 0.0109
 0.8667	 0.8179	 0.0087
 0.8699	 0.8138	 0.0085
 0.8732	 0.8202	 0.0087
 0.8764	 0.8323	 0.0108
 0.8797	 0.8069	 0.0104
 0.8830	 0.8026	 0.0090
 0.8863	 0.7998	 0.0125
 0.8897	 0.7902	 0.0102
 0.8930	 0.8043	 0.0062
 0.8964	 0.8072	 0.0069
 0.8998	 0.8038	 0.0095
 0.9032	 0.7993	 0.0110
 0.9066	 0.7867	 0.0089
 0.9101	 0.7803	 0.0083
 0.9136	 0.7874	 0.0075
 0.9170	 0.7855	 0.0073
 0.9205	 0.7798	 0.0082
 0.9241	 0.7742	 0.0077
 0.9276	 0.7746	 0.0106
 0.9312	 0.7817	 0.0112
 0.9347	 0.7997	 0.0069
 0.9383	 0.7938	 0.0075
 0.9419	 0.7781	 0.0061
 0.9455	 0.7813	 0.0098
 0.9492	 0.7931	 0.0093
 0.9528	 0.7869	 0.0089
 0.9565	 0.8113	 0.0078
 0.9602	 0.7810	 0.0095
 0.9639	 0.7645	 0.0091
 0.9676	 0.7634	 0.0082
 0.9713	 0.7746	 0.0126
 0.9751	 0.7797	 0.0083
 0.9788	 0.7974	 0.0071
 0.9826	 0.8024	 0.0076
 0.9864	 0.8161	 0.0067
 0.9902	 0.8134	 0.0059
 0.9940	 0.8292	 0.0079
 0.9979	 0.8231	 0.0081
 1.0017	 0.8199	 0.0097
 1.0056	 0.8066	 0.0079
 1.0095	 0.7999	 0.0074
 1.0134	 0.7976	 0.0063
 1.0173	 0.8119	 0.0071
 1.0212	 0.8268	 0.0080
 1.0251	 0.8196	 0.0094
 1.0290	 0.8128	 0.0090
 1.0330	 0.8180	 0.0081
 1.0370	 0.8156	 0.0087
 1.0409	 0.8296	 0.0092
 1.0449	 0.8337	 0.0088
 1.0489	 0.8299	 0.0089
 1.0529	 0.8299	 0.0056
 1.0570	 0.8334	 0.0075
 1.0610	 0.8353	 0.0071
 1.0650	 0.8277	 0.0052
 1.0691	 0.8303	 0.0074
 1.0732	 0.8418	 0.0080
 1.0772	 0.8451	 0.0085
 1.0813	 0.8362	 0.0077
 1.0854	 0.8445	 0.0071
 1.0895	 0.8414	 0.0069
 1.0936	 0.8516	 0.0076
 1.0977	 0.8716	 0.0076
 1.1019	 0.8853	 0.0115
 1.1060	 0.8650	 0.0096
 1.1102	 0.8686	 0.0081
 1.1143	 0.8790	 0.0116
 1.1185	 0.8811	 0.0106
 1.1226	 0.8925	 0.0097
 1.1268	 0.8884	 0.0079
 1.1310	 0.8947	 0.0055
 1.1352	 0.9100	 0.0085
 1.1394	 0.9213	 0.0077
 1.1436	 0.9169	 0.0089
 1.1478	 0.8915	 0.0105
 1.1520	 0.9076	 0.0122
 1.1563	 0.9166	 0.0123
 1.1605	 0.9295	 0.0117
 1.1647	 0.9171	 0.0101
 1.1690	 0.9089	 0.0096
 1.1732	 0.9076	 0.0079
 1.1775	 0.9253	 0.0080
 1.1817	 0.9305	 0.0070
 1.1860	 0.9285	 0.0071
 1.1903	 0.9315	 0.0072
 1.1945	 0.9320	 0.0077
 1.1988	 0.9194	 0.0088
 1.2031	 0.9076	 0.0062
 1.2074	 0.9264	 0.0090
 1.2117	 0.9466	 0.0073
 1.2159	 0.9569	 0.0099
 1.2202	 0.9415	 0.0063
 1.2245	 0.9309	 0.0081
 1.2288	 0.9452	 0.0105
 1.2331	 0.9477	 0.0088
 1.2374	 0.9416	 0.0088
 1.2417	 0.9405	 0.0078
 1.2460	 0.9460	 0.0098
 1.2503	 0.9484	 0.0063
 1.2547	 0.9639	 0.0079
 1.2590	 0.9618	 0.0141
 1.2633	 0.9431	 0.0104
 1.2676	 0.9750	 0.0121
 1.2719	 0.9724	 0.0127
 1.2762	 0.9679	 0.0157
 1.2805	 0.9785	 0.0134
 1.2849	 0.9635	 0.0115
 1.2892	 0.9645	 0.0093
 1.2935	 0.9508	 0.0068
 1.2978	 0.9708	 0.0112
 1.3021	 0.9571	 0.0112
 1.3065	 0.9776	 0.0101
 1.3108	 0.9799	 0.0102
 1.3151	 0.9890	 0.0101
 1.3194	 0.9835	 0.0097
 1.3237	 0.9976	 0.0076
 1.3280	 0.9888	 0.0071
 1.3323	 1.0085	 0.0090
 1.3367	 1.0055	 0.0109
 1.3410	 1.0146	 0.0138
 1.3453	 1.0139	 0.0197
 1.3496	 0.9934	 0.0340
 1.3539	 0.9588	 0.0277
 1.3582	 1.0309	 0.0249
 1.3625	 1.0146	 0.0205
 1.3668	 1.0071	 0.0137
 1.3711	 1.0038	 0.0102
 1.3754	 1.0041	 0.0118
 1.3797	 1.0062	 0.0137
 1.3840	 0.9995	 0.0192
 1.3882	 1.0370	 0.0086
 1.3925	 1.0512	 0.0110
 1.3968	 1.0470	 0.0145
 1.4011	 1.0126	 0.0188
 1.4054	 0.9650	 0.0194
 1.4096	 1.0223	 0.0170
 1.4139	 1.0418	 0.0189
 1.4182	 1.0658	 0.0113
 1.4224	 1.0445	 0.0126
 1.4267	 1.0566	 0.0129
 1.4309	 1.0545	 0.0121
 1.4352	 1.0855	 0.0061
 1.4394	 1.0623	 0.0111
 1.4436	 1.0583	 0.0142
 1.4479	 1.0693	 0.0110
 1.4521	 1.0856	 0.0089
 1.4563	 1.0803	 0.0128
 1.4606	 1.0566	 0.0090
 1.4648	 1.0702	 0.0133
 1.4690	 1.1050	 0.0134
 1.4732	 1.0648	 0.0135
 1.4774	 1.0815	 0.0148
 1.4816	 1.0684	 0.0144
 1.4858	 1.1025	 0.0148
 1.4900	 1.0849	 0.0171
 1.4941	 1.0719	 0.0190
 1.4983	 1.0552	 0.0137
 1.5025	 1.0696	 0.0151
 1.5066	 1.0690	 0.0118
 1.5108	 1.0871	 0.0126
 1.5150	 1.0610	 0.0101
 1.5191	 1.0779	 0.0139
 1.5233	 1.0771	 0.0130
 1.5274	 1.1093	 0.0134
 1.5315	 1.0804	 0.0166
 1.5356	 1.0717	 0.0142
 1.5398	 1.0930	 0.0111
 1.5439	 1.1071	 0.0158
 1.5480	 1.0944	 0.0152
 1.5521	 1.0964	 0.0152
 1.5562	 1.0779	 0.0101
 1.5603	 1.0815	 0.0149
 1.5644	 1.0617	 0.0149
 1.5684	 1.0884	 0.0155
 1.5725	 1.0677	 0.0119
 1.5766	 1.0734	 0.0112
 1.5806	 1.0505	 0.0087
 1.5847	 1.0787	 0.0158
 1.5887	 1.0650	 0.0125
 1.5928	 1.0645	 0.0178
 1.5968	 1.0819	 0.0219
 1.6008	 1.0851	 0.0159
 1.6049	 1.0697	 0.0111
 1.6089	 1.0850	 0.0206
 1.6129	 1.0657	 0.0218
 1.6169	 1.0451	 0.0147
 1.6209	 1.0599	 0.0157
 1.6249	 1.0979	 0.0162
 1.6289	 1.0640	 0.0124
 1.6328	 1.0952	 0.0130
 1.6368	 1.0689	 0.0170
 1.6408	 1.0768	 0.0191
 1.6447	 1.0564	 0.0164
 1.6487	 1.0652	 0.0157
 1.6526	 1.0785	 0.0135
 1.6566	 1.0946	 0.0181
 1.6605	 1.0599	 0.0150
 1.6644	 1.0831	 0.0161
 1.6683	 1.0727	 0.0173
 1.6722	 1.0786	 0.0098
 1.6761	 1.0347	 0.0174
 1.6800	 1.0753	 0.0097
 1.6839	 1.0607	 0.0187
 1.6878	 1.0420	 0.0135
 1.6917	 1.0357	 0.0118
 1.6956	 1.0493	 0.0146
 1.6994	 1.0655	 0.0168
 1.7033	 1.0529	 0.0155
 1.7071	 1.0168	 0.0124
 1.7110	 1.0498	 0.0163
 1.7148	 1.0522	 0.0156
 1.7186	 1.0710	 0.0149
 1.7225	 1.0300	 0.0153
 1.7263	 1.0243	 0.0136
 1.7301	 1.0366	 0.0172
 1.7339	 1.0490	 0.0182
 1.7377	 1.0233	 0.0147
 1.7415	 1.0272	 0.0146
 1.7453	 1.0252	 0.0160
 1.7491	 1.0401	 0.0174
 1.7528	 1.0324	 0.0173
 1.7566	 1.0252	 0.0120
 1.7604	 0.9877	 0.0126
 1.7641	 1.0214	 0.0126
 1.7679	 1.0308	 0.0161
 1.7716	 1.0071	 0.0170
 1.7754	 1.0315	 0.0322
 1.7791	 1.0323	 0.0191
 1.7828	 1.0332	 0.0176
 1.7865	 1.0230	 0.0177
 1.7902	 1.0120	 0.0221
 1.7940	 1.0266	 0.0254
 1.7977	 0.9897	 0.0221
 1.8013	 0.9370	 0.0241
 1.8050	 0.9690	 0.0260
 1.8087	 0.9436	 0.0330
 1.8124	 0.9646	 0.0259
 1.8161	 1.0018	 0.0284
 1.8197	 0.9967	 0.0320
 1.8234	 0.9933	 0.0206
 1.8270	 0.9414	 0.0255
 1.8307	 0.9275	 0.0257
 1.8343	 0.9531	 0.0171
 1.8380	 0.9009	 0.0447
 1.8416	 0.9293	 0.0431
 1.8452	 0.9812	 0.0335
 1.8488	 0.9537	 0.0331
 1.8524	 0.8987	 0.0297
 1.8560	 0.9376	 0.0233
 1.8596	 0.9675	 0.0415
 1.8632	 0.9743	 0.0224
 1.8668	 0.9832	 0.0539
 1.8704	 0.8989	 0.0530
 1.8740	 1.0046	 0.0487
 1.8776	 0.9842	 0.0407
 1.8811	 0.9227	 0.0365
 1.8847	 0.9066	 0.0288
 1.8883	 0.9087	 0.0318
 1.8918	 0.9485	 0.0202
 1.8953	 0.9547	 0.0235
 1.8989	 0.9284	 0.0233
 1.9024	 0.9665	 0.0314
 1.9060	 1.0137	 0.0308
 1.9095	 0.9919	 0.0301
 1.9130	 0.9442	 0.0408
 1.9165	 0.9551	 0.0490
 1.9200	 0.9342	 0.0388
 1.9235	 0.9411	 0.0332
 1.9270	 0.9607	 0.0344
 1.9305	 0.9614	 0.0235
 1.9340	 1.0002	 0.0179
 1.9375	 0.9920	 0.0179
 1.9410	 0.9831	 0.0185
 1.9444	 0.9784	 0.0162
 1.9479	 0.9739	 0.0182
 1.9514	 0.9602	 0.0199
 1.9548	 0.9708	 0.0236
 1.9583	 0.9657	 0.0192
 1.9617	 0.9886	 0.0201
 1.9652	 1.0453	 0.0117
 1.9686	 0.9392	 0.0216
 1.9721	 0.9809	 0.0238
 1.9755	 0.9410	 0.0281
 1.9789	 0.9316	 0.0187
 1.9823	 0.9688	 0.0193
 1.9857	 0.9684	 0.0168
 1.9892	 0.9375	 0.0133
 1.9926	 0.9539	 0.0228
 1.9960	 1.0127	 0.0322
 1.9994	 0.9871	 0.0399
 2.0027	 0.9795	 0.0374
 2.0061	 0.8987	 0.0367
 2.0095	 0.9545	 0.0333
 2.0129	 0.9909	 0.0283
 2.0163	 0.9591	 0.0282
 2.0196	 0.9640	 0.0240
 2.0230	 0.9822	 0.0196
 2.0264	 0.9259	 0.0268
 2.0297	 0.9249	 0.0214
 2.0331	 0.9513	 0.0246
 2.0364	 0.9424	 0.0241
 2.0398	 0.9183	 0.0176
 2.0431	 0.9645	 0.0183
 2.0464	 1.0357	 0.0183
 2.0498	 1.0072	 0.0206
 2.0531	 1.0442	 0.0206
 2.0564	 1.0230	 0.0229
 2.0597	 0.9966	 0.0300
 2.0630	 0.9769	 0.0215
 2.0663	 1.0093	 0.0218
 2.0696	 0.9882	 0.0195
 2.0729	 0.9938	 0.0197
 2.0762	 1.0298	 0.0176
 2.0795	 1.0154	 0.0159
 2.0828	 0.9718	 0.0169
 2.0861	 0.9811	 0.0155
 2.0893	 0.9807	 0.0156
 2.0926	 1.0029	 0.0144
 2.0959	 0.9879	 0.0168
 2.0991	 0.9727	 0.0198
 2.1024	 0.9869	 0.0142
 2.1056	 1.0154	 0.0189
 2.1089	 0.9989	 0.0157
 2.1121	 1.0228	 0.0158
 2.1154	 1.0199	 0.0167
 2.1186	 0.9823	 0.0178
 2.1218	 1.0035	 0.0163
 2.1250	 1.0277	 0.0213
 2.1283	 0.9641	 0.0123
 2.1315	 0.9814	 0.0179
 2.1347	 1.0196	 0.0136
 2.1379	 0.9935	 0.0113
 2.1411	 0.9799	 0.0147
 2.1443	 0.9753	 0.0197
 2.1475	 0.9757	 0.0253
 2.1507	 1.0159	 0.0192
 2.1538	 1.0231	 0.0174
 2.1570	 1.0179	 0.0163
 2.1602	 1.0191	 0.0151
 2.1634	 1.0025	 0.0213
 2.1665	 0.9792	 0.0215
 2.1697	 1.0044	 0.0170
 2.1728	 0.9903	 0.0198
 2.1760	 0.9849	 0.0139
 2.1791	 1.0029	 0.0201
 2.1823	 0.9970	 0.0241
 2.1854	 1.0172	 0.0203
 2.1885	 0.9948	 0.0214
 2.1916	 0.9872	 0.0177
 2.1948	 1.0029	 0.0197
 2.1979	 1.0680	 0.0266
 2.2010	 1.0418	 0.0171
 2.2041	 1.0199	 0.0271
 2.2072	 1.0461	 0.0158
 2.2103	 1.0081	 0.0201
 2.2134	 1.1437	 0.0610
 2.2165	 1.0310	 0.0230
 2.2195	 1.0139	 0.0156
 2.2226	 1.0365	 0.0278
 2.2257	 1.0492	 0.0248
 2.2288	 1.0398	 0.0255
 2.2318	 1.0525	 0.0278
 2.2349	 1.0411	 0.0272
 2.2379	 1.0236	 0.0199
 2.2410	 1.0592	 0.0209
 2.2440	 1.0384	 0.0182
 2.2470	 1.0520	 0.0224
 2.2501	 1.0544	 0.0185
 2.2531	 1.0528	 0.0158
 2.2561	 1.0597	 0.0230
 2.2591	 1.0494	 0.0179
 2.2621	 1.0777	 0.0218
 2.2651	 1.0466	 0.0222
 2.2681	 1.0329	 0.0238
 2.2711	 1.0432	 0.0226
 2.2741	 1.0840	 0.0245
 2.2771	 1.0510	 0.0210
 2.2801	 1.0550	 0.0205
 2.2830	 1.0011	 0.0196
 2.2860	 1.0251	 0.0246
 2.2890	 1.0375	 0.0165
 2.2919	 1.0175	 0.0235
 2.2949	 0.9514	 0.0184
 2.2978	 1.0274	 0.0226
 2.3008	 1.0714	 0.0307
 2.3037	 1.0502	 0.0247
 2.3066	 1.0514	 0.0266
 2.3096	 0.9878	 0.0240
 2.3125	 1.0433	 0.0370
 2.3154	 1.0760	 0.0303
 2.3183	 1.0624	 0.0307
 2.3212	 1.0690	 0.0322
 2.3241	 0.9978	 0.0269
 2.3270	 0.9721	 0.0307
 2.3299	 0.9899	 0.0172
 2.3328	 1.0460	 0.0229
 2.3357	 1.0733	 0.0276
 2.3385	 1.0220	 0.0242
 2.3414	 0.9851	 0.0286
 2.3443	 0.9969	 0.0374
 2.3471	 1.0784	 0.0439
 2.3500	 1.1171	 0.0381
 2.3528	 1.1242	 0.0297
 2.3557	 1.0199	 0.0291
 2.3585	 1.0329	 0.0315
 2.3614	 1.0476	 0.0323
 2.3642	 1.0879	 0.0383
 2.3670	 1.0182	 0.0452
 2.3755	 1.0308	 0.0542
 2.3783	 1.1339	 0.0891
 2.3811	 1.1822	 0.0566
 2.3839	 1.1102	 0.0554
 2.3867	 0.9771	 0.0681
 2.3895	 0.9812	 0.0477
 2.3923	 1.0172	 0.0542
 2.3951	 0.9958	 0.0372
 2.3979	 1.0611	 0.0468
 2.4006	 1.1344	 0.0464
 2.4034	 1.1437	 0.0461
 2.4062	 1.0429	 0.0504
 2.4090	 1.0325	 0.0595
 2.4117	 1.0130	 0.0500
 2.4145	 1.1279	 0.0710
 2.4173	 1.1423	 0.0801
 2.4200	 1.1212	 0.0408
 2.4228	 0.9368	 0.0512
 2.4283	 0.9468	 0.0498
 2.4311	 1.1013	 0.0609
 2.4338	 1.1650	 0.0548
 2.4366	 1.0709	 0.0771
 2.4393	 1.0935	 0.0674
 2.4420	 1.0922	 0.0564
 2.4448	 1.1186	 0.0807
 2.4475	 1.0103	 0.0644
 2.4503	 1.1092	 0.0917
 	 	 
