 0.8200	 0.9963	 0.0042
 0.8250	 0.9874	 0.0043
 0.8300	 0.9831	 0.0044
 0.8350	 0.9817	 0.0040
 0.8400	 0.9722	 0.0043
 0.8450	 0.9679	 0.0040
 0.8500	 0.9553	 0.0039
 0.8550	 0.9445	 0.0039
 0.8600	 0.9367	 0.0044
 0.8650	 0.9259	 0.0037
 0.8700	 0.9201	 0.0039
 0.8750	 0.9150	 0.0038
 0.8800	 0.9071	 0.0036
 0.8850	 0.9033	 0.0038
 0.8900	 0.9040	 0.0041
 0.8950	 0.8934	 0.0036
 0.9000	 0.8954	 0.0035
 0.9050	 0.8978	 0.0033
 0.9100	 0.8920	 0.0036
 0.9150	 0.8922	 0.0033
 0.9200	 0.8823	 0.0034
 0.9250	 0.8860	 0.0043
 0.9300	 0.8781	 0.0046
 0.9350	 0.8758	 0.0049
 0.9400	 0.8693	 0.0042
 0.9450	 0.8633	 0.0042
 0.9500	 0.8621	 0.0035
 0.9550	 0.8680	 0.0035
 0.9600	 0.8682	 0.0039
 0.9650	 0.8668	 0.0035
 0.9700	 0.8652	 0.0033
 0.9750	 0.8708	 0.0037
 0.9800	 0.8626	 0.0032
 0.9850	 0.8623	 0.0029
 0.9900	 0.8633	 0.0028
 0.9950	 0.8650	 0.0028
 1.0000	 0.8656	 0.0029
 1.0050	 0.8678	 0.0029
 1.0100	 0.8654	 0.0026
 1.0150	 0.8671	 0.0027
 1.0200	 0.8706	 0.0027
 1.0250	 0.8688	 0.0029
 1.0300	 0.8741	 0.0030
 1.0350	 0.8739	 0.0026
 1.0400	 0.8762	 0.0026
 1.0450	 0.8772	 0.0027
 1.0500	 0.8775	 0.0026
 1.0550	 0.8800	 0.0027
 1.0600	 0.8858	 0.0030
 1.0650	 0.8837	 0.0027
 1.0700	 0.8888	 0.0026
 1.0750	 0.8898	 0.0027
 1.0800	 0.8960	 0.0026
 1.0850	 0.8991	 0.0026
 1.0900	 0.9041	 0.0034
 1.0950	 0.9119	 0.0032
 1.1000	 0.9109	 0.0034
 1.1050	 0.9181	 0.0040
 1.1100	 0.9157	 0.0037
 1.1150	 0.9215	 0.0044
 1.1200	 0.9399	 0.0050
 1.1250	 0.9285	 0.0046
 1.1300	 0.9370	 0.0042
 1.1350	 0.9438	 0.0036
 1.1400	 0.9424	 0.0037
 1.1450	 0.9443	 0.0034
 1.1500	 0.9483	 0.0034
 1.1550	 0.9561	 0.0033
 1.1600	 0.9569	 0.0034
 1.1650	 0.9617	 0.0035
 1.1700	 0.9739	 0.0034
 1.1750	 0.9791	 0.0034
 1.1800	 0.9869	 0.0034
 1.1850	 0.9839	 0.0026
 1.1900	 0.9866	 0.0027
 1.1950	 0.9926	 0.0027
 1.2000	 0.9901	 0.0026
 1.2050	 0.9949	 0.0027
 1.2100	 0.9963	 0.0027
 1.2150	 0.9959	 0.0027
 1.2200	 1.0029	 0.0031
 1.2250	 1.0018	 0.0028
 1.2300	 1.0051	 0.0031
 1.2350	 1.0079	 0.0029
 1.2400	 1.0135	 0.0030
 1.2450	 1.0135	 0.0027
 1.2500	 1.0168	 0.0027
 1.2550	 1.0227	 0.0026
 1.2600	 1.0181	 0.0028
 1.2650	 1.0190	 0.0026
 1.2700	 1.0200	 0.0029
 1.2750	 1.0207	 0.0033
 1.2800	 1.0179	 0.0032
 1.2850	 1.0220	 0.0032
 1.2900	 1.0301	 0.0029
 1.2950	 1.0300	 0.0029
 1.3000	 1.0376	 0.0028
 1.3050	 1.0408	 0.0028
 1.3100	 1.0448	 0.0031
 1.3150	 1.0453	 0.0030
 1.3200	 1.0461	 0.0030
 1.3250	 1.0448	 0.0034
 1.3300	 1.0531	 0.0038
 1.3350	 1.0614	 0.0047
 1.3400	 1.0826	 0.0060
 1.3450	 1.1105	 0.0063
 1.3650	 1.0776	 0.0165
 1.3800	 1.0828	 0.0112
 1.3850	 1.0904	 0.0112
 1.3900	 1.0993	 0.0136
 1.4000	 1.0970	 0.0082
 1.4050	 1.0799	 0.0087
 1.4100	 1.0825	 0.0091
 1.4150	 1.0995	 0.0083
 1.4200	 1.1132	 0.0078
 1.4250	 1.1172	 0.0072
 1.4300	 1.1005	 0.0059
 1.4350	 1.1145	 0.0060
 1.4400	 1.1269	 0.0064
 1.4450	 1.1236	 0.0065
 1.4500	 1.1270	 0.0055
 1.4550	 1.1336	 0.0048
 1.4600	 1.1214	 0.0057
 1.4650	 1.1325	 0.0058
 1.4700	 1.1442	 0.0046
 1.4750	 1.1494	 0.0041
 1.4800	 1.1358	 0.0044
 1.4850	 1.1347	 0.0049
 1.4900	 1.1401	 0.0048
 1.4950	 1.1440	 0.0045
 1.5000	 1.1468	 0.0046
 1.5050	 1.1416	 0.0039
 1.5100	 1.1543	 0.0033
 1.5150	 1.1521	 0.0038
 1.5200	 1.1663	 0.0036
 1.5250	 1.1644	 0.0034
 1.5300	 1.1639	 0.0034
 1.5350	 1.1747	 0.0040
 1.5400	 1.1744	 0.0036
 1.5450	 1.1733	 0.0042
 1.5500	 1.1775	 0.0039
 1.5550	 1.1779	 0.0037
 1.5600	 1.1771	 0.0036
 1.5650	 1.1747	 0.0041
 1.5700	 1.1798	 0.0039
 1.5750	 1.1758	 0.0039
 1.5800	 1.1713	 0.0043
 1.5850	 1.1733	 0.0036
 1.5900	 1.1767	 0.0036
 1.5950	 1.1757	 0.0036
 1.6000	 1.1796	 0.0040
 1.6050	 1.1770	 0.0041
 1.6100	 1.1807	 0.0038
 1.6150	 1.1787	 0.0038
 1.6200	 1.1798	 0.0038
 1.6250	 1.1806	 0.0037
 1.6300	 1.1855	 0.0039
 1.6350	 1.1841	 0.0037
 1.6400	 1.1864	 0.0038
 1.6450	 1.1773	 0.0036
 1.6500	 1.1804	 0.0037
 1.6550	 1.1770	 0.0036
 1.6600	 1.1692	 0.0040
 1.6650	 1.1730	 0.0037
 1.6700	 1.1731	 0.0042
 1.6750	 1.1739	 0.0040
 1.6800	 1.1693	 0.0041
 1.6850	 1.1770	 0.0043
 1.6900	 1.1699	 0.0041
 1.6950	 1.1670	 0.0039
 1.7000	 1.1619	 0.0042
 1.7050	 1.1647	 0.0041
 1.7100	 1.1597	 0.0044
 1.7150	 1.1682	 0.0042
 1.7200	 1.1666	 0.0048
 1.7250	 1.1731	 0.0044
 1.7300	 1.1629	 0.0039
 1.7350	 1.1580	 0.0041
 1.7400	 1.1599	 0.0042
 1.7450	 1.1537	 0.0052
 1.7500	 1.1601	 0.0044
 1.7550	 1.1560	 0.0048
 1.7600	 1.1526	 0.0042
 1.7650	 1.1557	 0.0044
 1.7700	 1.1486	 0.0045
 1.7750	 1.1511	 0.0044
 1.7800	 1.1490	 0.0047
 1.7850	 1.1514	 0.0046
 1.7900	 1.1469	 0.0053
 1.7950	 1.1413	 0.0067
 1.8000	 1.1403	 0.0079
 1.8050	 1.1427	 0.0074
 1.8100	 1.1466	 0.0089
 1.8150	 1.1410	 0.0091
 1.8200	 1.1458	 0.0151
 1.8250	 1.1405	 0.0138
 1.8400	 1.1467	 0.0286
 1.8450	 1.1274	 0.0226
 1.8550	 1.1482	 0.0239
 1.8600	 1.1470	 0.0208
 1.8650	 1.1420	 0.0232
 1.8900	 1.1288	 0.0154
 1.8950	 1.1312	 0.0225
 1.9000	 1.1297	 0.0256
 1.9100	 1.1150	 0.0196
 1.9150	 1.1161	 0.0126
 1.9200	 1.1419	 0.0138
 1.9250	 1.1430	 0.0116
 1.9300	 1.1353	 0.0111
 1.9350	 1.1276	 0.0114
 1.9400	 1.1320	 0.0103
 1.9450	 1.1354	 0.0096
 1.9500	 1.1198	 0.0083
 1.9550	 1.1260	 0.0082
 1.9600	 1.1277	 0.0079
 1.9650	 1.1168	 0.0085
 1.9700	 1.1172	 0.0078
 1.9750	 1.1142	 0.0063
 1.9800	 1.1251	 0.0055
 1.9850	 1.1325	 0.0058
 1.9900	 1.1272	 0.0061
 1.9950	 1.1206	 0.0086
 2.0000	 1.1225	 0.0100
 2.0050	 1.1059	 0.0113
 2.0100	 1.1234	 0.0082
 2.0150	 1.1203	 0.0080
 2.0200	 1.1392	 0.0073
 2.0250	 1.1353	 0.0074
 2.0300	 1.1278	 0.0065
 2.0350	 1.1226	 0.0059
 2.0400	 1.1268	 0.0056
 2.0450	 1.1329	 0.0062
 2.0500	 1.1208	 0.0071
 2.0550	 1.1391	 0.0070
 2.0600	 1.1302	 0.0058
 2.0650	 1.1285	 0.0058
 2.0700	 1.1349	 0.0056
 2.0750	 1.1378	 0.0065
 2.0800	 1.1311	 0.0057
 2.0850	 1.1369	 0.0054
 2.0900	 1.1418	 0.0055
 2.0950	 1.1385	 0.0052
 2.1000	 1.1408	 0.0055
 2.1050	 1.1393	 0.0053
 2.1100	 1.1377	 0.0056
 2.1150	 1.1436	 0.0052
 2.1200	 1.1396	 0.0054
 2.1250	 1.1404	 0.0055
 2.1300	 1.1449	 0.0054
 2.1350	 1.1476	 0.0057
 2.1400	 1.1532	 0.0055
 2.1450	 1.1503	 0.0053
 2.1500	 1.1506	 0.0055
 2.1550	 1.1482	 0.0055
 2.1600	 1.1527	 0.0057
 2.1650	 1.1576	 0.0060
 2.1700	 1.1623	 0.0063
 2.1750	 1.1556	 0.0057
 2.1800	 1.1598	 0.0060
 2.1850	 1.1551	 0.0058
 2.1900	 1.1544	 0.0061
 2.1950	 1.1532	 0.0062
 2.2000	 1.1603	 0.0061
 2.2050	 1.1631	 0.0062
 2.2100	 1.1652	 0.0063
 2.2150	 1.1690	 0.0069
 2.2200	 1.1690	 0.0060
 2.2250	 1.1745	 0.0062
 2.2300	 1.1737	 0.0061
 2.2350	 1.1686	 0.0061
 2.2400	 1.1758	 0.0066
 2.2450	 1.1774	 0.0061
 2.2500	 1.1809	 0.0063
 2.2550	 1.1844	 0.0068
 2.2600	 1.1848	 0.0072
 2.2650	 1.1789	 0.0072
 2.2700	 1.1865	 0.0068
 2.2750	 1.1914	 0.0070
 2.2800	 1.1897	 0.0072
 2.2850	 1.1873	 0.0069
 2.2900	 1.1890	 0.0075
 2.2950	 1.1859	 0.0071
 2.3000	 1.1866	 0.0071
 2.3050	 1.1913	 0.0073
 2.3100	 1.1943	 0.0077
 2.3150	 1.1931	 0.0074
 2.3200	 1.1934	 0.0077
 2.3250	 1.1974	 0.0073
 2.3300	 1.1949	 0.0070
 2.3350	 1.1954	 0.0088
 2.3400	 1.1988	 0.0092
 2.3450	 1.1980	 0.0080
 2.3500	 1.2094	 0.0078
 2.3550	 1.2140	 0.0084
 2.3600	 1.2051	 0.0080
 2.3650	 1.2002	 0.0083
 2.3700	 1.2049	 0.0088
 2.3750	 1.2119	 0.0087
 2.3800	 1.2161	 0.0082
 2.3850	 1.2009	 0.0082
 2.3900	 1.2107	 0.0084
 2.3950	 1.2136	 0.0083
 2.4000	 1.2250	 0.0080
 2.4050	 1.2181	 0.0089
 2.4100	 1.2218	 0.0092
 2.4150	 1.2222	 0.0096
 2.4200	 1.2168	 0.0097
 2.4250	 1.2220	 0.0104
 2.4300	 1.2303	 0.0094
 2.4350	 1.2102	 0.0095
 2.4400	 1.2236	 0.0110
 2.4450	 1.2308	 0.0106
 2.4500	 1.2216	 0.0125
 2.4550	 1.2139	 0.0129
 2.4600	 1.2304	 0.0100
 2.4650	 1.2254	 0.0096
 2.4700	 1.2398	 0.0107
 2.4800	 1.2131	 0.0126
 2.4850	 1.2264	 0.0128
