 0.8200	 0.9678	 0.0075
 0.8250	 0.9765	 0.0075
 0.8300	 0.9753	 0.0072
 0.8350	 0.9758	 0.0071
 0.8400	 0.9771	 0.0070
 0.8450	 0.9750	 0.0071
 0.8500	 0.9740	 0.0068
 0.8550	 0.9835	 0.0067
 0.8600	 0.9821	 0.0072
 0.8650	 0.9823	 0.0074
 0.8700	 0.9771	 0.0066
 0.8750	 0.9678	 0.0067
 0.8800	 0.9654	 0.0063
 0.8850	 0.9634	 0.0063
 0.8900	 0.9738	 0.0065
 0.8950	 0.9696	 0.0065
 0.9000	 0.9650	 0.0068
 0.9050	 0.9748	 0.0072
 0.9100	 0.9663	 0.0066
 0.9150	 0.9775	 0.0064
 0.9200	 0.9736	 0.0066
 0.9250	 0.9672	 0.0069
 0.9300	 0.9681	 0.0069
 0.9350	 0.9630	 0.0069
 0.9400	 0.9557	 0.0068
 0.9450	 0.9532	 0.0073
 0.9500	 0.9499	 0.0072
 0.9550	 0.9564	 0.0067
 0.9600	 0.9660	 0.0066
 0.9650	 0.9717	 0.0064
 0.9700	 0.9685	 0.0066
 0.9750	 0.9703	 0.0061
 0.9800	 0.9566	 0.0059
 0.9850	 0.9525	 0.0055
 0.9900	 0.9544	 0.0060
 0.9950	 0.9528	 0.0054
 1.0000	 0.9488	 0.0057
 1.0050	 0.9477	 0.0053
 1.0100	 0.9504	 0.0055
 1.0150	 0.9562	 0.0055
 1.0200	 0.9615	 0.0053
 1.0250	 0.9478	 0.0052
 1.0300	 0.9456	 0.0055
 1.0350	 0.9421	 0.0053
 1.0400	 0.9437	 0.0051
 1.0450	 0.9461	 0.0050
 1.0500	 0.9411	 0.0050
 1.0550	 0.9339	 0.0053
 1.0600	 0.9473	 0.0053
 1.0650	 0.9505	 0.0050
 1.0700	 0.9509	 0.0050
 1.0750	 0.9449	 0.0051
 1.0800	 0.9545	 0.0049
 1.0850	 0.9538	 0.0050
 1.0900	 0.9415	 0.0055
 1.0950	 0.9462	 0.0050
 1.1000	 0.9510	 0.0049
 1.1050	 0.9543	 0.0048
 1.1100	 0.9528	 0.0054
 1.1150	 0.9488	 0.0055
 1.1200	 0.9473	 0.0057
 1.1250	 0.9625	 0.0058
 1.1300	 0.9690	 0.0061
 1.1350	 0.9780	 0.0062
 1.1400	 0.9761	 0.0061
 1.1450	 0.9740	 0.0064
 1.1500	 0.9651	 0.0061
 1.1550	 0.9631	 0.0058
 1.1600	 0.9718	 0.0057
 1.1650	 0.9700	 0.0054
 1.1700	 0.9874	 0.0052
 1.1750	 0.9930	 0.0053
 1.1800	 0.9971	 0.0049
 1.1850	 0.9948	 0.0049
 1.1900	 0.9839	 0.0051
 1.1950	 0.9922	 0.0046
 1.2000	 0.9922	 0.0048
 1.2050	 0.9993	 0.0050
 1.2100	 0.9984	 0.0048
 1.2150	 0.9961	 0.0050
 1.2200	 1.0028	 0.0052
 1.2250	 1.0007	 0.0047
 1.2300	 1.0008	 0.0049
 1.2350	 1.0010	 0.0048
 1.2400	 1.0047	 0.0053
 1.2450	 1.0082	 0.0050
 1.2500	 1.0092	 0.0050
 1.2550	 1.0192	 0.0048
 1.2600	 1.0076	 0.0051
 1.2650	 0.9984	 0.0052
 1.2700	 1.0039	 0.0050
 1.2750	 1.0047	 0.0053
 1.2800	 1.0087	 0.0054
 1.2850	 1.0096	 0.0050
 1.2900	 1.0141	 0.0052
 1.2950	 1.0169	 0.0054
 1.3000	 1.0140	 0.0049
 1.3050	 1.0211	 0.0050
 1.3100	 1.0169	 0.0050
 1.3150	 1.0294	 0.0050
 1.3200	 1.0336	 0.0052
 1.3250	 1.0305	 0.0052
 1.3300	 1.0396	 0.0052
 1.3350	 1.0209	 0.0063
 1.3400	 1.0357	 0.0072
 1.3550	 1.0166	 0.0108
 1.3600	 1.0314	 0.0134
 1.3750	 1.0298	 0.0289
 1.3900	 1.0636	 0.0184
 1.3950	 1.0661	 0.0165
 1.4000	 1.0538	 0.0141
 1.4050	 1.0488	 0.0155
 1.4100	 1.0627	 0.0140
 1.4250	 1.0668	 0.0093
 1.4300	 1.0728	 0.0086
 1.4350	 1.0734	 0.0082
 1.4400	 1.0721	 0.0082
 1.4450	 1.0611	 0.0080
 1.4500	 1.0736	 0.0074
 1.4550	 1.0854	 0.0066
 1.4600	 1.0866	 0.0069
 1.4650	 1.0907	 0.0069
 1.4700	 1.0954	 0.0076
 1.4800	 1.0826	 0.0068
 1.4850	 1.0798	 0.0068
 1.4900	 1.0807	 0.0063
 1.4950	 1.0697	 0.0064
 1.5000	 1.0796	 0.0064
 1.5050	 1.0808	 0.0058
 1.5100	 1.0775	 0.0057
 1.5150	 1.0776	 0.0056
 1.5200	 1.0829	 0.0057
 1.5250	 1.0886	 0.0058
 1.5300	 1.0826	 0.0056
 1.5350	 1.0787	 0.0056
 1.5400	 1.0798	 0.0060
 1.5450	 1.0829	 0.0059
 1.5500	 1.0838	 0.0057
 1.5550	 1.0833	 0.0059
 1.5600	 1.0812	 0.0059
 1.5650	 1.0883	 0.0060
 1.5700	 1.0855	 0.0062
 1.5750	 1.0860	 0.0059
 1.5800	 1.0723	 0.0062
 1.5850	 1.0788	 0.0060
 1.5900	 1.0914	 0.0063
 1.5950	 1.0768	 0.0063
 1.6000	 1.0745	 0.0062
 1.6050	 1.0781	 0.0065
 1.6100	 1.0698	 0.0068
 1.6150	 1.0664	 0.0063
 1.6200	 1.0665	 0.0064
 1.6250	 1.0588	 0.0062
 1.6300	 1.0835	 0.0067
 1.6350	 1.0872	 0.0070
 1.6400	 1.0746	 0.0060
 1.6450	 1.0607	 0.0066
 1.6500	 1.0618	 0.0068
 1.6550	 1.0660	 0.0063
 1.6600	 1.0703	 0.0067
 1.6650	 1.0582	 0.0064
 1.6700	 1.0479	 0.0064
 1.6750	 1.0499	 0.0067
 1.6800	 1.0580	 0.0068
 1.6850	 1.0556	 0.0070
 1.6900	 1.0541	 0.0075
 1.6950	 1.0487	 0.0065
 1.7000	 1.0459	 0.0066
 1.7050	 1.0363	 0.0063
 1.7100	 1.0346	 0.0062
 1.7150	 1.0454	 0.0068
 1.7200	 1.0302	 0.0064
 1.7250	 1.0359	 0.0066
 1.7300	 1.0410	 0.0069
 1.7350	 1.0423	 0.0072
 1.7400	 1.0364	 0.0078
 1.7450	 1.0297	 0.0076
 1.7500	 1.0383	 0.0075
 1.7550	 1.0444	 0.0078
 1.7600	 1.0185	 0.0073
 1.7650	 1.0115	 0.0072
 1.7700	 1.0117	 0.0076
 1.7750	 1.0345	 0.0075
 1.7800	 1.0362	 0.0076
 1.7850	 1.0103	 0.0083
 1.7900	 0.9888	 0.0099
 1.7950	 0.9998	 0.0090
 1.8000	 1.0078	 0.0086
 1.8050	 1.0078	 0.0099
 1.8100	 1.0110	 0.0111
 1.8150	 1.0098	 0.0120
 1.8200	 1.0003	 0.0133
 1.8250	 1.0051	 0.0165
 1.8300	 0.9941	 0.0229
 1.8350	 0.9988	 0.0326
 1.8550	 1.0004	 0.0418
 1.8600	 0.9847	 0.0433
 1.8800	 0.9599	 0.0359
 1.8850	 1.0174	 0.0375
 1.8900	 0.9759	 0.0269
 1.8950	 0.9910	 0.0308
 1.9000	 1.0046	 0.0309
 1.9050	 0.9950	 0.0368
 1.9250	 0.9657	 0.0204
 1.9300	 0.9820	 0.0181
 1.9350	 0.9938	 0.0181
 1.9400	 1.0034	 0.0167
 1.9450	 0.9829	 0.0143
 1.9500	 0.9898	 0.0139
 1.9550	 0.9975	 0.0135
 1.9600	 0.9869	 0.0130
 1.9650	 0.9837	 0.0130
 1.9700	 0.9774	 0.0119
 1.9750	 0.9849	 0.0102
 1.9800	 0.9808	 0.0091
 1.9850	 0.9807	 0.0087
 1.9900	 0.9726	 0.0094
 1.9950	 0.9851	 0.0103
 2.0000	 0.9883	 0.0123
 2.0050	 0.9725	 0.0128
 2.0100	 0.9771	 0.0138
 2.0150	 0.9470	 0.0130
 2.0200	 0.9637	 0.0121
 2.0250	 0.9834	 0.0113
 2.0300	 0.9742	 0.0095
 2.0350	 0.9556	 0.0099
 2.0400	 0.9651	 0.0093
 2.0450	 0.9776	 0.0104
 2.0500	 0.9765	 0.0103
 2.0550	 0.9787	 0.0106
 2.0600	 0.9564	 0.0127
 2.0650	 0.9602	 0.0110
 2.0700	 0.9805	 0.0102
 2.0750	 0.9815	 0.0100
 2.0800	 0.9745	 0.0098
 2.0850	 0.9714	 0.0092
 2.0900	 0.9889	 0.0093
 2.0950	 1.0117	 0.0102
 2.1000	 1.0055	 0.0095
 2.1050	 0.9724	 0.0107
 2.1100	 1.0106	 0.0108
 2.1150	 1.0161	 0.0096
 2.1200	 0.9754	 0.0098
 2.1250	 0.9695	 0.0108
 2.1300	 0.9783	 0.0102
 2.1350	 0.9950	 0.0098
 2.1400	 1.0069	 0.0107
 2.1450	 1.0050	 0.0105
 2.1500	 0.9970	 0.0101
 2.1550	 0.9898	 0.0100
 2.1600	 0.9970	 0.0114
 2.1650	 0.9915	 0.0112
 2.1700	 1.0125	 0.0113
 2.1750	 1.0278	 0.0110
 2.1800	 0.9857	 0.0102
 2.1850	 0.9892	 0.0108
 2.1900	 1.0256	 0.0120
 2.1950	 1.0106	 0.0115
 2.2000	 1.0035	 0.0108
 2.2050	 0.9977	 0.0118
 2.2100	 1.0020	 0.0113
 2.2150	 1.0068	 0.0111
 2.2200	 1.0238	 0.0120
 2.2250	 1.0226	 0.0116
 2.2300	 0.9933	 0.0114
 2.2350	 1.0068	 0.0115
 2.2400	 0.9940	 0.0112
 2.2450	 1.0053	 0.0115
 2.2500	 1.0251	 0.0114
 2.2550	 1.0221	 0.0116
 2.2600	 1.0159	 0.0117
 2.2650	 1.0044	 0.0116
 2.2700	 1.0273	 0.0130
 2.2750	 1.0218	 0.0123
 2.2800	 1.0149	 0.0117
 2.2850	 1.0323	 0.0126
 2.2900	 1.0223	 0.0136
 2.2950	 1.0039	 0.0133
 2.3000	 0.9897	 0.0129
 2.3100	 0.9816	 0.0124
 2.3150	 1.0177	 0.0132
 2.3200	 1.0110	 0.0140
 2.3250	 0.9916	 0.0141
 2.3300	 1.0018	 0.0135
 2.3350	 1.0254	 0.0136
 2.3400	 1.0434	 0.0140
 2.3450	 1.0132	 0.0132
 2.3600	 1.0262	 0.0146
 2.3650	 1.0511	 0.0145
 2.3700	 1.0485	 0.0143
 2.3750	 1.0110	 0.0150
 2.3800	 0.9999	 0.0157
 2.3850	 1.0535	 0.0170
 2.3900	 1.0622	 0.0163
 2.3950	 1.0340	 0.0164
 2.4000	 1.0316	 0.0175
 2.4050	 1.0827	 0.0194
 2.4150	 1.0552	 0.0176
 2.4200	 1.0705	 0.0193
 2.4250	 1.0464	 0.0171
 2.4350	 1.0698	 0.0169
 2.4500	 1.0398	 0.0199
 2.4550	 1.0485	 0.0177
 2.4600	 1.0580	 0.0181
 2.4650	 1.1070	 0.0190
 2.4700	 1.1159	 0.0193
 2.4750	 1.0819	 0.0205
 2.4800	 1.1143	 0.0233
 2.4850	 1.1030	 0.0263
