 0.7800	 1.1038	 0.0089
 0.7850	 1.0978	 0.0088
 0.7900	 1.1007	 0.0086
 0.7950	 1.0920	 0.0085
 0.8000	 1.0930	 0.0083
 0.8050	 1.0866	 0.0082
 0.8100	 1.0784	 0.0081
 0.8150	 1.0740	 0.0080
 0.8200	 1.0767	 0.0081
 0.8250	 1.0713	 0.0078
 0.8300	 1.0606	 0.0076
 0.8350	 1.0517	 0.0075
 0.8400	 1.0476	 0.0074
 0.8450	 1.0449	 0.0073
 0.8500	 1.0406	 0.0073
 0.8550	 1.0315	 0.0072
 0.8600	 1.0322	 0.0073
 0.8650	 1.0221	 0.0070
 0.8700	 1.0116	 0.0069
 0.8750	 1.0016	 0.0068
 0.8800	 0.9991	 0.0066
 0.8850	 0.9980	 0.0065
 0.8900	 0.9882	 0.0064
 0.8950	 0.9880	 0.0064
 0.9000	 0.9881	 0.0064
 0.9050	 0.9848	 0.0063
 0.9100	 0.9879	 0.0063
 0.9150	 0.9852	 0.0062
 0.9200	 0.9811	 0.0061
 0.9250	 0.9854	 0.0061
 0.9300	 0.9849	 0.0062
 0.9350	 0.9765	 0.0062
 0.9400	 0.9699	 0.0062
 0.9450	 0.9696	 0.0062
 0.9500	 0.9662	 0.0057
 0.9550	 0.9640	 0.0057
 0.9600	 0.9709	 0.0059
 0.9650	 0.9779	 0.0059
 0.9700	 0.9796	 0.0056
 0.9750	 0.9818	 0.0055
 0.9800	 0.9831	 0.0055
 0.9850	 0.9800	 0.0054
 0.9900	 0.9816	 0.0053
 0.9950	 0.9812	 0.0053
 1.0000	 0.9843	 0.0053
 1.0050	 0.9872	 0.0052
 1.0100	 0.9874	 0.0052
 1.0150	 0.9908	 0.0052
 1.0200	 0.9906	 0.0052
 1.0250	 0.9855	 0.0051
 1.0300	 0.9932	 0.0051
 1.0350	 0.9978	 0.0051
 1.0400	 0.9966	 0.0051
 1.0450	 1.0027	 0.0051
 1.0500	 1.0056	 0.0050
 1.0550	 1.0066	 0.0050
 1.0600	 1.0080	 0.0050
 1.0650	 1.0063	 0.0049
 1.0700	 1.0102	 0.0049
 1.0750	 1.0146	 0.0050
 1.0800	 1.0159	 0.0049
 1.0850	 1.0195	 0.0049
 1.0900	 1.0228	 0.0049
 1.0950	 1.0305	 0.0049
 1.1000	 1.0332	 0.0049
 1.1050	 1.0424	 0.0049
 1.1100	 1.0450	 0.0050
 1.1150	 1.0466	 0.0050
 1.1200	 1.0459	 0.0051
 1.1250	 1.0467	 0.0052
 1.1300	 1.0476	 0.0053
 1.1350	 1.0493	 0.0052
 1.1400	 1.0536	 0.0051
 1.1450	 1.0626	 0.0061
 1.1500	 1.0629	 0.0060
 1.1550	 1.0628	 0.0049
 1.1600	 1.0687	 0.0049
 1.1650	 1.0726	 0.0048
 1.1700	 1.0718	 0.0047
 1.1750	 1.0740	 0.0047
 1.1800	 1.0767	 0.0047
 1.1850	 1.0821	 0.0047
 1.1900	 1.0837	 0.0047
 1.1950	 1.0819	 0.0047
 1.2000	 1.0812	 0.0047
 1.2050	 1.0877	 0.0047
 1.2100	 1.0917	 0.0047
 1.2150	 1.0930	 0.0047
 1.2200	 1.0902	 0.0047
 1.2250	 1.0906	 0.0047
 1.2300	 1.0970	 0.0047
 1.2350	 1.0994	 0.0047
 1.2400	 1.1043	 0.0048
 1.2450	 1.1046	 0.0047
 1.2500	 1.1056	 0.0048
 1.2550	 1.0993	 0.0048
 1.2600	 1.0985	 0.0048
 1.2650	 1.0974	 0.0049
 1.2700	 1.0987	 0.0048
 1.2750	 1.1077	 0.0049
 1.2800	 1.1034	 0.0048
 1.2850	 1.1118	 0.0048
 1.2900	 1.1177	 0.0047
 1.2950	 1.1160	 0.0048
 1.3000	 1.1205	 0.0048
 1.3050	 1.1169	 0.0049
 1.3100	 1.1149	 0.0050
 1.3150	 1.1207	 0.0049
 1.3200	 1.1228	 0.0049
 1.3250	 1.1238	 0.0050
 1.3300	 1.1246	 0.0050
 1.3350	 1.1345	 0.0052
 1.3400	 1.1354	 0.0056
 1.3500	 1.1188	 0.0091
 1.3600	 1.1448	 0.0087
 1.3650	 1.1340	 0.0089
 1.3700	 1.1255	 0.0100
 1.3750	 1.1259	 0.0086
 1.3800	 1.1301	 0.0083
 1.3850	 1.1469	 0.0084
 1.3900	 1.1447	 0.0085
 1.3950	 1.1330	 0.0080
 1.4000	 1.1451	 0.0077
 1.4050	 1.1522	 0.0073
 1.4100	 1.1623	 0.0070
 1.4150	 1.1687	 0.0067
 1.4200	 1.1571	 0.0066
 1.4250	 1.1571	 0.0064
 1.4300	 1.1568	 0.0064
 1.4350	 1.1600	 0.0063
 1.4400	 1.1649	 0.0062
 1.4450	 1.1706	 0.0060
 1.4500	 1.1736	 0.0059
 1.4550	 1.1689	 0.0060
 1.4600	 1.1713	 0.0059
 1.4650	 1.1759	 0.0059
 1.4700	 1.1737	 0.0061
 1.4750	 1.1764	 0.0059
 1.4800	 1.1697	 0.0058
 1.4850	 1.1769	 0.0058
 1.4900	 1.1730	 0.0057
 1.4950	 1.1735	 0.0057
 1.5000	 1.1717	 0.0057
 1.5050	 1.1695	 0.0057
 1.5100	 1.1774	 0.0057
 1.5150	 1.1790	 0.0057
 1.5200	 1.1794	 0.0057
 1.5250	 1.1802	 0.0057
 1.5300	 1.1857	 0.0058
 1.5350	 1.1811	 0.0058
 1.5400	 1.1795	 0.0058
 1.5450	 1.1818	 0.0058
 1.5500	 1.1869	 0.0059
 1.5550	 1.1822	 0.0059
 1.5600	 1.1777	 0.0059
 1.5650	 1.1770	 0.0060
 1.5700	 1.1645	 0.0060
 1.5750	 1.1732	 0.0061
 1.5800	 1.1802	 0.0061
 1.5850	 1.1711	 0.0061
 1.5900	 1.1747	 0.0061
 1.5950	 1.1715	 0.0062
 1.6000	 1.1631	 0.0062
 1.6050	 1.1724	 0.0063
 1.6100	 1.1654	 0.0064
 1.6150	 1.1680	 0.0062
 1.6200	 1.1686	 0.0062
 1.6250	 1.1727	 0.0062
 1.6300	 1.1636	 0.0062
 1.6350	 1.1680	 0.0063
 1.6400	 1.1663	 0.0064
 1.6450	 1.1643	 0.0064
 1.6500	 1.1617	 0.0064
 1.6550	 1.1615	 0.0063
 1.6600	 1.1589	 0.0067
 1.6650	 1.1545	 0.0065
 1.6700	 1.1551	 0.0065
 1.6750	 1.1569	 0.0065
 1.6800	 1.1572	 0.0066
 1.6850	 1.1571	 0.0066
 1.6900	 1.1558	 0.0066
 1.6950	 1.1555	 0.0066
 1.7000	 1.1517	 0.0067
 1.7050	 1.1500	 0.0067
 1.7100	 1.1448	 0.0067
 1.7150	 1.1387	 0.0067
 1.7200	 1.1380	 0.0068
 1.7250	 1.1416	 0.0068
 1.7300	 1.1417	 0.0069
 1.7350	 1.1413	 0.0070
 1.7400	 1.1396	 0.0070
 1.7450	 1.1393	 0.0070
 1.7500	 1.1372	 0.0070
 1.7550	 1.1370	 0.0071
 1.7600	 1.1353	 0.0071
 1.7650	 1.1373	 0.0072
 1.7700	 1.1268	 0.0073
 1.7750	 1.1218	 0.0073
 1.7800	 1.1234	 0.0074
 1.7850	 1.1298	 0.0075
 1.7900	 1.1330	 0.0077
 1.7950	 1.1260	 0.0079
 1.8000	 1.1195	 0.0082
 1.8050	 1.1244	 0.0087
 1.8100	 1.1254	 0.0092
 1.8150	 1.1301	 0.0099
 1.8200	 1.1138	 0.0104
 1.8250	 1.1402	 0.0109
 1.8300	 1.1385	 0.0118
 1.8400	 1.0944	 0.0141
 1.8450	 1.1163	 0.0158
 1.8500	 1.1105	 0.0158
 1.8550	 1.1199	 0.0154
 1.8600	 1.1131	 0.0152
 1.8650	 1.1221	 0.0153
 1.8750	 1.1211	 0.0172
 1.8800	 1.0992	 0.0147
 1.8850	 1.1225	 0.0137
 1.9000	 1.1114	 0.0142
 1.9050	 1.1034	 0.0154
 1.9100	 1.0857	 0.0153
 1.9150	 1.0997	 0.0154
 1.9200	 1.1024	 0.0140
 1.9250	 1.1001	 0.0127
 1.9300	 1.0928	 0.0119
 1.9350	 1.1022	 0.0115
 1.9400	 1.1000	 0.0112
 1.9450	 1.1012	 0.0111
 1.9550	 1.0975	 0.0116
 1.9600	 1.0927	 0.0117
 1.9650	 1.0898	 0.0114
 1.9700	 1.0960	 0.0108
 1.9750	 1.0982	 0.0101
 1.9800	 1.0989	 0.0096
 1.9850	 1.1006	 0.0094
 1.9900	 1.1109	 0.0094
 1.9950	 1.1052	 0.0099
 2.0050	 1.0982	 0.0142
 2.0100	 1.1175	 0.0145
 2.0200	 1.1084	 0.0121
 2.0250	 1.0984	 0.0117
 2.0300	 1.1002	 0.0105
 2.0350	 1.0977	 0.0100
 2.0400	 1.1059	 0.0100
 2.0450	 1.1101	 0.0101
 2.0500	 1.1067	 0.0106
 2.0550	 1.0960	 0.0111
 2.0600	 1.1059	 0.0115
 2.0650	 1.1017	 0.0115
 2.0700	 1.1041	 0.0113
 2.0750	 1.1075	 0.0111
 2.0800	 1.1122	 0.0108
 2.0850	 1.1173	 0.0106
 2.0900	 1.1070	 0.0105
 2.0950	 1.1165	 0.0105
 2.1000	 1.1127	 0.0105
 2.1050	 1.1061	 0.0111
 2.1100	 1.1098	 0.0106
 2.1150	 1.1067	 0.0107
 2.1200	 1.1072	 0.0107
 2.1250	 1.1083	 0.0108
 2.1300	 1.1136	 0.0109
 2.1350	 1.1203	 0.0110
 2.1400	 1.1212	 0.0110
 2.1450	 1.1107	 0.0110
 2.1500	 1.1184	 0.0112
 2.1550	 1.1251	 0.0113
 2.1600	 1.1171	 0.0115
 2.1650	 1.1180	 0.0117
 2.1700	 1.1244	 0.0118
 2.1750	 1.1232	 0.0117
 2.1800	 1.1211	 0.0117
 2.1850	 1.1222	 0.0118
 2.1900	 1.1294	 0.0119
 2.1950	 1.1255	 0.0120
 2.2000	 1.1233	 0.0122
 2.2050	 1.1181	 0.0122
 2.2100	 1.1190	 0.0125
 2.2150	 1.1244	 0.0123
 2.2200	 1.1275	 0.0123
 2.2250	 1.1227	 0.0124
 2.2300	 1.1217	 0.0125
 2.2350	 1.1285	 0.0127
 2.2400	 1.1266	 0.0128
 2.2450	 1.1319	 0.0130
 2.2500	 1.1289	 0.0131
 2.2550	 1.1215	 0.0132
 2.2600	 1.1343	 0.0135
 2.2650	 1.1325	 0.0135
 2.2700	 1.1382	 0.0134
 2.2750	 1.1415	 0.0139
 2.2800	 1.1263	 0.0138
 2.2900	 1.1350	 0.0142
 2.2950	 1.1228	 0.0143
 2.3000	 1.1263	 0.0143
 2.3050	 1.1301	 0.0143
 2.3150	 1.1284	 0.0148
 2.3200	 1.1275	 0.0150
 2.3250	 1.1376	 0.0149
 2.3300	 1.1275	 0.0149
 2.3350	 1.1422	 0.0153
 2.3400	 1.1311	 0.0155
 2.3450	 1.1467	 0.0158
 2.3500	 1.1372	 0.0159
 2.3550	 1.1294	 0.0157
 2.3600	 1.1252	 0.0159
 2.3650	 1.1287	 0.0163
 2.3700	 1.1392	 0.0163
 2.3750	 1.1290	 0.0171
 2.3850	 1.1363	 0.0164
 2.3900	 1.1250	 0.0173
 2.3950	 1.1325	 0.0166
 2.4000	 1.1383	 0.0167
 2.4050	 1.1379	 0.0170
 2.4100	 1.1368	 0.0174
 2.4200	 1.1431	 0.0174
 2.4250	 1.1353	 0.0197
 2.4350	 1.1405	 0.0183
 2.4500	 1.1371	 0.0189
