 0.8050	 0.9731	 0.0817
 0.8100	 0.9949	 0.0320
 0.8150	 1.0386	 0.0313
 0.8200	 1.0202	 0.0294
 0.8250	 1.0180	 0.0281
 0.8300	 1.0200	 0.0289
 0.8350	 0.9948	 0.0273
 0.8400	 0.9744	 0.0257
 0.8450	 1.0408	 0.0250
 0.8500	 0.9621	 0.0243
 0.8550	 0.9468	 0.0236
 0.8600	 1.0147	 0.0226
 0.8650	 0.9864	 0.0241
 0.8700	 0.9732	 0.0211
 0.8750	 0.9375	 0.0222
 0.8800	 0.9737	 0.0217
 0.8850	 0.9592	 0.0216
 0.8900	 0.9713	 0.0218
 0.8950	 0.9466	 0.0216
 0.9000	 0.9385	 0.0221
 0.9050	 0.9323	 0.0195
 0.9100	 0.9136	 0.0198
 0.9150	 0.9317	 0.0192
 0.9200	 0.9162	 0.0179
 0.9250	 0.9355	 0.0176
 0.9300	 0.8764	 0.0242
 0.9350	 0.9062	 0.0333
 0.9450	 0.9175	 0.0275
 0.9500	 0.9498	 0.0236
 0.9550	 0.9215	 0.0216
 0.9600	 0.9584	 0.0188
 0.9650	 0.9336	 0.0166
 0.9700	 0.9536	 0.0160
 0.9750	 0.9364	 0.0151
 0.9800	 0.9257	 0.0150
 0.9850	 0.8978	 0.0141
 0.9900	 0.9262	 0.0150
 0.9950	 0.8779	 0.0172
 1.0000	 0.9133	 0.0158
 1.0050	 0.9047	 0.0148
 1.0100	 0.9169	 0.0148
 1.0150	 0.9227	 0.0155
 1.0200	 0.9566	 0.0161
 1.0250	 0.9410	 0.0139
 1.0300	 0.9291	 0.0160
 1.0350	 0.9175	 0.0141
 1.0400	 0.9312	 0.0154
 1.0450	 0.9488	 0.0140
 1.0500	 0.9256	 0.0123
 1.0550	 0.9288	 0.0109
 1.0600	 0.9160	 0.0105
 1.0650	 0.9254	 0.0102
 1.0700	 0.9259	 0.0132
 1.0750	 0.9845	 0.0148
 1.0800	 0.9453	 0.0128
 1.0850	 0.9867	 0.0169
 1.0900	 0.9662	 0.0134
 1.0950	 0.9978	 0.0164
 1.1000	 0.9588	 0.0155
 1.1050	 0.9531	 0.0137
 1.1100	 0.9761	 0.0128
 1.1150	 0.9418	 0.0142
 1.1200	 0.9488	 0.0161
 1.1250	 0.9762	 0.0171
 1.1300	 1.0678	 0.0212
 1.1350	 0.9936	 0.0231
 1.1400	 1.0000	 0.0146
 1.1450	 0.9754	 0.0259
 1.1500	 1.0030	 0.0168
 1.1550	 1.0521	 0.0180
 1.1600	 1.0165	 0.0163
 1.1650	 1.0531	 0.0141
 1.1700	 1.0012	 0.0120
 1.1750	 1.0024	 0.0105
 1.1800	 1.0098	 0.0099
 1.1850	 1.0071	 0.0088
 1.1900	 0.9878	 0.0085
 1.1950	 1.0177	 0.0102
 1.2000	 0.9899	 0.0156
 1.2050	 1.0000	 0.0135
 1.2100	 1.0587	 0.0142
 1.2150	 0.9775	 0.0152
 1.2200	 1.0098	 0.0126
 1.2250	 0.9984	 0.0151
 1.2300	 1.0381	 0.0143
 1.2350	 1.0703	 0.0127
 1.2400	 1.0688	 0.0110
 1.2450	 1.0231	 0.0097
 1.2500	 1.0394	 0.0093
 1.2550	 1.0283	 0.0090
 1.2600	 1.0497	 0.0108
 1.2650	 1.0397	 0.0139
 1.2700	 1.1205	 0.0171
 1.2750	 0.9677	 0.0192
 1.2800	 1.0205	 0.0187
 1.2850	 1.0264	 0.0133
 1.2900	 1.0467	 0.0171
 1.2950	 1.1273	 0.0138
 1.3000	 1.0875	 0.0146
 1.3050	 1.0699	 0.0166
 1.3100	 1.0252	 0.0160
 1.3150	 1.0367	 0.0132
 1.3200	 1.0678	 0.0127
 1.3250	 1.1078	 0.0124
 1.3300	 1.0528	 0.0101
 1.3350	 1.0486	 0.0091
 1.3400	 1.0788	 0.0106
 1.3450	 1.0769	 0.0142
 1.4050	 1.2872	 0.0813
 1.4100	 1.1598	 0.0596
 1.4150	 1.2829	 0.0547
 1.4200	 1.2605	 0.0357
 1.4250	 1.1813	 0.0241
 1.4300	 1.1897	 0.0263
 1.4350	 1.2359	 0.0279
 1.4400	 1.2620	 0.0213
 1.4450	 1.1732	 0.0154
 1.4500	 1.2627	 0.0241
 1.4550	 1.2431	 0.0226
 1.4600	 1.1648	 0.0198
 1.4650	 1.1828	 0.0195
 1.4700	 1.2027	 0.0205
 1.4750	 1.2888	 0.0208
 1.4800	 1.3123	 0.0242
 1.4850	 1.3072	 0.0250
 1.4900	 1.2928	 0.0214
 1.4950	 1.2059	 0.0144
 1.5000	 1.2215	 0.0154
 1.5050	 1.2664	 0.0271
 1.5100	 1.1958	 0.0235
 1.5150	 1.1706	 0.0131
 1.5200	 1.1987	 0.0164
 1.5250	 1.1868	 0.0202
 1.5300	 1.2620	 0.0211
 1.5350	 1.2003	 0.0203
 1.5400	 1.3044	 0.0188
 1.5450	 1.2921	 0.0172
 1.5500	 1.2630	 0.0158
 1.5550	 1.2684	 0.0174
 1.5600	 1.2787	 0.0185
 1.5650	 1.2059	 0.0191
 1.5700	 1.2196	 0.0162
 1.5750	 1.1974	 0.0122
 1.5800	 1.2977	 0.0216
 1.5850	 1.2556	 0.0269
 1.5900	 1.2731	 0.0202
 1.5950	 1.2691	 0.0129
 1.6000	 1.2780	 0.0191
 1.6050	 1.2440	 0.0225
 1.6100	 1.3035	 0.0235
 1.6150	 1.2466	 0.0219
 1.6200	 1.3190	 0.0204
 1.6250	 1.2795	 0.0190
 1.6300	 1.2175	 0.0168
 1.6350	 1.2384	 0.0176
 1.6400	 1.2413	 0.0189
 1.6450	 1.1719	 0.0199
 1.6500	 1.2432	 0.0198
 1.6550	 1.1342	 0.0155
 1.6600	 1.1496	 0.0112
 1.6650	 1.2072	 0.0201
 1.6700	 1.2549	 0.0267
 1.6750	 1.2355	 0.0214
 1.6800	 1.2024	 0.0124
 1.6850	 1.1820	 0.0168
 1.6900	 1.2091	 0.0219
 1.6950	 1.2627	 0.0231
 1.7000	 1.2644	 0.0221
 1.7050	 1.2951	 0.0215
 1.7100	 1.2353	 0.0206
 1.7150	 1.2505	 0.0191
 1.7200	 1.2763	 0.0177
 1.7250	 1.3037	 0.0184
 1.7300	 1.2642	 0.0189
 1.7350	 1.3420	 0.0214
 1.7400	 1.2753	 0.0230
 1.7450	 1.2284	 0.0205
 1.7500	 1.1799	 0.0160
 1.7550	 1.2275	 0.0137
 1.7600	 1.2301	 0.0246
 1.7650	 1.1844	 0.0299
 1.7700	 1.2379	 0.0242
 1.7750	 1.2226	 0.0144
 1.7800	 1.2474	 0.0207
 1.7850	 1.1939	 0.0285
 1.9850	 1.2869	 0.0209
 1.9900	 1.2914	 0.0316
 1.9950	 1.2531	 0.0618
 2.0000	 1.2474	 0.0738
 2.0050	 1.2417	 0.0573
 2.0100	 1.2960	 0.0451
 2.0150	 1.2318	 0.0359
 2.0200	 1.2310	 0.0336
 2.0250	 1.3102	 0.0317
 2.0300	 1.2575	 0.0308
 2.0350	 1.1972	 0.0321
 2.0400	 1.2166	 0.0337
 2.0450	 1.1856	 0.0334
 2.0500	 1.2864	 0.0383
 2.0550	 1.2078	 0.0377
 2.0600	 1.2763	 0.0321
 2.0650	 1.2175	 0.0304
 2.0700	 1.1878	 0.0303
 2.0750	 1.1342	 0.0269
 2.0800	 1.2040	 0.0241
 2.0850	 1.2279	 0.0255
 2.0900	 1.1912	 0.0249
 2.0950	 1.2543	 0.0229
 2.1000	 1.1999	 0.0236
 2.1050	 1.1761	 0.0273
 2.1100	 1.2272	 0.0293
 2.1150	 1.2792	 0.0301
 2.1200	 1.1634	 0.0301
 2.1250	 1.1672	 0.0296
 2.1300	 1.2329	 0.0290
 2.1350	 1.1717	 0.0262
 2.1400	 1.1602	 0.0248
 2.1450	 1.1942	 0.0270
 2.1500	 1.2317	 0.0353
 2.1550	 1.2410	 0.0388
 2.1600	 1.1875	 0.0377
 2.1650	 1.2441	 0.0321
 2.1700	 1.2404	 0.0312
 2.1750	 1.1776	 0.0318
 2.1800	 1.2150	 0.0359
 2.1850	 1.2946	 0.0385
 2.1900	 1.2862	 0.0398
 2.1950	 1.2565	 0.0389
 2.2000	 1.2959	 0.0417
 2.2050	 1.3630	 0.0439
 2.2100	 1.2942	 0.0432
 2.2150	 1.2052	 0.0420
 2.2200	 1.2550	 0.0432
 2.2250	 1.2596	 0.0423
 2.2300	 1.2572	 0.0406
 2.2350	 1.2461	 0.0413
 2.2400	 1.2864	 0.0446
 2.2450	 1.2768	 0.0449
 2.2500	 1.3258	 0.0440
 2.2550	 1.3981	 0.0438
 2.2600	 1.3280	 0.0456
 2.2650	 1.3370	 0.0472
 2.2700	 1.4391	 0.0485
 2.2750	 1.4328	 0.0493
 2.2800	 1.3014	 0.0513
 2.2850	 1.2959	 0.0519
 2.2900	 1.3111	 0.0535
 2.2950	 1.4054	 0.0543
 2.3000	 1.3562	 0.0545
 2.3050	 1.3722	 0.0550
 2.3100	 1.3567	 0.0591
 2.3150	 1.4515	 0.0614
 2.3200	 1.4458	 0.0626
 2.3250	 1.3747	 0.0620
 2.3300	 1.3639	 0.0607
 2.3350	 1.3620	 0.0636
 2.3400	 1.5420	 0.0694
 2.3450	 1.4796	 0.0729
 2.4500	 1.4796	 0.0729
