 0.8400	 1.0219	 0.0155
 0.8450	 1.0181	 0.0152
 0.8500	 1.0146	 0.0153
 0.8550	 1.0319	 0.0154
 0.8600	 0.9988	 0.0151
 0.8650	 0.9837	 0.0158
 0.8700	 0.9720	 0.0157
 0.8750	 0.9606	 0.0154
 0.8800	 0.9484	 0.0147
 0.8850	 0.9550	 0.0142
 0.8900	 0.9542	 0.0134
 0.8950	 0.9417	 0.0128
 0.9000	 0.9425	 0.0123
 0.9050	 0.9409	 0.0120
 0.9100	 0.9404	 0.0118
 0.9150	 0.9308	 0.0117
 0.9200	 0.9225	 0.0116
 0.9250	 0.9256	 0.0118
 0.9300	 0.9239	 0.0117
 0.9350	 0.9159	 0.0117
 0.9400	 0.9104	 0.0116
 0.9450	 0.9055	 0.0114
 0.9500	 0.9154	 0.0113
 0.9550	 0.9189	 0.0110
 0.9600	 0.9288	 0.0115
 0.9650	 0.9332	 0.0114
 0.9700	 0.9347	 0.0102
 0.9750	 0.9303	 0.0101
 0.9800	 0.9415	 0.0102
 0.9850	 0.9429	 0.0100
 0.9900	 0.9481	 0.0100
 0.9950	 0.9510	 0.0099
 1.0000	 0.9519	 0.0098
 1.0050	 0.9539	 0.0097
 1.0100	 0.9720	 0.0097
 1.0150	 0.9824	 0.0098
 1.0200	 0.9820	 0.0097
 1.0250	 0.9789	 0.0095
 1.0300	 0.9919	 0.0094
 1.0350	 0.9931	 0.0094
 1.0400	 0.9956	 0.0093
 1.0450	 0.9925	 0.0093
 1.0500	 0.9927	 0.0093
 1.0550	 0.9973	 0.0093
 1.0600	 1.0099	 0.0093
 1.0650	 1.0120	 0.0093
 1.0700	 1.0197	 0.0093
 1.0750	 1.0288	 0.0109
 1.0800	 1.0227	 0.0113
 1.0850	 1.0090	 0.0096
 1.0950	 1.0066	 0.0098
 1.1000	 1.0214	 0.0083
 1.1050	 1.0469	 0.0089
 1.1100	 1.0463	 0.0088
 1.1150	 1.0461	 0.0088
 1.1200	 1.0393	 0.0089
 1.1250	 1.0611	 0.0092
 1.1300	 1.0714	 0.0094
 1.1350	 1.0727	 0.0095
 1.1400	 1.0839	 0.0094
 1.1450	 1.0800	 0.0093
 1.1500	 1.0772	 0.0091
 1.1550	 1.0812	 0.0090
 1.1600	 1.0894	 0.0088
 1.1650	 1.0943	 0.0086
 1.1700	 1.1027	 0.0086
 1.1750	 1.1119	 0.0085
 1.1800	 1.1056	 0.0084
 1.1850	 1.1027	 0.0083
 1.1900	 1.1108	 0.0083
 1.1950	 1.1137	 0.0083
 1.2000	 1.1124	 0.0083
 1.2050	 1.1122	 0.0083
 1.2100	 1.0945	 0.0085
 1.2150	 1.0923	 0.0083
 1.2200	 1.1066	 0.0083
 1.2250	 1.1213	 0.0084
 1.2300	 1.1237	 0.0084
 1.2350	 1.1240	 0.0084
 1.2400	 1.1322	 0.0084
 1.2450	 1.1279	 0.0085
 1.2500	 1.1438	 0.0085
 1.2550	 1.1317	 0.0085
 1.2600	 1.1165	 0.0086
 1.2650	 1.1230	 0.0088
 1.2700	 1.1400	 0.0088
 1.2750	 1.1519	 0.0088
 1.2800	 1.1313	 0.0086
 1.2850	 1.1275	 0.0085
 1.2900	 1.1367	 0.0085
 1.2950	 1.1377	 0.0084
 1.3000	 1.1481	 0.0084
 1.3050	 1.1502	 0.0084
 1.3100	 1.1502	 0.0085
 1.3150	 1.1579	 0.0087
 1.3200	 1.1500	 0.0087
 1.3250	 1.1553	 0.0088
 1.3300	 1.1548	 0.0089
 1.3350	 1.1742	 0.0091
 1.3400	 1.1775	 0.0092
 1.3450	 1.1530	 0.0096
 1.3500	 1.1581	 0.0124
 1.3550	 1.1773	 0.0116
 1.3600	 1.1804	 0.0131
 1.3650	 1.1740	 0.0143
 1.3700	 1.1829	 0.0139
 1.3750	 1.1671	 0.0136
 1.3800	 1.1607	 0.0128
 1.3850	 1.1865	 0.0136
 1.3900	 1.1850	 0.0133
 1.3950	 1.1748	 0.0126
 1.4000	 1.1746	 0.0124
 1.4050	 1.1895	 0.0115
 1.4100	 1.2081	 0.0118
 1.4150	 1.1744	 0.0112
 1.4200	 1.1864	 0.0110
 1.4250	 1.1985	 0.0109
 1.4300	 1.1894	 0.0109
 1.4350	 1.1961	 0.0110
 1.4400	 1.1996	 0.0110
 1.4450	 1.2090	 0.0108
 1.4500	 1.2233	 0.0118
 1.4550	 1.2312	 0.0107
 1.4600	 1.2130	 0.0104
 1.4650	 1.1998	 0.0104
 1.4700	 1.2115	 0.0107
 1.4750	 1.2090	 0.0107
 1.4800	 1.1925	 0.0106
 1.4850	 1.1949	 0.0105
 1.4900	 1.1992	 0.0106
 1.4950	 1.2095	 0.0105
 1.5000	 1.1816	 0.0108
 1.5050	 1.1927	 0.0107
 1.5100	 1.2079	 0.0108
 1.5150	 1.1976	 0.0106
 1.5200	 1.2061	 0.0107
 1.5250	 1.2103	 0.0108
 1.5300	 1.2071	 0.0108
 1.5350	 1.2061	 0.0108
 1.5400	 1.1948	 0.0108
 1.5450	 1.1861	 0.0108
 1.5500	 1.1848	 0.0108
 1.5550	 1.1838	 0.0108
 1.5600	 1.1857	 0.0108
 1.5650	 1.1645	 0.0109
 1.5700	 1.1725	 0.0111
 1.5750	 1.1907	 0.0114
 1.5800	 1.1891	 0.0114
 1.5850	 1.1845	 0.0116
 1.5900	 1.1750	 0.0112
 1.5950	 1.1719	 0.0113
 1.6000	 1.1691	 0.0114
 1.6050	 1.1750	 0.0115
 1.6100	 1.1606	 0.0115
 1.6150	 1.1527	 0.0115
 1.6200	 1.1619	 0.0114
 1.6250	 1.1747	 0.0115
 1.6300	 1.1817	 0.0115
 1.6350	 1.1764	 0.0116
 1.6400	 1.1722	 0.0118
 1.6450	 1.1566	 0.0121
 1.6500	 1.1787	 0.0122
 1.6550	 1.1680	 0.0120
 1.6600	 1.1509	 0.0121
 1.6650	 1.1580	 0.0122
 1.6700	 1.1594	 0.0123
 1.6750	 1.1383	 0.0123
 1.6800	 1.1335	 0.0126
 1.6850	 1.1516	 0.0127
 1.6900	 1.1317	 0.0125
 1.6950	 1.1038	 0.0125
 1.7000	 1.1181	 0.0127
 1.7050	 1.1194	 0.0127
 1.7100	 1.1057	 0.0130
 1.7150	 1.1326	 0.0130
 1.7200	 1.1208	 0.0129
 1.7250	 1.1158	 0.0132
 1.7300	 1.1365	 0.0134
 1.7350	 1.1421	 0.0136
 1.7400	 1.1248	 0.0135
 1.7450	 1.1098	 0.0136
 1.7500	 1.1070	 0.0135
 1.7550	 1.1176	 0.0135
 1.7600	 1.1107	 0.0135
 1.7650	 1.1151	 0.0136
 1.7700	 1.1215	 0.0139
 1.7750	 1.1000	 0.0138
 1.7800	 1.0618	 0.0138
 1.7850	 1.0832	 0.0141
 1.7900	 1.1066	 0.0142
 1.7950	 1.1011	 0.0141
 1.8000	 1.0697	 0.0145
 1.8050	 1.0677	 0.0151
 1.8100	 1.0688	 0.0157
 1.8150	 1.0844	 0.0166
 1.8200	 1.0918	 0.0173
 1.8250	 1.0913	 0.0184
 1.8300	 1.0908	 0.0192
 1.8350	 1.0845	 0.0203
 1.8400	 1.1016	 0.0226
 1.8450	 1.0891	 0.0235
 1.8500	 1.1007	 0.0250
 1.8550	 1.1034	 0.0239
 1.8600	 1.0799	 0.0236
 1.8650	 1.0852	 0.0234
 1.8700	 1.0589	 0.0242
 1.8750	 1.0752	 0.0274
 1.8800	 1.0870	 0.0306
 1.8850	 1.1098	 0.0259
 1.8900	 1.0539	 0.0220
 1.8950	 1.0698	 0.0216
 1.9000	 1.0741	 0.0229
 1.9050	 1.0915	 0.0248
 1.9100	 1.0876	 0.0248
 1.9150	 1.0851	 0.0259
 1.9200	 1.0850	 0.0251
 1.9250	 1.0877	 0.0238
 1.9300	 1.0616	 0.0229
 1.9350	 1.0742	 0.0223
 1.9400	 1.0897	 0.0216
 1.9450	 1.0797	 0.0216
 1.9500	 1.0903	 0.0225
 1.9550	 1.0710	 0.0235
 1.9600	 1.0513	 0.0250
 1.9650	 1.0616	 0.0264
 1.9700	 1.0892	 0.0252
 1.9750	 1.0824	 0.0232
 1.9800	 1.0618	 0.0211
 1.9850	 1.0580	 0.0201
 1.9900	 1.0676	 0.0195
 1.9950	 1.0844	 0.0198
 2.0000	 1.0652	 0.0208
 2.0050	 1.0851	 0.0274
 2.0100	 1.0664	 0.0336
 2.0150	 1.0831	 0.0380
 2.0200	 1.0638	 0.0338
 2.0250	 1.0688	 0.0297
 2.0300	 1.0595	 0.0218
 2.0350	 1.0574	 0.0197
 2.0400	 1.0724	 0.0208
 2.0450	 1.0752	 0.0211
 2.0500	 1.0889	 0.0220
 2.0550	 1.0781	 0.0239
 2.0600	 1.0997	 0.0267
 2.0650	 1.1129	 0.0259
 2.0700	 1.0813	 0.0252
 2.0750	 1.0952	 0.0251
 2.0800	 1.0824	 0.0234
 2.0850	 1.0812	 0.0224
 2.0900	 1.0776	 0.0219
 2.0950	 1.0696	 0.0222
 2.1000	 1.0876	 0.0221
 2.1050	 1.0866	 0.0221
 2.1100	 1.0721	 0.0221
 2.1150	 1.0789	 0.0225
 2.1200	 1.1008	 0.0229
 2.1250	 1.1139	 0.0231
 2.1300	 1.1168	 0.0232
 2.1350	 1.1048	 0.0231
 2.1400	 1.0956	 0.0233
 2.1450	 1.0985	 0.0237
 2.1500	 1.1104	 0.0239
 2.1550	 1.1013	 0.0240
 2.1600	 1.0904	 0.0247
 2.1650	 1.1086	 0.0254
 2.1700	 1.1078	 0.0261
 2.1750	 1.1180	 0.0262
 2.1800	 1.1280	 0.0259
 2.1850	 1.1153	 0.0260
 2.1900	 1.1080	 0.0261
 2.1950	 1.0912	 0.0263
 2.2000	 1.0899	 0.0270
 2.2050	 1.1004	 0.0282
 2.2100	 1.1335	 0.0284
 2.2150	 1.1223	 0.0276
 2.2200	 1.1013	 0.0282
 2.2250	 1.1348	 0.0290
 2.2300	 1.1342	 0.0292
 2.2350	 1.1384	 0.0296
 2.2400	 1.1460	 0.0299
 2.2450	 1.1126	 0.0298
 2.2500	 1.0917	 0.0303
 2.2550	 1.0983	 0.0314
 2.2600	 1.1271	 0.0320
 2.2650	 1.1401	 0.0329
 2.2700	 1.1619	 0.0335
 2.2750	 1.1526	 0.0330
 2.2800	 1.1219	 0.0334
 2.2850	 1.1407	 0.0342
 2.2900	 1.1360	 0.0338
 2.2950	 1.1631	 0.0371
 2.3000	 1.1516	 0.0376
 2.3050	 1.1436	 0.0362
 2.3100	 1.1553	 0.0350
 2.3150	 1.1466	 0.0364
 2.3200	 1.1612	 0.0372
 2.3250	 1.1284	 0.0370
 2.3300	 1.1549	 0.0369
 2.3350	 1.1600	 0.0368
 2.4050	 1.1515	 0.0362
 2.4100	 1.1592	 0.0411
 2.4300	 1.1662	 0.0411
 2.4350	 1.1665	 0.0424
 2.4400	 1.1642	 0.0411
 2.4500	 1.1800	 0.1000
