 0.8150	 0.8400	 0.1288
 0.8200	 0.7916	 0.1255
 0.8250	 0.8106	 0.1203
 0.8300	 0.7914	 0.1183
 0.8350	 0.8295	 0.1174
 0.8400	 0.8029	 0.1109
 0.8450	 0.8061	 0.1088
 0.8500	 0.8427	 0.1076
 0.8550	 0.8091	 0.1094
 0.8600	 0.7940	 0.1010
 0.8650	 0.8244	 0.1024
 0.8700	 0.7605	 0.1010
 0.8750	 0.7256	 0.0958
 0.8800	 0.7946	 0.0961
 0.8850	 0.8504	 0.0945
 0.8900	 0.8174	 0.0933
 0.8950	 0.8070	 0.0895
 0.9000	 0.8102	 0.0886
 0.9050	 0.8484	 0.0847
 0.9100	 0.8303	 0.0826
 0.9150	 0.7572	 0.0795
 0.9200	 0.7757	 0.0768
 0.9250	 0.8075	 0.0758
 0.9300	 0.8001	 0.0773
 0.9350	 0.8349	 0.0950
 0.9400	 0.7800	 0.0899
 0.9450	 0.7733	 0.0868
 0.9500	 0.8019	 0.0827
 0.9550	 0.8036	 0.0774
 0.9600	 0.7708	 0.0713
 0.9650	 0.7698	 0.0665
 0.9700	 0.7720	 0.0643
 0.9750	 0.7803	 0.0623
 0.9800	 0.8399	 0.0636
 0.9850	 0.8588	 0.0585
 0.9900	 0.8440	 0.0602
 0.9950	 0.7999	 0.0638
 1.0000	 0.8364	 0.0604
 1.0050	 0.8632	 0.0605
 1.0100	 0.8707	 0.0588
 1.0150	 0.8547	 0.0589
 1.0200	 0.8819	 0.0610
 1.0250	 0.9148	 0.0559
 1.0300	 0.9124	 0.0628
 1.0350	 0.9189	 0.0535
 1.0400	 0.9403	 0.0582
 1.0450	 0.8843	 0.0564
 1.0500	 0.8826	 0.0514
 1.0550	 0.9211	 0.0477
 1.0600	 0.9088	 0.0453
 1.0650	 0.9087	 0.0438
 1.0700	 0.9217	 0.0471
 1.0750	 0.9101	 0.0557
 1.0800	 0.8747	 0.0484
 1.0850	 0.8727	 0.0610
 1.0900	 0.9036	 0.0500
 1.0950	 0.9584	 0.0569
 1.1000	 0.9246	 0.0567
 1.1050	 0.9406	 0.0509
 1.1100	 0.9660	 0.0457
 1.1150	 0.9864	 0.0438
 1.1200	 0.9977	 0.0475
 1.1250	 0.9883	 0.0498
 1.1300	 0.9910	 0.0554
 1.1350	 0.9637	 0.0655
 1.1400	 0.9650	 0.0544
 1.1450	 0.9347	 0.0629
 1.1500	 0.9689	 0.0590
 1.1550	 0.9559	 0.0564
 1.1600	 1.0207	 0.0586
 1.1650	 1.0015	 0.0521
 1.1700	 0.9833	 0.0453
 1.1750	 1.0155	 0.0412
 1.1800	 1.0071	 0.0382
 1.1850	 1.0122	 0.0357
 1.1900	 1.0189	 0.0356
 1.1950	 1.0193	 0.0349
 1.2000	 1.0705	 0.0468
 1.2050	 1.0547	 0.0533
 1.2100	 0.9731	 0.0428
 1.2150	 0.9932	 0.0575
 1.2200	 1.0372	 0.0448
 1.2250	 1.0000	 0.0499
 1.2300	 1.0443	 0.0523
 1.2350	 1.0600	 0.0480
 1.2400	 1.0618	 0.0433
 1.2450	 1.0760	 0.0397
 1.2500	 1.0583	 0.0363
 1.2550	 1.0531	 0.0353
 1.2600	 1.0327	 0.0374
 1.2650	 1.0892	 0.0448
 1.2700	 1.1560	 0.0603
 1.2750	 1.1347	 0.0665
 1.2800	 1.0508	 0.0696
 1.2850	 1.0401	 0.0573
 1.2900	 1.0918	 0.0497
 1.2950	 1.0561	 0.0587
 1.3000	 1.0947	 0.0449
 1.3050	 1.1258	 0.0517
 1.3100	 1.1214	 0.0545
 1.3150	 1.1053	 0.0512
 1.3200	 1.0999	 0.0458
 1.3250	 1.0835	 0.0424
 1.3300	 1.0547	 0.0385
 1.3350	 1.0745	 0.0355
 1.3400	 1.1072	 0.0333
 1.3450	 1.0671	 0.0342
 1.3500	 1.0837	 0.0350
 1.3550	 1.1292	 0.0456
 1.3600	 1.1451	 0.0686
 1.3650	 1.1734	 0.1150
 1.3700	 1.2047	 0.1606
 1.3750	 1.1903	 0.1343
 1.3800	 1.0524	 0.0852
 1.3900	 1.1974	 0.1320
 1.3950	 1.0969	 0.0863
 1.4000	 1.0977	 0.0931
 1.4050	 1.2520	 0.1195
 1.4100	 1.2537	 0.1123
 1.4150	 1.0554	 0.1065
 1.4200	 1.0602	 0.1000
 1.4250	 1.0799	 0.0781
 1.4300	 1.1375	 0.0533
 1.4350	 1.1536	 0.0587
 1.4400	 1.1444	 0.0701
 1.4450	 1.1049	 0.0538
 1.4500	 1.1404	 0.0481
 1.4550	 1.1483	 0.0735
 1.4600	 1.1539	 0.0746
 1.4650	 1.2326	 0.0657
 1.4700	 1.2281	 0.0622
 1.4750	 1.2336	 0.0617
 1.4800	 1.2104	 0.0610
 1.4850	 1.1624	 0.0668
 1.4900	 1.2158	 0.0719
 1.4950	 1.1684	 0.0643
 1.5000	 1.1472	 0.0449
 1.5050	 1.1747	 0.0522
 1.5100	 1.1318	 0.0889
 1.5150	 1.0815	 0.0774
 1.5200	 1.1509	 0.0436
 1.5250	 1.2553	 0.0586
 1.5300	 1.2371	 0.0707
 1.5350	 1.2102	 0.0737
 1.5400	 1.0904	 0.0693
 1.5450	 1.0706	 0.0639
 1.5500	 1.1553	 0.0591
 1.5550	 1.1237	 0.0542
 1.5600	 1.2120	 0.0590
 1.5650	 1.3115	 0.0631
 1.5700	 1.2221	 0.0643
 1.5750	 1.1652	 0.0543
 1.5800	 1.1544	 0.0418
 1.5850	 1.2097	 0.0767
 1.5900	 1.1815	 0.0941
 1.5950	 1.1342	 0.0677
 1.6000	 1.1565	 0.0452
 1.6050	 1.1565	 0.0657
 1.6100	 1.1867	 0.0777
 1.6150	 1.1144	 0.0814
 1.6200	 1.0950	 0.0760
 1.6250	 1.1174	 0.0696
 1.6300	 1.1941	 0.0664
 1.6350	 1.2321	 0.0569
 1.6400	 1.1805	 0.0580
 1.6450	 1.1021	 0.0622
 1.6500	 1.0962	 0.0668
 1.6550	 1.0913	 0.0680
 1.6600	 1.1004	 0.0551
 1.6650	 1.1120	 0.0393
 1.6700	 1.1053	 0.0640
 1.6750	 1.1186	 0.0905
 1.6800	 1.1183	 0.0791
 1.6850	 1.1294	 0.0453
 1.6900	 1.2074	 0.0555
 1.6950	 1.2361	 0.0744
 1.7000	 1.1824	 0.0787
 1.7050	 1.1375	 0.0768
 1.7100	 1.1778	 0.0741
 1.7150	 1.2222	 0.0694
 1.7200	 1.2146	 0.0660
 1.7250	 1.1223	 0.0595
 1.7300	 1.0963	 0.0606
 1.7350	 1.1841	 0.0610
 1.7400	 1.1493	 0.0667
 1.7450	 1.1598	 0.0744
 1.7500	 1.2032	 0.0701
 1.7550	 1.1446	 0.0582
 1.7600	 1.1550	 0.0437
 1.7650	 1.2134	 0.0650
 1.7700	 1.1598	 0.0962
 1.7750	 1.1113	 0.0911
 1.7800	 1.0802	 0.0545
 1.7850	 1.1163	 0.0537
 1.7900	 1.1381	 0.0788
 1.7950	 1.1586	 0.0816
 1.8000	 1.1033	 0.0851
 1.8050	 0.9776	 0.1006
 1.8100	 1.1215	 0.1085
 1.8150	 0.9734	 0.1094
 1.8200	 0.9986	 0.1094
 1.8600	 1.2722	 0.2475
 1.8900	 1.0885	 0.1332
 1.8950	 1.1318	 0.1257
 1.9000	 1.1018	 0.1324
 1.9050	 1.1645	 0.1746
 1.9100	 1.2253	 0.2311
 1.9150	 1.1347	 0.2185
 1.9200	 1.0817	 0.1874
 1.9250	 1.2010	 0.2019
 1.9300	 1.1059	 0.1816
 1.9350	 1.0053	 0.1545
 1.9400	 1.0690	 0.1274
 1.9450	 1.0896	 0.1063
 1.9500	 1.0983	 0.0980
 1.9550	 1.0041	 0.1091
 1.9600	 1.1254	 0.1306
 1.9650	 1.1551	 0.1440
 1.9700	 1.0791	 0.1346
 1.9750	 1.2798	 0.1266
 1.9800	 1.3062	 0.1127
 1.9850	 1.2317	 0.0926
 1.9900	 1.1626	 0.0722
 1.9950	 1.1244	 0.0662
 2.0000	 1.0634	 0.0921
 2.0050	 1.1660	 0.1532
 2.0100	 1.0666	 0.2328
 2.0150	 1.1557	 0.2221
 2.0200	 1.1500	 0.1794
 2.0250	 1.2242	 0.1603
 2.0300	 1.2202	 0.1420
 2.0350	 1.2154	 0.1227
 2.0400	 1.1783	 0.1125
 2.0450	 1.2272	 0.1131
 2.0500	 1.1808	 0.1114
 2.0550	 1.0919	 0.1127
 2.0600	 1.2122	 0.1395
 2.0650	 1.2146	 0.1410
 2.0700	 1.2165	 0.1185
 2.0750	 1.3898	 0.1201
 2.0800	 1.3416	 0.1179
 2.0850	 1.2215	 0.1029
 2.0900	 1.2785	 0.0947
 2.0950	 1.3216	 0.0979
 2.1000	 1.1960	 0.0929
 2.1050	 1.1946	 0.0886
 2.1100	 1.2186	 0.0942
 2.1150	 1.2166	 0.1059
 2.1200	 1.2813	 0.1117
 2.1250	 1.2913	 0.1127
 2.1300	 1.1619	 0.1150
 2.1350	 1.2148	 0.1122
 2.1400	 1.2178	 0.1069
 2.1450	 1.2207	 0.1023
 2.1500	 1.2237	 0.1010
 2.1550	 1.1954	 0.1224
 2.1600	 1.2193	 0.1427
 2.1650	 1.2330	 0.1468
 2.1700	 1.2360	 0.1275
 2.1750	 1.1637	 0.1217
 2.1800	 1.3623	 0.1262
 2.1850	 1.2836	 0.1366
 2.1900	 1.2241	 0.1468
 2.1950	 1.2295	 0.1483
 2.2000	 1.3165	 0.1476
 2.2050	 1.2857	 0.1556
 2.2100	 1.4437	 0.1617
 2.2150	 1.3351	 0.1635
 2.2200	 1.4504	 0.1653
 2.2250	 1.3315	 0.1704
 2.2300	 1.4565	 0.1660
 2.2350	 1.3649	 0.1618
 2.2400	 1.2670	 0.1666
 2.2450	 1.2150	 0.1788
 2.2500	 1.3977	 0.1821
 2.2550	 1.4121	 0.1829
 2.4500	 1.4121	 0.1829
