 0.7800	 0.9835	 0.0117
 0.7850	 0.9825	 0.0116
 0.7900	 0.9925	 0.0115
 0.7950	 0.9994	 0.0113
 0.8000	 0.9869	 0.0110
 0.8050	 0.9888	 0.0110
 0.8100	 0.9921	 0.0112
 0.8150	 0.9929	 0.0110
 0.8200	 0.9961	 0.0108
 0.8250	 0.9895	 0.0108
 0.8300	 0.9935	 0.0106
 0.8350	 1.0011	 0.0107
 0.8400	 0.9981	 0.0101
 0.8450	 0.9937	 0.0101
 0.8500	 0.9998	 0.0102
 0.8550	 0.9939	 0.0105
 0.8600	 0.9868	 0.0099
 0.8650	 0.9757	 0.0098
 0.8700	 0.9775	 0.0097
 0.8750	 0.9819	 0.0098
 0.8800	 0.9730	 0.0094
 0.8850	 0.9643	 0.0092
 0.8900	 0.9597	 0.0093
 0.8950	 0.9643	 0.0092
 0.9000	 0.9784	 0.0091
 0.9050	 0.9839	 0.0091
 0.9100	 0.9849	 0.0091
 0.9150	 0.9763	 0.0089
 0.9200	 0.9774	 0.0088
 0.9250	 0.9836	 0.0090
 0.9300	 0.9854	 0.0088
 0.9350	 0.9857	 0.0090
 0.9400	 0.9801	 0.0091
 0.9450	 0.9737	 0.0090
 0.9500	 0.9759	 0.0090
 0.9550	 0.9668	 0.0090
 0.9600	 0.9690	 0.0092
 0.9650	 0.9680	 0.0091
 0.9700	 0.9783	 0.0083
 0.9750	 0.9913	 0.0081
 0.9800	 0.9970	 0.0080
 0.9850	 0.9943	 0.0082
 0.9900	 0.9927	 0.0079
 0.9950	 0.9893	 0.0076
 1.0000	 0.9958	 0.0076
 1.0050	 1.0012	 0.0077
 1.0100	 0.9949	 0.0075
 1.0150	 0.9908	 0.0075
 1.0200	 0.9933	 0.0075
 1.0250	 0.9960	 0.0076
 1.0300	 0.9970	 0.0075
 1.0350	 0.9919	 0.0078
 1.0400	 1.0034	 0.0079
 1.0450	 1.0085	 0.0075
 1.0500	 1.0014	 0.0076
 1.0550	 1.0036	 0.0072
 1.0600	 1.0058	 0.0074
 1.0650	 0.9951	 0.0071
 1.0700	 0.9972	 0.0071
 1.0750	 1.0005	 0.0071
 1.0800	 0.9979	 0.0072
 1.0850	 0.9983	 0.0071
 1.0900	 0.9929	 0.0069
 1.0950	 1.0023	 0.0070
 1.1000	 1.0188	 0.0072
 1.1050	 1.0207	 0.0076
 1.1100	 1.0089	 0.0074
 1.1150	 0.9992	 0.0071
 1.1200	 1.0005	 0.0072
 1.1250	 1.0123	 0.0076
 1.1300	 1.0134	 0.0077
 1.1350	 1.0056	 0.0076
 1.1400	 1.0022	 0.0075
 1.1450	 1.0036	 0.0085
 1.1500	 1.0117	 0.0084
 1.1550	 1.0121	 0.0072
 1.1600	 1.0183	 0.0073
 1.1650	 1.0176	 0.0069
 1.1700	 1.0184	 0.0068
 1.1750	 1.0120	 0.0066
 1.1800	 1.0115	 0.0066
 1.1850	 1.0179	 0.0066
 1.1900	 1.0136	 0.0066
 1.1950	 1.0107	 0.0065
 1.2000	 1.0131	 0.0066
 1.2050	 1.0079	 0.0065
 1.2100	 1.0115	 0.0067
 1.2150	 1.0205	 0.0067
 1.2200	 1.0178	 0.0066
 1.2250	 1.0150	 0.0068
 1.2300	 1.0083	 0.0068
 1.2350	 1.0164	 0.0065
 1.2400	 1.0250	 0.0065
 1.2450	 1.0135	 0.0067
 1.2500	 1.0137	 0.0065
 1.2550	 1.0143	 0.0067
 1.2600	 1.0115	 0.0079
 1.2650	 1.0163	 0.0082
 1.2700	 1.0149	 0.0071
 1.2750	 1.0070	 0.0077
 1.2800	 0.9986	 0.0072
 1.2850	 1.0064	 0.0074
 1.2900	 1.0154	 0.0067
 1.2950	 1.0175	 0.0066
 1.3000	 1.0214	 0.0066
 1.3050	 1.0229	 0.0069
 1.3100	 1.0159	 0.0067
 1.3150	 1.0189	 0.0068
 1.3200	 1.0208	 0.0067
 1.3250	 1.0208	 0.0067
 1.3300	 1.0161	 0.0069
 1.3350	 1.0225	 0.0077
 1.3400	 1.0063	 0.0081
 1.3450	 1.0015	 0.0119
 1.3500	 0.9964	 0.0121
 1.3550	 1.0227	 0.0142
 1.3600	 1.0199	 0.0137
 1.3650	 1.0283	 0.0142
 1.3700	 1.0061	 0.0136
 1.3750	 0.9989	 0.0134
 1.3800	 1.0053	 0.0131
 1.3850	 1.0012	 0.0125
 1.3900	 1.0018	 0.0124
 1.3950	 0.9991	 0.0114
 1.4000	 1.0096	 0.0120
 1.4050	 1.0350	 0.0117
 1.4100	 1.0240	 0.0104
 1.4150	 1.0001	 0.0100
 1.4200	 0.9978	 0.0095
 1.4250	 1.0159	 0.0092
 1.4300	 1.0181	 0.0090
 1.4350	 1.0017	 0.0095
 1.4400	 1.0252	 0.0090
 1.4450	 1.0323	 0.0090
 1.4500	 1.0274	 0.0088
 1.4550	 1.0203	 0.0086
 1.4600	 1.0199	 0.0081
 1.4650	 1.0267	 0.0082
 1.4700	 1.0246	 0.0084
 1.4750	 1.0229	 0.0082
 1.4800	 1.0216	 0.0084
 1.4850	 1.0225	 0.0087
 1.4900	 1.0042	 0.0081
 1.4950	 1.0114	 0.0079
 1.5000	 1.0172	 0.0078
 1.5050	 1.0168	 0.0076
 1.5100	 1.0226	 0.0079
 1.5150	 1.0323	 0.0077
 1.5200	 1.0204	 0.0074
 1.5250	 1.0132	 0.0080
 1.5300	 1.0212	 0.0082
 1.5350	 1.0365	 0.0087
 1.5400	 1.0321	 0.0081
 1.5450	 1.0264	 0.0077
 1.5500	 1.0126	 0.0083
 1.5550	 0.9983	 0.0082
 1.5600	 1.0010	 0.0083
 1.5650	 1.0149	 0.0081
 1.5700	 1.0277	 0.0082
 1.5750	 1.0163	 0.0088
 1.5800	 1.0063	 0.0084
 1.5850	 1.0233	 0.0088
 1.5900	 1.0173	 0.0081
 1.5950	 1.0150	 0.0086
 1.6000	 1.0049	 0.0088
 1.6050	 0.9888	 0.0091
 1.6100	 0.9931	 0.0087
 1.6150	 0.9987	 0.0086
 1.6200	 0.9995	 0.0084
 1.6250	 1.0009	 0.0082
 1.6300	 1.0110	 0.0086
 1.6350	 1.0198	 0.0090
 1.6400	 1.0042	 0.0092
 1.6450	 0.9940	 0.0088
 1.6500	 1.0196	 0.0086
 1.6550	 1.0181	 0.0090
 1.6600	 1.0346	 0.0103
 1.6650	 1.0479	 0.0101
 1.6700	 1.0334	 0.0093
 1.6750	 1.0039	 0.0088
 1.6800	 0.9962	 0.0090
 1.6850	 0.9990	 0.0092
 1.6900	 1.0191	 0.0095
 1.6950	 1.0371	 0.0096
 1.7000	 1.0314	 0.0095
 1.7050	 1.0262	 0.0097
 1.7100	 1.0250	 0.0094
 1.7150	 1.0303	 0.0099
 1.7200	 1.0223	 0.0101
 1.7250	 1.0304	 0.0115
 1.7300	 1.0105	 0.0098
 1.7350	 1.0022	 0.0106
 1.7400	 0.9911	 0.0099
 1.7450	 0.9969	 0.0102
 1.7500	 1.0109	 0.0105
 1.7550	 1.0201	 0.0100
 1.7600	 1.0188	 0.0100
 1.7650	 1.0069	 0.0103
 1.7700	 0.9983	 0.0108
 1.7750	 1.0038	 0.0103
 1.7800	 1.0051	 0.0106
 1.7850	 0.9922	 0.0110
 1.7900	 0.9908	 0.0107
 1.7950	 1.0013	 0.0110
 1.8000	 0.9774	 0.0130
 1.8050	 1.0095	 0.0133
 1.8100	 1.0238	 0.0140
 1.8150	 1.0417	 0.0162
 1.8200	 1.0299	 0.0155
 1.8250	 1.0217	 0.0161
 1.8300	 1.0116	 0.0179
 1.8350	 0.9628	 0.0243
 1.8400	 1.0281	 0.0247
 1.8450	 1.0202	 0.0267
 1.8500	 0.9767	 0.0253
 1.8550	 1.0003	 0.0253
 1.8600	 0.9723	 0.0243
 1.8650	 0.9779	 0.0258
 1.8700	 0.9837	 0.0284
 1.8750	 1.0191	 0.0305
 1.8800	 1.0473	 0.0271
 1.8850	 1.0106	 0.0235
 1.8900	 1.0182	 0.0214
 1.8950	 1.0406	 0.0217
 1.9000	 1.0339	 0.0220
 1.9050	 1.0424	 0.0257
 1.9100	 1.0128	 0.0248
 1.9150	 0.9628	 0.0236
 1.9200	 0.9895	 0.0222
 1.9250	 1.0075	 0.0203
 1.9300	 1.0382	 0.0193
 1.9350	 1.0485	 0.0181
 1.9400	 1.0270	 0.0169
 1.9450	 1.0213	 0.0182
 1.9500	 1.0294	 0.0178
 1.9550	 1.0251	 0.0176
 1.9600	 0.9886	 0.0174
 1.9650	 0.9718	 0.0175
 1.9700	 1.0108	 0.0167
 1.9750	 1.0092	 0.0157
 1.9800	 1.0009	 0.0152
 1.9850	 1.0054	 0.0139
 1.9900	 1.0297	 0.0139
 1.9950	 1.0141	 0.0144
 2.0000	 0.9937	 0.0170
 2.0050	 1.0180	 0.0186
 2.0100	 1.0278	 0.0257
 2.0150	 1.0227	 0.0242
 2.0200	 1.0143	 0.0210
 2.0250	 0.9869	 0.0185
 2.0300	 0.9960	 0.0164
 2.0350	 1.0015	 0.0152
 2.0400	 1.0108	 0.0156
 2.0450	 0.9938	 0.0145
 2.0500	 0.9820	 0.0161
 2.0550	 0.9989	 0.0174
 2.0600	 1.0264	 0.0173
 2.0700	 1.0221	 0.0170
 2.0750	 1.0004	 0.0160
 2.0800	 0.9582	 0.0177
 2.0850	 0.9619	 0.0151
 2.0900	 0.9972	 0.0148
 2.0950	 1.0259	 0.0170
 2.1000	 1.0298	 0.0165
 2.1050	 1.0015	 0.0156
 2.1100	 0.9681	 0.0165
 2.1150	 0.9860	 0.0157
 2.1200	 0.9738	 0.0166
 2.1250	 0.9650	 0.0149
 2.1300	 1.0011	 0.0168
 2.1350	 1.0007	 0.0153
 2.1400	 0.9910	 0.0158
 2.1450	 1.0024	 0.0166
 2.1500	 1.0207	 0.0172
 2.1550	 0.9730	 0.0172
 2.1600	 0.9837	 0.0171
 2.1650	 1.0125	 0.0173
 2.1700	 1.0141	 0.0185
 2.1750	 1.0156	 0.0178
 2.1800	 0.9739	 0.0169
 2.1850	 0.9532	 0.0178
 2.1900	 0.9772	 0.0178
 2.1950	 0.9961	 0.0185
 2.2000	 0.9463	 0.0175
 2.2050	 0.9522	 0.0180
 2.2100	 0.9670	 0.0193
 2.2150	 1.0212	 0.0183
 2.2200	 1.0190	 0.0195
 2.2250	 1.0123	 0.0198
 2.2300	 1.0379	 0.0202
 2.2350	 0.9941	 0.0195
 2.2400	 0.9842	 0.0189
 2.2450	 0.9709	 0.0189
 2.2500	 0.9857	 0.0195
 2.2550	 0.9921	 0.0188
 2.2600	 0.9672	 0.0185
 2.2650	 1.0284	 0.0211
 2.2700	 1.0158	 0.0201
 2.2750	 1.0243	 0.0228
 2.2800	 0.9831	 0.0199
 2.2850	 0.9860	 0.0213
 2.2900	 0.9724	 0.0224
 2.2950	 0.9704	 0.0206
 2.3000	 0.9710	 0.0218
 2.3050	 0.9383	 0.0203
 2.3100	 0.9286	 0.0228
 2.3150	 0.9789	 0.0229
 2.3200	 0.9327	 0.0230
 2.3250	 0.9381	 0.0226
 2.3300	 0.9792	 0.0236
 2.3350	 1.0042	 0.0256
 2.3400	 0.9697	 0.0235
 2.3450	 0.9140	 0.0233
 2.3500	 0.9486	 0.0234
 2.3550	 0.9861	 0.0249
 2.3600	 0.9868	 0.0244
 2.3700	 0.9464	 0.0267
 2.3750	 0.9452	 0.0239
 2.3800	 0.9291	 0.0259
 2.3850	 0.9725	 0.0262
 2.3900	 0.9383	 0.0242
 2.3950	 0.9453	 0.0264
 2.4050	 1.0137	 0.0275
 2.4250	 0.9012	 0.0259
 2.4300	 0.9683	 0.0307
 2.4350	 0.9147	 0.0276
 2.4400	 0.9618	 0.0300
 2.4450	 0.8987	 0.0295
 2.4500	 0.9477	 0.0354
