 0.8050	 0.8204	 0.1180
 0.8100	 0.7174	 0.0926
 0.8150	 0.7490	 0.0922
 0.8200	 0.7669	 0.0893
 0.8250	 0.7847	 0.0855
 0.8300	 0.8747	 0.0863
 0.8350	 0.7919	 0.0841
 0.8400	 0.7727	 0.0807
 0.8450	 0.8032	 0.0801
 0.8500	 0.8411	 0.0788
 0.8550	 0.6822	 0.0781
 0.8600	 0.7989	 0.0727
 0.8650	 0.7949	 0.0771
 0.8700	 0.7281	 0.0696
 0.8750	 0.7373	 0.0704
 0.8800	 0.6984	 0.0688
 0.8850	 0.8121	 0.0679
 0.8900	 0.7232	 0.0667
 0.8950	 0.7855	 0.0646
 0.9000	 0.8127	 0.0628
 0.9050	 0.8152	 0.0589
 0.9100	 0.7630	 0.0573
 0.9150	 0.7426	 0.0552
 0.9200	 0.7828	 0.0540
 0.9250	 0.7651	 0.0527
 0.9300	 0.7897	 0.0622
 0.9350	 0.7831	 0.0642
 0.9400	 0.7643	 0.0593
 0.9450	 0.8238	 0.0609
 0.9500	 0.7842	 0.0567
 0.9550	 0.8039	 0.0527
 0.9600	 0.8303	 0.0479
 0.9650	 0.7762	 0.0459
 0.9700	 0.8115	 0.0468
 0.9750	 0.7969	 0.0439
 0.9800	 0.7982	 0.0462
 0.9850	 0.8135	 0.0432
 0.9900	 0.7903	 0.0451
 0.9950	 0.8454	 0.0505
 1.0000	 0.8478	 0.0463
 1.0050	 0.8586	 0.0440
 1.0100	 0.8574	 0.0440
 1.0150	 0.8224	 0.0455
 1.0200	 0.8940	 0.0480
 1.0250	 0.8719	 0.0413
 1.0300	 0.8632	 0.0482
 1.0350	 0.8809	 0.0416
 1.0400	 0.9274	 0.0457
 1.0450	 0.8615	 0.0424
 1.0500	 0.8838	 0.0384
 1.0550	 0.8941	 0.0350
 1.0600	 0.8993	 0.0336
 1.0650	 0.8798	 0.0324
 1.0700	 0.8758	 0.0392
 1.0750	 0.9240	 0.0447
 1.0800	 0.9299	 0.0376
 1.0850	 0.9361	 0.0491
 1.0900	 0.8317	 0.0389
 1.0950	 0.9278	 0.0466
 1.1000	 0.9628	 0.0437
 1.1050	 0.9050	 0.0386
 1.1100	 0.9115	 0.0351
 1.1150	 0.8959	 0.0338
 1.1200	 0.9351	 0.0338
 1.1250	 0.9437	 0.0341
 1.1300	 0.8990	 0.0426
 1.1350	 0.9051	 0.0503
 1.1400	 0.9457	 0.0368
 1.1450	 0.9207	 0.0539
 1.1500	 0.9265	 0.0385
 1.1550	 0.9642	 0.0445
 1.1600	 0.9314	 0.0447
 1.1650	 0.9512	 0.0402
 1.1700	 0.9239	 0.0347
 1.1750	 0.9654	 0.0307
 1.1800	 0.9551	 0.0291
 1.1850	 0.9358	 0.0263
 1.1900	 0.9277	 0.0255
 1.1950	 0.8692	 0.0294
 1.2000	 0.8986	 0.0439
 1.2050	 0.9139	 0.0389
 1.2100	 1.0000	 0.0388
 1.2150	 1.0453	 0.0443
 1.2200	 1.0203	 0.0364
 1.2250	 0.9446	 0.0430
 1.2300	 0.8688	 0.0417
 1.2350	 0.9100	 0.0383
 1.2400	 0.9535	 0.0336
 1.2450	 0.9680	 0.0303
 1.2500	 1.0030	 0.0292
 1.2550	 0.9787	 0.0283
 1.2600	 0.9643	 0.0351
 1.2650	 0.9499	 0.0440
 1.2700	 1.0198	 0.0543
 1.2750	 0.9869	 0.0580
 1.2800	 1.0418	 0.0558
 1.2850	 1.0060	 0.0385
 1.2900	 0.9997	 0.0491
 1.2950	 0.9210	 0.0390
 1.3000	 0.9831	 0.0406
 1.3050	 1.0211	 0.0451
 1.3100	 0.9883	 0.0435
 1.3150	 0.9464	 0.0392
 1.3200	 1.0485	 0.0352
 1.3250	 1.0040	 0.0324
 1.3300	 0.9859	 0.0283
 1.3350	 0.9982	 0.0255
 1.3400	 1.0376	 0.0265
 1.3450	 1.0193	 0.0269
 1.3500	 0.9915	 0.0331
 1.3550	 1.0368	 0.0445
 1.3600	 0.9871	 0.0579
 1.3650	 1.0239	 0.0741
 1.3700	 0.9739	 0.0610
 1.3750	 1.1012	 0.0481
 1.3800	 1.0857	 0.0678
 1.3850	 1.0377	 0.0613
 1.3900	 1.0255	 0.0520
 1.3950	 1.0983	 0.0592
 1.4000	 1.0917	 0.0715
 1.4050	 1.0334	 0.0685
 1.4100	 1.0214	 0.0674
 1.4150	 1.1056	 0.0677
 1.4200	 1.0742	 0.0517
 1.4250	 1.1186	 0.0371
 1.4300	 1.0547	 0.0457
 1.4350	 1.1020	 0.0503
 1.4400	 1.0381	 0.0362
 1.4450	 1.0742	 0.0381
 1.4500	 1.0209	 0.0536
 1.4550	 1.0029	 0.0552
 1.4600	 1.0845	 0.0538
 1.4650	 1.1097	 0.0513
 1.4700	 1.0619	 0.0489
 1.4750	 1.0290	 0.0498
 1.4800	 1.0897	 0.0565
 1.4850	 1.0605	 0.0572
 1.4900	 1.0977	 0.0492
 1.4950	 0.9934	 0.0326
 1.5000	 1.1004	 0.0536
 1.5050	 1.1609	 0.0746
 1.5100	 1.1132	 0.0525
 1.5150	 1.0792	 0.0365
 1.5200	 1.1004	 0.0535
 1.5250	 1.0871	 0.0609
 1.5300	 1.0892	 0.0613
 1.5350	 1.1271	 0.0579
 1.5400	 1.1311	 0.0543
 1.5450	 1.1379	 0.0501
 1.5500	 1.1251	 0.0493
 1.5550	 1.0764	 0.0549
 1.5600	 1.0474	 0.0569
 1.5650	 0.9941	 0.0554
 1.5700	 1.0105	 0.0428
 1.5750	 1.0208	 0.0401
 1.5800	 0.9815	 0.0730
 1.5850	 1.0355	 0.0769
 1.5900	 0.9967	 0.0459
 1.5950	 1.0440	 0.0414
 1.6000	 1.0769	 0.0607
 1.6050	 1.0612	 0.0676
 1.6100	 0.9901	 0.0672
 1.6150	 0.9809	 0.0635
 1.6200	 1.0424	 0.0589
 1.6250	 1.0424	 0.0546
 1.6300	 0.9981	 0.0499
 1.6350	 1.0305	 0.0551
 1.6400	 1.0478	 0.0572
 1.6450	 1.0326	 0.0609
 1.6500	 1.0607	 0.0567
 1.6550	 1.0504	 0.0416
 1.6600	 1.0862	 0.0341
 1.6650	 1.0523	 0.0655
 1.6700	 1.1425	 0.0778
 1.6750	 1.0702	 0.0562
 1.6800	 1.0381	 0.0363
 1.6850	 1.0459	 0.0527
 1.6900	 1.0660	 0.0637
 1.6950	 1.0583	 0.0675
 1.7000	 1.0632	 0.0653
 1.7050	 1.1046	 0.0632
 1.7100	 1.0721	 0.0598
 1.7150	 1.0612	 0.0554
 1.7200	 1.0254	 0.0518
 1.7250	 1.0935	 0.0552
 1.7300	 1.0428	 0.0550
 1.7350	 0.9709	 0.0610
 1.7400	 1.0272	 0.0644
 1.7450	 1.0172	 0.0571
 1.7500	 0.9948	 0.0452
 1.7550	 0.9899	 0.0356
 1.7600	 1.0207	 0.0620
 1.7650	 1.0952	 0.0807
 1.7700	 1.0388	 0.0685
 1.7750	 0.9543	 0.0414
 1.7800	 0.9763	 0.0486
 1.7850	 1.0368	 0.0657
 1.7900	 1.1092	 0.0659
 1.7950	 1.1104	 0.0740
 1.8000	 1.0536	 0.0857
 1.8050	 1.0926	 0.0879
 1.8100	 1.0893	 0.0886
 1.8150	 1.0273	 0.0863
 1.8200	 1.0570	 0.0804
 1.8250	 1.0860	 0.0915
 1.8300	 1.0256	 0.0963
 1.8350	 1.0390	 0.0871
 1.8400	 0.9435	 0.1176
 1.8450	 0.9568	 0.1262
 1.8500	 1.0450	 0.1371
 1.8550	 0.9585	 0.1121
 1.8600	 1.0844	 0.0907
 1.8650	 1.0347	 0.1088
 1.8700	 1.0901	 0.1947
 1.8750	 1.0318	 0.1492
 1.8800	 0.9319	 0.0889
 1.8850	 1.0069	 0.0713
 1.8900	 1.0812	 0.0726
 1.8950	 1.1250	 0.0815
 1.9000	 0.9993	 0.0996
 1.9050	 1.0133	 0.1032
 1.9100	 1.0187	 0.0863
 1.9150	 1.0947	 0.0922
 1.9200	 1.0122	 0.1116
 1.9250	 1.0156	 0.1043
 1.9300	 0.9772	 0.0875
 1.9350	 0.9387	 0.0734
 1.9400	 0.9570	 0.0657
 1.9450	 1.0525	 0.0654
 1.9500	 1.0919	 0.0839
 1.9550	 1.0470	 0.0961
 1.9600	 0.9635	 0.0914
 1.9650	 0.9947	 0.0874
 1.9700	 0.9978	 0.0842
 1.9750	 1.0013	 0.0754
 2.0250	 1.0886	 0.0853
 2.0300	 1.0834	 0.0843
 2.0350	 1.1461	 0.0870
 2.0400	 1.1609	 0.0892
 2.0450	 1.0792	 0.0923
 2.0500	 1.1864	 0.0990
 2.0550	 1.0894	 0.1068
 2.0600	 1.0609	 0.0915
 2.0650	 1.1377	 0.0774
 2.0700	 1.1173	 0.0821
 2.0750	 1.0540	 0.0760
 2.0800	 1.1075	 0.0646
 2.0850	 1.0352	 0.0685
 2.0900	 1.1221	 0.0681
 2.0950	 1.0830	 0.0616
 2.1000	 1.0889	 0.0611
 2.1050	 1.1608	 0.0728
 2.1100	 1.1642	 0.0803
 2.1150	 1.1384	 0.0814
 2.1200	 1.1671	 0.0816
 2.1250	 1.1461	 0.0796
 2.1300	 1.0819	 0.0757
 2.1350	 1.0824	 0.0687
 2.1400	 1.0824	 0.0646
 2.1450	 1.0899	 0.0746
 2.1500	 1.1090	 0.0980
 2.1550	 1.1411	 0.1048
 2.1600	 1.1229	 0.0924
 2.1650	 1.0942	 0.0792
 2.1700	 1.0303	 0.0801
 2.1750	 1.1107	 0.0854
 2.1800	 1.1952	 0.0962
 2.1850	 1.0815	 0.1006
 2.1900	 1.0347	 0.0979
 2.1950	 1.1178	 0.1056
 2.2000	 1.1792	 0.1099
 2.2050	 1.2085	 0.1107
 2.2100	 1.1601	 0.1059
 2.2150	 1.0977	 0.1131
 2.2200	 1.0378	 0.1141
 2.2250	 1.1365	 0.1058
 2.2300	 1.1430	 0.1059
 2.2350	 1.0644	 0.1179
 2.2400	 1.1006	 0.1182
 2.2450	 1.2473	 0.1155
 2.2500	 1.2218	 0.1124
 2.2550	 1.1126	 0.1186
 2.2600	 1.1352	 0.1232
 2.2650	 1.1819	 0.1252
 2.2700	 1.1370	 0.1250
 2.2750	 1.1630	 0.1268
 2.4500	 1.1630	 0.1268
