 0.7800	 1.1156	 0.0355
 0.7850	 1.1286	 0.0324
 0.7900	 1.1149	 0.0329
 0.7950	 1.0782	 0.0349
 0.8000	 1.0998	 0.0307
 0.8050	 1.0992	 0.0317
 0.8100	 1.0902	 0.0295
 0.8150	 1.0889	 0.0322
 0.8200	 1.0826	 0.0304
 0.8250	 1.0817	 0.0304
 0.8300	 1.0718	 0.0309
 0.8350	 1.0639	 0.0319
 0.8400	 1.0711	 0.0284
 0.8450	 1.0559	 0.0295
 0.8500	 1.0365	 0.0282
 0.8550	 1.0177	 0.0286
 0.8600	 1.0114	 0.0276
 0.8650	 0.9938	 0.0276
 0.8700	 1.0029	 0.0268
 0.8750	 1.0038	 0.0250
 0.8800	 0.9690	 0.0265
 0.8850	 0.9677	 0.0260
 0.8900	 0.9783	 0.0265
 0.8950	 0.9796	 0.0290
 0.9000	 0.9872	 0.0259
 0.9050	 0.9816	 0.0260
 0.9100	 0.9687	 0.0251
 0.9150	 0.9823	 0.0237
 0.9200	 0.9742	 0.0251
 0.9250	 0.9376	 0.0233
 0.9300	 0.9338	 0.0263
 0.9350	 0.9612	 0.0278
 0.9400	 0.9446	 0.0262
 0.9450	 0.9499	 0.0255
 0.9500	 0.9570	 0.0255
 0.9550	 0.9622	 0.0245
 0.9600	 0.9790	 0.0233
 0.9650	 0.9723	 0.0270
 0.9700	 0.9437	 0.0262
 0.9750	 0.9427	 0.0234
 0.9800	 0.9600	 0.0244
 0.9850	 0.9555	 0.0210
 0.9900	 0.9751	 0.0216
 0.9950	 0.9831	 0.0223
 1.0000	 0.9619	 0.0238
 1.0050	 0.9703	 0.0206
 1.0100	 0.9624	 0.0205
 1.0150	 0.9569	 0.0229
 1.0200	 0.9887	 0.0197
 1.0250	 0.9834	 0.0211
 1.0300	 0.9760	 0.0208
 1.0350	 0.9770	 0.0220
 1.0400	 0.9878	 0.0210
 1.0450	 1.0139	 0.0201
 1.0500	 1.0317	 0.0272
 1.0550	 1.0215	 0.0219
 1.0600	 1.0133	 0.0221
 1.0650	 1.0194	 0.0193
 1.0700	 1.0300	 0.0211
 1.0750	 1.0270	 0.0220
 1.0800	 1.0245	 0.0217
 1.0850	 1.0165	 0.0198
 1.0900	 1.0542	 0.0245
 1.0950	 1.0584	 0.0199
 1.1000	 1.0420	 0.0211
 1.1050	 1.0426	 0.0203
 1.1100	 1.0430	 0.0193
 1.1150	 1.0500	 0.0195
 1.1200	 1.0659	 0.0205
 1.1250	 1.0656	 0.0220
 1.1300	 1.0675	 0.0226
 1.1350	 1.0629	 0.0227
 1.1400	 1.0672	 0.0201
 1.1450	 1.0894	 0.0220
 1.1500	 1.1011	 0.0217
 1.1550	 1.1148	 0.0212
 1.1600	 1.1049	 0.0206
 1.1650	 1.0982	 0.0190
 1.1700	 1.1068	 0.0198
 1.1750	 1.1111	 0.0219
 1.1800	 1.1287	 0.0204
 1.1850	 1.1374	 0.0202
 1.1900	 1.1393	 0.0178
 1.1950	 1.1359	 0.0186
 1.2000	 1.1311	 0.0201
 1.2050	 1.1397	 0.0198
 1.2100	 1.1504	 0.0214
 1.2150	 1.1416	 0.0195
 1.2200	 1.1725	 0.0207
 1.2250	 1.1634	 0.0202
 1.2300	 1.1602	 0.0187
 1.2350	 1.1640	 0.0206
 1.2400	 1.1437	 0.0193
 1.2450	 1.1446	 0.0202
 1.2500	 1.1676	 0.0202
 1.2550	 1.1901	 0.0208
 1.2600	 1.1887	 0.0227
 1.2650	 1.1609	 0.0201
 1.2700	 1.1323	 0.0197
 1.2750	 1.1548	 0.0190
 1.2800	 1.1754	 0.0199
 1.2850	 1.1687	 0.0192
 1.2900	 1.1510	 0.0204
 1.2950	 1.1866	 0.0218
 1.3000	 1.1985	 0.0219
 1.3050	 1.1887	 0.0212
 1.3100	 1.2130	 0.0215
 1.3150	 1.2170	 0.0208
 1.3200	 1.2332	 0.0204
 1.3250	 1.2313	 0.0197
 1.3300	 1.2044	 0.0206
 1.3350	 1.2116	 0.0213
 1.3400	 1.2394	 0.0245
 1.3450	 1.2756	 0.0278
 1.3600	 1.2378	 0.0425
 1.3650	 1.1741	 0.0384
 1.3700	 1.1917	 0.0473
 1.3750	 1.2365	 0.0437
 1.3800	 1.2763	 0.0362
 1.3850	 1.2471	 0.0399
 1.3900	 1.2110	 0.0376
 1.3950	 1.2576	 0.0274
 1.4000	 1.2443	 0.0329
 1.4050	 1.2108	 0.0354
 1.4100	 1.2504	 0.0353
 1.4150	 1.2694	 0.0327
 1.4200	 1.2607	 0.0279
 1.4250	 1.2620	 0.0276
 1.4300	 1.2508	 0.0266
 1.4350	 1.2936	 0.0246
 1.4400	 1.2635	 0.0251
 1.4450	 1.2285	 0.0243
 1.4500	 1.2379	 0.0257
 1.4550	 1.2351	 0.0250
 1.4600	 1.2492	 0.0277
 1.4650	 1.2503	 0.0262
 1.4700	 1.2488	 0.0250
 1.4750	 1.2506	 0.0240
 1.4800	 1.2153	 0.0255
 1.4850	 1.2147	 0.0233
 1.4900	 1.2532	 0.0217
 1.4950	 1.2736	 0.0232
 1.5000	 1.2663	 0.0248
 1.5050	 1.2109	 0.0236
 1.5100	 1.2484	 0.0223
 1.5200	 1.2884	 0.0286
 1.5250	 1.2257	 0.0262
 1.5300	 1.2608	 0.0232
 1.5350	 1.2596	 0.0231
 1.5400	 1.2453	 0.0239
 1.5450	 1.2633	 0.0261
 1.5550	 1.2433	 0.0248
 1.5600	 1.2557	 0.0294
 1.5800	 1.3041	 0.0253
 1.5850	 1.2635	 0.0253
 1.5900	 1.2292	 0.0272
 1.5950	 1.2243	 0.0225
 1.6000	 1.2435	 0.0244
 1.6050	 1.2829	 0.0257
 1.6100	 1.2896	 0.0285
 1.6250	 1.2701	 0.0277
 1.6300	 1.2674	 0.0270
 1.6350	 1.2650	 0.0260
 1.6400	 1.2970	 0.0277
 1.6450	 1.2795	 0.0277
 1.6500	 1.2566	 0.0246
 1.6550	 1.2590	 0.0264
 1.6600	 1.2989	 0.0267
 1.6650	 1.2748	 0.0262
 1.6700	 1.2474	 0.0251
 1.6750	 1.2436	 0.0273
 1.6800	 1.2387	 0.0257
 1.6850	 1.2357	 0.0261
 1.6900	 1.2009	 0.0264
 1.6950	 1.1874	 0.0239
 1.7000	 1.2327	 0.0252
 1.7050	 1.2657	 0.0261
 1.7100	 1.2496	 0.0243
 1.7150	 1.2636	 0.0245
 1.7200	 1.2928	 0.0247
 1.7250	 1.2819	 0.0283
 1.7300	 1.2075	 0.0294
 1.7350	 1.1788	 0.0261
 1.7400	 1.2048	 0.0257
 1.7450	 1.2305	 0.0271
 1.7500	 1.2361	 0.0278
 1.7550	 1.2449	 0.0271
 1.7600	 1.1979	 0.0273
 1.7650	 1.2211	 0.0263
 1.7700	 1.2730	 0.0311
 1.7750	 1.2512	 0.0316
 1.7800	 1.2620	 0.0320
 1.7850	 1.2355	 0.0329
 1.7900	 1.1768	 0.0290
 1.7950	 1.1973	 0.0314
 1.8000	 1.2152	 0.0322
 1.8050	 1.2203	 0.0349
 1.8100	 1.2120	 0.0374
 1.8150	 1.2570	 0.0375
 1.8200	 1.2208	 0.0462
 1.8250	 1.2333	 0.0443
 1.8300	 1.1943	 0.0507
 1.8350	 1.1845	 0.0555
 1.8400	 1.1727	 0.0599
 1.8450	 1.1929	 0.0597
 1.8500	 1.1853	 0.0630
 1.8550	 1.1847	 0.0524
 1.8600	 1.2169	 0.0576
 1.8650	 1.2055	 0.0595
 1.8750	 1.1774	 0.0767
 1.8850	 1.1224	 0.0527
 1.8900	 1.1826	 0.0478
 1.8950	 1.1592	 0.0498
 1.9000	 1.1925	 0.0562
 1.9050	 1.2104	 0.0575
 1.9100	 1.1419	 0.0524
 1.9150	 1.1771	 0.0517
 1.9200	 1.1652	 0.0479
 1.9250	 1.1554	 0.0495
 1.9300	 1.1712	 0.0411
 1.9350	 1.1812	 0.0459
 1.9400	 1.1230	 0.0370
 1.9450	 1.1068	 0.0366
 1.9500	 1.1784	 0.0395
 1.9550	 1.1631	 0.0413
 1.9600	 1.1391	 0.0457
 1.9700	 1.0889	 0.0377
 1.9750	 1.1719	 0.0354
 1.9800	 1.1330	 0.0331
 1.9850	 1.1009	 0.0305
 1.9900	 1.1121	 0.0327
 1.9950	 1.1781	 0.0370
 2.0000	 1.1160	 0.0430
 2.0050	 1.1410	 0.0520
 2.0200	 1.1710	 0.0454
 2.0250	 1.1879	 0.0427
 2.0350	 1.1719	 0.0401
 2.0400	 1.1465	 0.0344
 2.0450	 1.1326	 0.0383
 2.0500	 1.1856	 0.0421
 2.0600	 1.1982	 0.0406
 2.0650	 1.1999	 0.0401
 2.0700	 1.1573	 0.0358
 2.0750	 1.1260	 0.0382
 2.0800	 1.1275	 0.0398
 2.0850	 1.1365	 0.0346
 2.0900	 1.1750	 0.0351
 2.0950	 1.1629	 0.0372
 2.1000	 1.1583	 0.0363
 2.1050	 1.1664	 0.0342
 2.1100	 1.1168	 0.0355
 2.1150	 1.1649	 0.0342
 2.1200	 1.1319	 0.0368
 2.1250	 1.1228	 0.0392
 2.1300	 1.1707	 0.0384
 2.1350	 1.1378	 0.0399
 2.1500	 1.1431	 0.0356
 2.1550	 1.1408	 0.0365
 2.1600	 1.1921	 0.0387
 2.1750	 1.1933	 0.0453
 2.1800	 1.1531	 0.0384
 2.1850	 1.1591	 0.0378
 2.1900	 1.1493	 0.0366
 2.1950	 1.1963	 0.0395
 2.2000	 1.2243	 0.0443
 2.2050	 1.1700	 0.0401
 2.2100	 1.1488	 0.0379
 2.2150	 1.2316	 0.0445
 2.2200	 1.2163	 0.0454
 2.2250	 1.2066	 0.0410
 2.2300	 1.2214	 0.0457
 2.2350	 1.2065	 0.0444
 2.2400	 1.1735	 0.0419
 2.2450	 1.1833	 0.0440
 2.2500	 1.2105	 0.0441
 2.2550	 1.1654	 0.0445
 2.2600	 1.1314	 0.0453
 2.2650	 1.1537	 0.0424
 2.2700	 1.1721	 0.0439
 2.2800	 1.1372	 0.0480
 2.2850	 1.2019	 0.0429
 2.2900	 1.1763	 0.0464
 2.2950	 1.1573	 0.0433
 2.3000	 1.2056	 0.0441
 2.3050	 1.2247	 0.0484
 2.3100	 1.1736	 0.0461
 2.3300	 1.2400	 0.0429
 2.3400	 1.1904	 0.0541
 2.3500	 1.1829	 0.0445
 2.3550	 1.2295	 0.0491
 2.3750	 1.1862	 0.0463
 2.3800	 1.1823	 0.0515
 2.3850	 1.1689	 0.0574
 2.3900	 1.2187	 0.0504
 2.3950	 1.2136	 0.0491
 2.4050	 1.1857	 0.0470
 2.4150	 1.1944	 0.0529
 2.4400	 1.1867	 0.0502
 2.4450	 1.2296	 0.0567
 2.4500	 1.2000	 0.1000
