 0.8250	 1.0977	 0.0268
 0.8300	 1.0975	 0.0267
 0.8350	 1.0900	 0.0259
 0.8400	 1.0777	 0.0250
 0.8450	 1.0818	 0.0248
 0.8500	 1.0456	 0.0248
 0.8550	 1.0457	 0.0281
 0.8600	 1.0781	 0.0258
 0.8650	 1.0869	 0.0249
 0.8700	 1.0713	 0.0248
 0.8750	 1.0516	 0.0234
 0.8800	 1.0537	 0.0234
 0.8850	 1.0360	 0.0236
 0.8900	 1.0554	 0.0220
 0.8950	 1.0550	 0.0224
 0.9000	 1.0419	 0.0224
 0.9050	 1.0304	 0.0223
 0.9100	 1.0181	 0.0215
 0.9150	 1.0155	 0.0223
 0.9200	 1.0308	 0.0214
 0.9250	 1.0369	 0.0224
 0.9300	 1.0321	 0.0223
 0.9350	 1.0227	 0.0229
 0.9400	 1.0091	 0.0213
 0.9450	 1.0057	 0.0214
 0.9500	 0.9994	 0.0215
 0.9550	 0.9953	 0.0209
 0.9600	 1.0213	 0.0203
 0.9650	 1.0250	 0.0197
 0.9700	 1.0199	 0.0196
 0.9750	 1.0136	 0.0193
 0.9800	 1.0108	 0.0189
 0.9850	 1.0138	 0.0190
 0.9900	 1.0192	 0.0218
 0.9950	 1.0161	 0.0203
 1.0000	 1.0393	 0.0189
 1.0050	 1.0321	 0.0190
 1.0100	 1.0156	 0.0179
 1.0150	 1.0158	 0.0193
 1.0200	 1.0172	 0.0188
 1.0250	 1.0107	 0.0182
 1.0300	 1.0225	 0.0178
 1.0350	 1.0341	 0.0199
 1.0400	 1.0290	 0.0191
 1.0450	 1.0163	 0.0178
 1.0500	 1.0117	 0.0184
 1.0550	 1.0147	 0.0179
 1.0600	 1.0221	 0.0173
 1.0650	 1.0209	 0.0191
 1.0700	 1.0031	 0.0188
 1.0750	 0.9818	 0.0177
 1.0800	 0.9816	 0.0180
 1.0850	 0.9891	 0.0168
 1.0900	 0.9872	 0.0168
 1.0950	 0.9954	 0.0173
 1.1000	 0.9881	 0.0175
 1.1050	 1.0074	 0.0184
 1.1100	 1.0019	 0.0183
 1.1150	 0.9946	 0.0196
 1.1200	 1.0062	 0.0195
 1.1250	 0.9637	 0.0211
 1.1300	 0.9586	 0.0212
 1.1450	 0.9766	 0.0198
 1.1500	 1.0138	 0.0201
 1.1550	 0.9881	 0.0234
 1.1600	 0.9726	 0.0174
 1.1650	 1.0066	 0.0185
 1.1700	 1.0139	 0.0175
 1.1750	 1.0082	 0.0164
 1.1800	 1.0013	 0.0172
 1.1850	 0.9964	 0.0166
 1.1900	 0.9900	 0.0176
 1.1950	 1.0035	 0.0176
 1.2000	 1.0160	 0.0175
 1.2050	 1.0161	 0.0181
 1.2100	 1.0075	 0.0165
 1.2150	 1.0063	 0.0178
 1.2200	 1.0059	 0.0174
 1.2250	 0.9841	 0.0189
 1.2300	 0.9960	 0.0184
 1.2350	 1.0005	 0.0176
 1.2400	 0.9741	 0.0179
 1.2450	 0.9790	 0.0169
 1.2500	 0.9908	 0.0167
 1.2550	 1.0080	 0.0176
 1.2600	 1.0035	 0.0184
 1.2650	 0.9820	 0.0172
 1.2750	 0.9916	 0.0177
 1.2800	 1.0069	 0.0182
 1.2850	 0.9895	 0.0194
 1.2900	 0.9764	 0.0186
 1.2950	 0.9875	 0.0166
 1.3000	 1.0002	 0.0175
 1.3050	 0.9860	 0.0183
 1.3100	 1.0076	 0.0201
 1.3150	 1.0016	 0.0178
 1.3200	 0.9951	 0.0169
 1.3300	 1.0029	 0.0174
 1.3350	 0.9931	 0.0185
 1.3400	 0.9788	 0.0211
 1.3450	 0.9798	 0.0213
 1.3500	 0.9733	 0.0354
 1.3600	 0.9429	 0.0293
 1.3700	 0.9596	 0.0368
 1.3750	 0.9411	 0.0404
 1.3800	 0.9410	 0.0328
 1.3850	 0.9770	 0.0335
 1.3900	 0.9597	 0.0338
 1.4050	 0.9370	 0.0299
 1.4100	 0.9234	 0.0266
 1.4150	 0.9511	 0.0250
 1.4200	 0.9451	 0.0230
 1.4250	 0.9678	 0.0246
 1.4300	 0.9702	 0.0270
 1.4350	 0.9574	 0.0231
 1.4400	 0.8950	 0.0194
 1.4450	 0.9188	 0.0202
 1.4500	 0.9286	 0.0193
 1.4550	 0.9454	 0.0173
 1.4600	 0.9415	 0.0180
 1.4650	 0.9417	 0.0186
 1.4700	 0.9596	 0.0207
 1.4750	 0.8904	 0.0192
 1.4800	 0.9035	 0.0189
 1.4850	 0.9090	 0.0183
 1.4900	 0.9270	 0.0195
 1.4950	 0.9421	 0.0218
 1.5000	 0.9624	 0.0190
 1.5050	 0.9390	 0.0222
 1.5100	 0.9127	 0.0193
 1.5150	 0.9294	 0.0195
 1.5200	 0.9210	 0.0219
 1.5250	 0.9175	 0.0200
 1.5300	 0.9431	 0.0220
 1.5350	 0.9416	 0.0199
 1.5400	 0.9133	 0.0200
 1.5450	 0.9321	 0.0200
 1.5500	 0.8960	 0.0198
 1.5550	 0.8815	 0.0188
 1.5600	 0.9301	 0.0197
 1.5650	 0.9474	 0.0199
 1.5700	 0.9379	 0.0194
 1.5750	 0.9148	 0.0194
 1.5800	 0.9104	 0.0180
 1.5850	 0.9195	 0.0196
 1.5900	 0.9144	 0.0191
 1.5950	 0.9517	 0.0207
 1.6000	 0.9479	 0.0204
 1.6050	 0.9128	 0.0189
 1.6100	 0.8957	 0.0189
 1.6150	 0.9022	 0.0187
 1.6200	 0.9007	 0.0192
 1.6250	 0.8992	 0.0188
 1.6300	 0.9160	 0.0191
 1.6350	 0.9230	 0.0195
 1.6400	 0.9350	 0.0189
 1.6450	 0.9343	 0.0205
 1.6500	 0.9248	 0.0213
 1.6550	 0.9034	 0.0206
 1.6600	 0.8848	 0.0202
 1.6650	 0.9571	 0.0202
 1.6700	 0.9425	 0.0243
 1.6750	 0.9348	 0.0196
 1.6800	 0.9128	 0.0205
 1.6850	 0.8757	 0.0198
 1.6900	 0.9229	 0.0194
 1.6950	 0.9217	 0.0216
 1.7000	 0.8953	 0.0199
 1.7050	 0.9064	 0.0201
 1.7100	 0.9070	 0.0208
 1.7150	 0.8695	 0.0190
 1.7200	 0.8789	 0.0210
 1.7250	 0.8868	 0.0204
 1.7300	 0.8746	 0.0203
 1.7350	 0.8711	 0.0222
 1.7400	 0.8900	 0.0226
 1.7450	 0.8834	 0.0216
 1.7500	 0.9073	 0.0208
 1.7550	 0.9092	 0.0242
 1.7600	 0.8693	 0.0208
 1.7650	 0.8877	 0.0234
 1.7700	 0.9092	 0.0223
 1.7750	 0.8625	 0.0217
 1.7800	 0.8329	 0.0217
 1.7850	 0.8247	 0.0222
 1.7900	 0.8354	 0.0250
 1.7950	 0.8738	 0.0240
 1.8000	 0.8711	 0.0251
 1.8050	 0.8740	 0.0275
 1.8100	 0.9107	 0.0291
 1.8150	 0.9155	 0.0336
 1.8200	 0.9187	 0.0330
 1.8250	 0.8907	 0.0336
 1.8300	 0.8993	 0.0346
 1.8400	 0.8773	 0.0501
 1.8450	 0.8366	 0.0481
 1.8500	 0.8729	 0.0480
 1.8550	 0.8180	 0.0428
 1.8600	 0.8069	 0.0402
 1.8750	 0.8291	 0.0516
 1.8850	 0.8290	 0.0367
 1.8900	 0.8859	 0.0450
 1.8950	 0.8532	 0.0431
 1.9000	 0.8459	 0.0455
 1.9050	 0.8014	 0.0421
 1.9100	 0.8526	 0.0400
 1.9150	 0.8570	 0.0389
 1.9200	 0.8771	 0.0356
 1.9250	 0.8524	 0.0352
 1.9300	 0.8372	 0.0353
 1.9350	 0.9070	 0.0439
 1.9400	 0.8963	 0.0368
 1.9450	 0.8993	 0.0336
 1.9550	 0.9412	 0.0377
 1.9600	 0.9013	 0.0390
 1.9650	 0.9228	 0.0420
 1.9700	 0.9191	 0.0332
 1.9750	 0.8739	 0.0303
 1.9800	 0.8857	 0.0283
 1.9850	 0.9259	 0.0313
 1.9900	 0.9001	 0.0309
 1.9950	 0.9030	 0.0335
 2.0000	 0.9385	 0.0487
 2.0050	 0.8978	 0.0621
 2.0100	 0.8287	 0.0552
 2.0200	 0.8716	 0.0386
 2.0250	 0.8530	 0.0325
 2.0300	 0.8279	 0.0310
 2.0350	 0.9384	 0.0331
 2.0400	 0.8839	 0.0324
 2.0450	 0.8351	 0.0342
 2.0500	 0.8907	 0.0403
 2.0550	 0.8791	 0.0407
 2.0600	 0.8676	 0.0364
 2.0650	 0.9014	 0.0392
 2.0700	 0.9207	 0.0378
 2.0750	 0.8704	 0.0387
 2.0800	 0.8509	 0.0348
 2.0850	 0.8728	 0.0344
 2.0900	 0.8451	 0.0341
 2.0950	 0.9087	 0.0293
 2.1000	 0.9417	 0.0369
 2.1050	 0.8584	 0.0332
 2.1100	 0.8728	 0.0313
 2.1150	 0.8590	 0.0324
 2.1200	 0.8548	 0.0302
 2.1250	 0.9014	 0.0326
 2.1300	 0.8950	 0.0337
 2.1350	 0.8658	 0.0339
 2.1400	 0.8705	 0.0315
 2.1450	 0.9015	 0.0330
 2.1500	 0.9382	 0.0397
 2.1550	 0.8967	 0.0389
 2.1600	 0.8795	 0.0363
 2.1650	 0.9399	 0.0360
 2.1700	 0.9202	 0.0360
 2.1750	 0.8726	 0.0337
 2.1800	 0.8563	 0.0330
 2.1850	 0.8795	 0.0389
 2.1900	 0.8412	 0.0370
 2.1950	 0.8776	 0.0409
 2.2000	 0.9072	 0.0379
 2.2050	 0.8926	 0.0373
 2.2100	 0.9084	 0.0374
 2.2150	 0.8848	 0.0386
 2.2200	 0.9058	 0.0344
 2.2250	 0.9335	 0.0387
 2.2300	 0.9675	 0.0385
 2.2350	 0.9301	 0.0386
 2.2400	 0.9127	 0.0427
 2.2450	 0.9633	 0.0414
 2.2500	 0.9617	 0.0388
 2.2550	 0.9690	 0.0398
 2.2600	 0.9048	 0.0403
 2.2650	 0.9266	 0.0411
 2.2700	 1.0193	 0.0438
 2.2750	 0.9654	 0.0442
 2.2800	 0.9135	 0.0453
 2.2850	 0.9726	 0.0390
 2.2900	 1.0060	 0.0424
 2.2950	 0.9904	 0.0429
 2.3000	 0.9791	 0.0445
 2.3050	 0.9829	 0.0483
 2.3100	 1.0158	 0.0469
 2.3150	 0.9991	 0.0533
 2.3250	 0.9951	 0.0471
 2.3300	 1.0189	 0.0462
 2.3550	 1.0884	 0.0494
 2.3650	 1.0701	 0.0510
 2.3700	 1.1582	 0.0580
 2.3850	 1.1000	 0.0555
 2.3900	 1.0597	 0.0593
 2.4000	 1.1444	 0.0536
 2.4050	 1.1378	 0.0597
 2.4100	 1.1492	 0.0571
 2.4150	 1.1108	 0.0655
 2.4200	 1.1163	 0.0609
 2.4250	 1.0980	 0.0620
 2.4300	 1.1139	 0.0637
 2.4500	 1.1000	 0.1000
