 0.8200	 0.9377	 0.0098
 0.8250	 0.9080	 0.0094
 0.8300	 0.9894	 0.0094
 0.8350	 0.9215	 0.0090
 0.8450	 0.9916	 0.0084
 0.8500	 0.8919	 0.0081
 0.8550	 0.8475	 0.0080
 0.8600	 0.9395	 0.0074
 0.8650	 0.8799	 0.0079
 0.8700	 0.8886	 0.0074
 0.8750	 0.9101	 0.0070
 0.8800	 0.8861	 0.0072
 0.8850	 0.9140	 0.0072
 0.8900	 0.8100	 0.0069
 0.8950	 0.8429	 0.0069
 0.9000	 0.9506	 0.0071
 0.9050	 0.8854	 0.0064
 0.9100	 0.9377	 0.0063
 0.9150	 0.9116	 0.0061
 0.9200	 0.9925	 0.0058
 0.9250	 0.9240	 0.0057
 0.9300	 0.9203	 0.0064
 0.9350	 0.9279	 0.0094
 0.9400	 1.0106	 0.0081
 0.9450	 0.8937	 0.0080
 0.9500	 0.9448	 0.0074
 0.9550	 0.9429	 0.0067
 0.9600	 0.9197	 0.0060
 0.9650	 0.9036	 0.0053
 0.9700	 0.9514	 0.0052
 0.9750	 0.9385	 0.0050
 0.9800	 0.9482	 0.0051
 0.9850	 0.9185	 0.0045
 0.9900	 0.9566	 0.0049
 0.9950	 0.9288	 0.0054
 1.0000	 0.9993	 0.0050
 1.0050	 0.9442	 0.0050
 1.0100	 0.9227	 0.0047
 1.0150	 0.9010	 0.0047
 1.0200	 0.9801	 0.0054
 1.0250	 0.9758	 0.0046
 1.0300	 0.9224	 0.0056
 1.0350	 1.0011	 0.0044
 1.0400	 1.0029	 0.0051
 1.0450	 0.9527	 0.0049
 1.0500	 0.9892	 0.0043
 1.0550	 0.9727	 0.0038
 1.0600	 0.9732	 0.0035
 1.0650	 0.9661	 0.0033
 1.0700	 0.9863	 0.0038
 1.0750	 1.0161	 0.0050
 1.0800	 1.0361	 0.0040
 1.0850	 0.9878	 0.0057
 1.0900	 1.0253	 0.0043
 1.0950	 0.9941	 0.0053
 1.1000	 1.0031	 0.0052
 1.1050	 1.0620	 0.0046
 1.1100	 1.0255	 0.0041
 1.1150	 1.0482	 0.0039
 1.1200	 1.0289	 0.0046
 1.1250	 1.0330	 0.0048
 1.1300	 1.0440	 0.0057
 1.1350	 1.1502	 0.0074
 1.1400	 1.0167	 0.0046
 1.1450	 1.1539	 0.0068
 1.1500	 1.2051	 0.0059
 1.1550	 0.9817	 0.0055
 1.1600	 1.0353	 0.0054
 1.1650	 1.1323	 0.0048
 1.1700	 1.0226	 0.0040
 1.1750	 1.0111	 0.0036
 1.1800	 1.0266	 0.0032
 1.1850	 1.0496	 0.0029
 1.1900	 1.0331	 0.0028
 1.1950	 1.0153	 0.0028
 1.2000	 0.9896	 0.0044
 1.2050	 1.0000	 0.0050
 1.2100	 1.1150	 0.0038
 1.2150	 0.9554	 0.0055
 1.2200	 1.0756	 0.0040
 1.2250	 0.9239	 0.0047
 1.2300	 1.1481	 0.0049
 1.2350	 1.1718	 0.0045
 1.2400	 1.0988	 0.0039
 1.2450	 1.0333	 0.0034
 1.2500	 1.1141	 0.0031
 1.2550	 1.1492	 0.0031
 1.2600	 1.0837	 0.0037
 1.2650	 1.1769	 0.0048
 1.2700	 1.0103	 0.0070
 1.2750	 0.9284	 0.0074
 1.2800	 0.9882	 0.0075
 1.2850	 0.9838	 0.0058
 1.2900	 1.2154	 0.0048
 1.2950	 1.1178	 0.0056
 1.3000	 1.1060	 0.0041
 1.3050	 1.0985	 0.0050
 1.3100	 0.9905	 0.0053
 1.3150	 1.1960	 0.0049
 1.3200	 1.1496	 0.0042
 1.3250	 1.0627	 0.0041
 1.3300	 1.1049	 0.0036
 1.3350	 1.0921	 0.0032
 1.3400	 1.1291	 0.0029
 1.3450	 1.1668	 0.0033
 1.4200	 1.1328	 0.0150
 1.4250	 1.2867	 0.0096
 1.4300	 1.3850	 0.0064
 1.4350	 1.3006	 0.0078
 1.4400	 1.1859	 0.0089
 1.4450	 1.1855	 0.0060
 1.4500	 1.3346	 0.0054
 1.4550	 1.2730	 0.0091
 1.4600	 1.3040	 0.0084
 1.4650	 1.4315	 0.0074
 1.4700	 1.3006	 0.0073
 1.4750	 1.3718	 0.0075
 1.4800	 1.3843	 0.0075
 1.4850	 1.3672	 0.0086
 1.4900	 1.5181	 0.0087
 1.4950	 1.3635	 0.0074
 1.5000	 1.2702	 0.0047
 1.5050	 1.2657	 0.0062
 1.5100	 1.3042	 0.0101
 1.5150	 1.1871	 0.0079
 1.5200	 1.1973	 0.0045
 1.5250	 1.2649	 0.0064
 1.5300	 1.2836	 0.0076
 1.5350	 1.5026	 0.0079
 1.5400	 1.5631	 0.0075
 1.5450	 1.3489	 0.0069
 1.5500	 1.5591	 0.0064
 1.5550	 1.4355	 0.0059
 1.5600	 1.3819	 0.0065
 1.5650	 1.2623	 0.0068
 1.5700	 1.2413	 0.0069
 1.5750	 1.2857	 0.0057
 1.5800	 1.2820	 0.0044
 1.5850	 1.3401	 0.0085
 1.5900	 1.4010	 0.0098
 1.5950	 1.3223	 0.0066
 1.6000	 1.2910	 0.0046
 1.6050	 1.3456	 0.0070
 1.6100	 1.4538	 0.0082
 1.6150	 1.5314	 0.0085
 1.6200	 1.4900	 0.0079
 1.6250	 1.4728	 0.0072
 1.6300	 1.3133	 0.0068
 1.6350	 1.3924	 0.0060
 1.6400	 1.2742	 0.0063
 1.6450	 1.2637	 0.0066
 1.6500	 1.1377	 0.0071
 1.6550	 1.1096	 0.0070
 1.6600	 1.2049	 0.0053
 1.6650	 1.1539	 0.0038
 1.6700	 1.2954	 0.0069
 1.6750	 1.4149	 0.0093
 1.6800	 1.3806	 0.0076
 1.6850	 1.2487	 0.0043
 1.6900	 1.3965	 0.0058
 1.6950	 1.3586	 0.0076
 1.7000	 1.2966	 0.0080
 1.7050	 1.3053	 0.0078
 1.7100	 1.3166	 0.0075
 1.7150	 1.2459	 0.0072
 1.7200	 1.3222	 0.0067
 1.7250	 1.2849	 0.0061
 1.7300	 1.2825	 0.0064
 1.7350	 1.3675	 0.0064
 1.7400	 1.2225	 0.0071
 1.7450	 1.2193	 0.0078
 1.7500	 1.3245	 0.0073
 1.7550	 1.3203	 0.0058
 1.7600	 1.2805	 0.0043
 1.7650	 1.2894	 0.0069
 1.7700	 1.3888	 0.0099
 1.7750	 1.2664	 0.0091
 1.9850	 1.3602	 0.0088
 1.9900	 1.3461	 0.0068
 1.9950	 1.2692	 0.0064
 2.0000	 1.3951	 0.0106
 2.0050	 1.3312	 0.0199
 2.0100	 1.3263	 0.0239
 2.0150	 1.3213	 0.0166
 2.0200	 1.3163	 0.0139
 2.0250	 1.3587	 0.0117
 2.0300	 1.2816	 0.0110
 2.0350	 1.1635	 0.0105
 2.0400	 1.1997	 0.0106
 2.0450	 1.3074	 0.0105
 2.0500	 1.3089	 0.0105
 2.0550	 1.3103	 0.0109
 2.0600	 1.3117	 0.0129
 2.0650	 1.3110	 0.0119
 2.0700	 1.4329	 0.0097
 2.0750	 1.4156	 0.0100
 2.0800	 1.2735	 0.0095
 2.0850	 1.1838	 0.0082
 2.0900	 1.2428	 0.0078
 2.0950	 1.2524	 0.0082
 2.1000	 1.2391	 0.0076
 2.1050	 1.2905	 0.0071
 2.1100	 1.3273	 0.0079
 2.1150	 1.2024	 0.0091
 2.1200	 1.2815	 0.0094
 2.1250	 1.2859	 0.0096
 2.1300	 1.2932	 0.0097
 2.1350	 1.3010	 0.0093
 2.1400	 1.3095	 0.0086
 2.1450	 1.1654	 0.0081
 2.1500	 1.3014	 0.0078
 2.1550	 1.4462	 0.0105
 2.1600	 1.4511	 0.0124
 2.1650	 1.3827	 0.0123
 2.1700	 1.3345	 0.0103
 2.1750	 1.2517	 0.0098
 2.1800	 1.3514	 0.0100
 2.1850	 1.4613	 0.0111
 2.1900	 1.4161	 0.0120
 2.1950	 1.6160	 0.0125
 2.2000	 1.5054	 0.0122
 2.2050	 1.5706	 0.0131
 2.2100	 1.4534	 0.0137
 2.2150	 1.3243	 0.0136
 2.2200	 1.6477	 0.0133
 2.2250	 1.5368	 0.0136
 2.2300	 1.4175	 0.0133
 2.2350	 1.6259	 0.0127
 2.2400	 1.5976	 0.0132
 2.2450	 1.3292	 0.0141
 2.2500	 1.2617	 0.0141
 2.2550	 1.2154	 0.0137
 2.2600	 1.5541	 0.0137
 2.2650	 1.5100	 0.0145
 2.2700	 1.3712	 0.0150
 2.2750	 1.2903	 0.0153
 2.2800	 1.4320	 0.0154
 2.2850	 1.4117	 0.0161
 2.2900	 1.4180	 0.0163
 2.2950	 1.2311	 0.0165
 2.4500	 1.2311	 0.0165
