 0.8200	 0.8929	 0.0188
 0.8250	 0.8989	 0.0181
 0.8300	 0.9187	 0.0181
 0.8350	 0.8757	 0.0187
 0.8400	 0.8662	 0.0178
 0.8450	 0.8756	 0.0155
 0.8500	 0.8445	 0.0153
 0.8550	 0.8343	 0.0170
 0.8600	 0.8440	 0.0154
 0.8650	 0.8471	 0.0156
 0.8700	 0.8441	 0.0152
 0.8750	 0.8289	 0.0155
 0.8800	 0.8216	 0.0166
 0.8850	 0.8322	 0.0145
 0.8900	 0.8245	 0.0146
 0.8950	 0.8343	 0.0149
 0.9000	 0.8389	 0.0166
 0.9050	 0.8381	 0.0165
 0.9100	 0.8201	 0.0146
 0.9150	 0.8234	 0.0152
 0.9200	 0.8097	 0.0154
 0.9250	 0.7929	 0.0155
 0.9300	 0.7985	 0.0187
 0.9350	 0.8124	 0.0168
 0.9400	 0.8009	 0.0154
 0.9450	 0.8344	 0.0195
 0.9500	 0.8286	 0.0178
 0.9550	 0.8035	 0.0181
 0.9600	 0.8028	 0.0148
 0.9650	 0.8168	 0.0138
 0.9700	 0.8537	 0.0140
 0.9750	 0.8498	 0.0133
 0.9800	 0.8385	 0.0128
 0.9850	 0.8382	 0.0136
 0.9900	 0.8334	 0.0137
 0.9950	 0.8491	 0.0123
 1.0000	 0.8423	 0.0124
 1.0050	 0.8599	 0.0142
 1.0100	 0.8445	 0.0126
 1.0150	 0.8688	 0.0128
 1.0200	 0.8755	 0.0131
 1.0250	 0.8762	 0.0125
 1.0300	 0.8761	 0.0129
 1.0350	 0.8719	 0.0123
 1.0400	 0.8778	 0.0146
 1.0450	 0.8810	 0.0118
 1.0500	 0.8818	 0.0118
 1.0550	 0.8920	 0.0123
 1.0600	 0.8906	 0.0123
 1.0650	 0.8729	 0.0130
 1.0700	 0.8769	 0.0125
 1.0750	 0.9053	 0.0123
 1.0800	 0.8893	 0.0137
 1.0850	 0.9005	 0.0136
 1.0900	 0.9074	 0.0133
 1.0950	 0.9119	 0.0124
 1.1000	 0.9155	 0.0129
 1.1050	 0.9169	 0.0119
 1.1100	 0.9112	 0.0139
 1.1150	 0.9207	 0.0160
 1.1200	 0.9101	 0.0158
 1.1250	 0.9234	 0.0156
 1.1300	 0.9310	 0.0152
 1.1350	 0.9237	 0.0143
 1.1400	 0.9223	 0.0141
 1.1450	 0.9218	 0.0164
 1.1500	 0.9389	 0.0151
 1.1550	 0.9604	 0.0129
 1.1600	 0.9544	 0.0144
 1.1650	 0.9664	 0.0135
 1.1700	 0.9828	 0.0113
 1.1750	 0.9911	 0.0121
 1.1800	 0.9863	 0.0117
 1.1850	 0.9813	 0.0121
 1.1900	 0.9712	 0.0126
 1.1950	 0.9923	 0.0129
 1.2000	 1.0045	 0.0127
 1.2050	 1.0088	 0.0139
 1.2100	 1.0161	 0.0130
 1.2150	 1.0104	 0.0122
 1.2200	 1.0069	 0.0126
 1.2250	 1.0045	 0.0120
 1.2300	 1.0026	 0.0118
 1.2350	 0.9925	 0.0126
 1.2400	 0.9872	 0.0129
 1.2450	 0.9992	 0.0116
 1.2500	 1.0300	 0.0117
 1.2550	 1.0471	 0.0113
 1.2600	 1.0479	 0.0116
 1.2650	 1.0405	 0.0133
 1.2700	 1.0263	 0.0125
 1.2750	 1.0213	 0.0127
 1.2800	 1.0400	 0.0133
 1.2850	 1.0423	 0.0126
 1.2900	 1.0440	 0.0124
 1.2950	 1.0643	 0.0120
 1.3000	 1.0589	 0.0132
 1.3050	 1.0512	 0.0129
 1.3100	 1.0700	 0.0122
 1.3150	 1.0528	 0.0148
 1.3200	 1.0566	 0.0143
 1.3250	 1.0722	 0.0128
 1.3300	 1.0843	 0.0138
 1.3350	 1.0636	 0.0166
 1.3400	 1.0642	 0.0185
 1.3450	 1.0743	 0.0184
 1.3500	 1.0865	 0.0267
 1.4000	 1.1053	 0.0382
 1.4100	 1.0840	 0.0316
 1.4150	 1.1313	 0.0305
 1.4200	 1.1220	 0.0269
 1.4250	 1.1484	 0.0233
 1.4350	 1.1082	 0.0203
 1.4400	 1.0854	 0.0219
 1.4450	 1.1321	 0.0197
 1.4500	 1.1141	 0.0189
 1.4550	 1.1072	 0.0196
 1.4600	 1.1205	 0.0190
 1.4700	 1.1454	 0.0172
 1.4750	 1.1154	 0.0186
 1.4800	 1.1366	 0.0178
 1.4850	 1.1462	 0.0183
 1.4900	 1.1477	 0.0157
 1.4950	 1.1279	 0.0149
 1.5000	 1.1293	 0.0146
 1.5050	 1.1428	 0.0157
 1.5100	 1.1250	 0.0160
 1.5150	 1.1257	 0.0162
 1.5200	 1.0967	 0.0142
 1.5250	 1.1432	 0.0140
 1.5300	 1.1566	 0.0156
 1.5350	 1.1152	 0.0148
 1.5400	 1.1345	 0.0143
 1.5450	 1.1408	 0.0164
 1.5500	 1.1599	 0.0164
 1.5550	 1.1452	 0.0149
 1.5600	 1.1241	 0.0148
 1.5650	 1.1224	 0.0148
 1.5700	 1.1221	 0.0155
 1.5750	 1.1184	 0.0165
 1.5800	 1.1310	 0.0154
 1.5850	 1.1603	 0.0162
 1.5900	 1.1420	 0.0160
 1.5950	 1.1459	 0.0155
 1.6000	 1.1537	 0.0181
 1.6050	 1.1677	 0.0167
 1.6100	 1.1609	 0.0170
 1.6150	 1.1487	 0.0175
 1.6200	 1.1266	 0.0157
 1.6250	 1.1345	 0.0160
 1.6300	 1.1378	 0.0170
 1.6350	 1.1536	 0.0171
 1.6400	 1.1490	 0.0165
 1.6450	 1.1222	 0.0170
 1.6500	 1.1270	 0.0172
 1.6550	 1.1196	 0.0163
 1.6600	 1.1452	 0.0181
 1.6650	 1.1552	 0.0179
 1.6700	 1.1766	 0.0187
 1.6750	 1.1608	 0.0169
 1.6800	 1.1514	 0.0165
 1.6850	 1.1346	 0.0171
 1.6900	 1.1495	 0.0178
 1.6950	 1.1273	 0.0165
 1.7000	 1.1103	 0.0185
 1.7050	 1.1447	 0.0180
 1.7100	 1.1303	 0.0161
 1.7150	 1.1096	 0.0176
 1.7200	 1.1096	 0.0174
 1.7250	 1.1228	 0.0191
 1.7300	 1.1169	 0.0175
 1.7350	 1.0681	 0.0205
 1.7400	 1.0622	 0.0181
 1.7450	 1.0722	 0.0197
 1.7500	 1.1033	 0.0181
 1.7550	 1.1190	 0.0169
 1.7600	 1.1191	 0.0190
 1.7650	 1.0761	 0.0197
 1.7700	 1.1070	 0.0222
 1.7800	 1.1083	 0.0225
 1.7850	 1.0574	 0.0234
 1.7900	 1.0514	 0.0243
 1.7950	 1.0813	 0.0229
 1.8000	 1.0843	 0.0238
 1.8050	 1.0557	 0.0279
 1.8100	 1.0955	 0.0323
 1.8150	 1.0531	 0.0361
 1.8200	 0.9929	 0.0396
 1.8250	 1.0289	 0.0527
 1.8350	 1.0304	 0.0803
 1.8600	 1.0418	 0.1311
 1.8650	 1.0084	 0.1393
 1.8750	 1.0661	 0.1332
 1.8900	 0.9214	 0.0702
 1.9000	 0.9757	 0.0926
 1.9050	 0.9941	 0.1184
 1.9100	 1.0831	 0.1208
 1.9150	 1.0731	 0.0858
 1.9450	 1.1019	 0.0432
 1.9500	 1.0849	 0.0418
 1.9550	 1.1059	 0.0380
 1.9600	 1.0781	 0.0334
 1.9650	 1.0281	 0.0289
 1.9700	 1.0774	 0.0270
 1.9900	 1.0924	 0.0259
 1.9950	 1.1019	 0.0286
 2.0000	 1.1036	 0.0311
 2.0050	 1.0233	 0.0358
 2.0100	 1.0913	 0.0368
 2.0150	 1.0666	 0.0342
 2.0200	 1.0414	 0.0293
 2.0250	 1.0516	 0.0265
 2.0300	 1.0288	 0.0254
 2.0350	 1.0408	 0.0252
 2.0400	 1.0582	 0.0264
 2.0450	 1.0778	 0.0244
 2.0500	 1.1105	 0.0273
 2.0550	 1.0988	 0.0285
 2.0600	 1.0672	 0.0283
 2.0650	 1.0869	 0.0265
 2.0700	 1.0447	 0.0272
 2.0750	 1.0839	 0.0256
 2.0800	 1.0813	 0.0246
 2.0850	 1.0770	 0.0258
 2.0900	 1.0567	 0.0261
 2.0950	 1.1112	 0.0256
 2.1000	 1.1566	 0.0264
 2.1050	 1.1359	 0.0257
 2.1100	 1.0969	 0.0247
 2.1150	 1.0623	 0.0245
 2.1200	 1.1717	 0.0273
 2.1250	 1.1793	 0.0271
 2.1300	 1.1337	 0.0310
 2.1350	 1.0710	 0.0277
 2.1400	 1.0960	 0.0264
 2.1450	 1.0915	 0.0254
 2.1500	 1.1159	 0.0259
 2.1550	 1.1278	 0.0282
 2.1600	 1.1492	 0.0275
 2.1650	 1.1237	 0.0282
 2.1700	 1.1251	 0.0294
 2.1750	 1.0864	 0.0300
 2.1800	 1.0566	 0.0291
 2.1850	 1.0832	 0.0287
 2.1900	 1.1507	 0.0318
 2.1950	 1.0873	 0.0300
 2.2000	 1.1033	 0.0296
 2.2050	 1.1188	 0.0291
 2.2100	 1.1318	 0.0292
 2.2150	 1.1499	 0.0308
 2.2200	 1.1262	 0.0303
 2.2250	 1.1316	 0.0296
 2.2300	 1.1192	 0.0324
 2.2350	 1.0643	 0.0332
 2.2400	 1.0758	 0.0308
 2.2450	 1.0706	 0.0298
 2.2600	 1.0489	 0.0305
 2.2650	 1.1106	 0.0339
 2.2700	 1.1250	 0.0307
 2.2750	 1.1434	 0.0357
 2.2800	 1.1820	 0.0355
 2.2850	 1.1693	 0.0367
 2.2900	 1.1046	 0.0317
 2.2950	 1.1903	 0.0389
 2.3000	 1.1779	 0.0356
 2.3050	 1.1433	 0.0337
 2.3100	 1.1543	 0.0338
 2.3150	 1.1435	 0.0347
 2.3200	 1.1661	 0.0350
 2.3250	 1.1250	 0.0335
 2.3300	 1.2379	 0.0402
 2.3350	 1.0943	 0.0368
 2.3400	 1.2205	 0.0340
 2.3450	 1.2102	 0.0373
 2.3550	 1.1418	 0.0389
 2.3600	 1.1902	 0.0391
 2.3650	 1.1153	 0.0404
 2.3700	 1.2127	 0.0404
 2.3750	 1.1336	 0.0390
 2.4500	 1.2000	 0.1000
