 0.8200	 1.0315	 0.0119
 0.8250	 1.0105	 0.0117
 0.8300	 1.0178	 0.0114
 0.8350	 0.9987	 0.0109
 0.8400	 0.9824	 0.0108
 0.8450	 0.9947	 0.0108
 0.8500	 0.9958	 0.0107
 0.8550	 0.9861	 0.0106
 0.8600	 0.9766	 0.0105
 0.8650	 0.9761	 0.0103
 0.8700	 0.9752	 0.0101
 0.8750	 0.9805	 0.0102
 0.8800	 0.9706	 0.0098
 0.8850	 0.9715	 0.0097
 0.8900	 0.9642	 0.0095
 0.8950	 0.9567	 0.0094
 0.9000	 0.9628	 0.0094
 0.9050	 0.9528	 0.0093
 0.9100	 0.9421	 0.0092
 0.9150	 0.9370	 0.0091
 0.9200	 0.9557	 0.0091
 0.9250	 0.9664	 0.0091
 0.9300	 0.9574	 0.0089
 0.9350	 0.9260	 0.0091
 0.9400	 0.9276	 0.0094
 0.9450	 0.9387	 0.0097
 0.9500	 0.9443	 0.0096
 0.9550	 0.9327	 0.0092
 0.9600	 0.9372	 0.0092
 0.9650	 0.9441	 0.0088
 0.9700	 0.9386	 0.0084
 0.9750	 0.9356	 0.0082
 0.9800	 0.9450	 0.0081
 0.9850	 0.9469	 0.0079
 0.9900	 0.9659	 0.0079
 0.9950	 0.9646	 0.0077
 1.0000	 0.9684	 0.0077
 1.0050	 0.9739	 0.0076
 1.0100	 0.9658	 0.0076
 1.0150	 0.9684	 0.0076
 1.0200	 0.9832	 0.0075
 1.0250	 0.9730	 0.0074
 1.0300	 0.9680	 0.0074
 1.0350	 0.9659	 0.0073
 1.0400	 0.9672	 0.0073
 1.0450	 0.9680	 0.0072
 1.0500	 0.9795	 0.0072
 1.0550	 0.9769	 0.0071
 1.0600	 0.9793	 0.0071
 1.0650	 0.9851	 0.0071
 1.0700	 0.9837	 0.0071
 1.0750	 0.9875	 0.0077
 1.0800	 0.9862	 0.0074
 1.0850	 0.9799	 0.0070
 1.0900	 0.9906	 0.0069
 1.0950	 0.9808	 0.0068
 1.1000	 0.9798	 0.0069
 1.1050	 0.9883	 0.0069
 1.1100	 0.9919	 0.0069
 1.1150	 0.9924	 0.0071
 1.1200	 0.9826	 0.0073
 1.1250	 1.0011	 0.0078
 1.1300	 1.0006	 0.0081
 1.1350	 1.0006	 0.0081
 1.1400	 1.0131	 0.0080
 1.1450	 0.9944	 0.0077
 1.1500	 0.9837	 0.0075
 1.1550	 1.0089	 0.0074
 1.1600	 1.0088	 0.0071
 1.1650	 0.9955	 0.0068
 1.1700	 1.0015	 0.0066
 1.1750	 0.9969	 0.0065
 1.1800	 1.0043	 0.0065
 1.1850	 1.0107	 0.0065
 1.1900	 1.0143	 0.0065
 1.1950	 1.0051	 0.0065
 1.2000	 1.0058	 0.0064
 1.2050	 1.0064	 0.0064
 1.2100	 1.0034	 0.0065
 1.2150	 1.0201	 0.0066
 1.2200	 1.0075	 0.0063
 1.2250	 1.0024	 0.0063
 1.2300	 1.0115	 0.0063
 1.2350	 1.0145	 0.0063
 1.2400	 1.0119	 0.0064
 1.2450	 0.9941	 0.0066
 1.2500	 1.0033	 0.0063
 1.2550	 1.0172	 0.0063
 1.2600	 0.9959	 0.0063
 1.2750	 0.9940	 0.0066
 1.2800	 1.0045	 0.0065
 1.2850	 0.9988	 0.0066
 1.2900	 1.0064	 0.0063
 1.2950	 1.0010	 0.0063
 1.3000	 1.0065	 0.0063
 1.3050	 1.0093	 0.0065
 1.3100	 1.0026	 0.0065
 1.3150	 1.0138	 0.0066
 1.3200	 1.0024	 0.0066
 1.3250	 1.0008	 0.0066
 1.3300	 1.0060	 0.0067
 1.3350	 1.0105	 0.0069
 1.3400	 1.0082	 0.0074
 1.3600	 1.0118	 0.0174
 1.3700	 1.0109	 0.0236
 1.3800	 0.9968	 0.0189
 1.3850	 1.0241	 0.0186
 1.4050	 1.0018	 0.0142
 1.4100	 0.9967	 0.0130
 1.4150	 1.0042	 0.0119
 1.4200	 1.0188	 0.0110
 1.4250	 1.0176	 0.0105
 1.4300	 0.9943	 0.0100
 1.4350	 1.0024	 0.0098
 1.4400	 1.0147	 0.0095
 1.4450	 1.0135	 0.0091
 1.4550	 1.0241	 0.0085
 1.4600	 1.0210	 0.0083
 1.4650	 1.0008	 0.0087
 1.4700	 1.0019	 0.0090
 1.4750	 1.0104	 0.0086
 1.4800	 1.0004	 0.0085
 1.4850	 1.0199	 0.0085
 1.4900	 1.0187	 0.0079
 1.4950	 0.9963	 0.0081
 1.5000	 0.9931	 0.0086
 1.5050	 1.0070	 0.0075
 1.5100	 1.0015	 0.0076
 1.5150	 0.9812	 0.0077
 1.5200	 0.9850	 0.0074
 1.5250	 1.0109	 0.0076
 1.5300	 1.0038	 0.0074
 1.5350	 1.0058	 0.0075
 1.5400	 1.0116	 0.0075
 1.5450	 0.9809	 0.0080
 1.5500	 0.9833	 0.0078
 1.5550	 0.9946	 0.0083
 1.5600	 0.9935	 0.0076
 1.5650	 0.9932	 0.0076
 1.5700	 0.9662	 0.0077
 1.5750	 0.9681	 0.0078
 1.5800	 0.9677	 0.0083
 1.5850	 0.9861	 0.0086
 1.6000	 0.9751	 0.0082
 1.6050	 0.9500	 0.0081
 1.6100	 0.9545	 0.0084
 1.6150	 0.9879	 0.0082
 1.6200	 0.9768	 0.0082
 1.6250	 0.9749	 0.0081
 1.6300	 0.9969	 0.0082
 1.6350	 0.9899	 0.0083
 1.6400	 0.9767	 0.0085
 1.6450	 0.9786	 0.0084
 1.6500	 0.9760	 0.0083
 1.6550	 0.9687	 0.0082
 1.6600	 0.9612	 0.0083
 1.6650	 0.9597	 0.0081
 1.6700	 0.9601	 0.0084
 1.6750	 0.9572	 0.0088
 1.6800	 0.9655	 0.0088
 1.6850	 0.9744	 0.0087
 1.6950	 0.9615	 0.0086
 1.7000	 0.9308	 0.0086
 1.7050	 0.9463	 0.0101
 1.7250	 0.9514	 0.0089
 1.7300	 0.9394	 0.0089
 1.7350	 0.9469	 0.0094
 1.7400	 0.9495	 0.0094
 1.7450	 0.9568	 0.0095
 1.7500	 0.9609	 0.0096
 1.7550	 0.9620	 0.0099
 1.7600	 0.9553	 0.0094
 1.7650	 0.9441	 0.0096
 1.7700	 0.9211	 0.0104
 1.7750	 0.9186	 0.0105
 1.7800	 0.9229	 0.0099
 1.7850	 0.9316	 0.0104
 1.7900	 0.9375	 0.0104
 1.7950	 0.9228	 0.0109
 1.8000	 0.9155	 0.0122
 1.8050	 0.9409	 0.0131
 1.8100	 0.9494	 0.0142
 1.8150	 0.9391	 0.0160
 1.8200	 0.9276	 0.0177
 1.8250	 0.9282	 0.0198
 1.8300	 0.9032	 0.0234
 1.8350	 0.9138	 0.0303
 1.8400	 0.9496	 0.0424
 1.8450	 0.9148	 0.0469
 1.8500	 0.8949	 0.0475
 1.8950	 0.9225	 0.0274
 1.9000	 0.8800	 0.0310
 1.9100	 0.9109	 0.0416
 1.9200	 0.9120	 0.0308
 1.9450	 0.8795	 0.0193
 1.9550	 0.8840	 0.0189
 1.9600	 0.8946	 0.0189
 1.9650	 0.9116	 0.0192
 1.9700	 0.9135	 0.0173
 1.9750	 0.9109	 0.0154
 1.9800	 0.9160	 0.0143
 1.9850	 0.9163	 0.0135
 2.0000	 0.9033	 0.0148
 2.0100	 0.8963	 0.0217
 2.0150	 0.8903	 0.0226
 2.0200	 0.8855	 0.0200
 2.0250	 0.9140	 0.0179
 2.0300	 0.9114	 0.0162
 2.0350	 0.9024	 0.0145
 2.0400	 0.9049	 0.0139
 2.0450	 0.9185	 0.0144
 2.0500	 0.8869	 0.0145
 2.0650	 0.9146	 0.0168
 2.0700	 0.9003	 0.0165
 2.0800	 0.9297	 0.0153
 2.0850	 0.8988	 0.0146
 2.0900	 0.9079	 0.0150
 2.0950	 0.9133	 0.0146
 2.1000	 0.9077	 0.0146
 2.1050	 0.9196	 0.0147
 2.1100	 0.9444	 0.0150
 2.1150	 0.9367	 0.0149
 2.1200	 0.9285	 0.0151
 2.1250	 0.9488	 0.0153
 2.1300	 0.9361	 0.0151
 2.1350	 0.9131	 0.0149
 2.1400	 0.9250	 0.0153
 2.1450	 0.9439	 0.0160
 2.1500	 0.9444	 0.0157
 2.1550	 0.9492	 0.0164
 2.1600	 0.9405	 0.0160
 2.1650	 0.9100	 0.0161
 2.1700	 0.9312	 0.0166
 2.1750	 0.9447	 0.0169
 2.1900	 0.9084	 0.0167
 2.1950	 0.9359	 0.0169
 2.2000	 0.9259	 0.0171
 2.2050	 0.9380	 0.0179
 2.2100	 0.9329	 0.0170
 2.2150	 0.9130	 0.0175
 2.2200	 0.9179	 0.0172
 2.2250	 0.9482	 0.0182
 2.2300	 0.9588	 0.0180
 2.2350	 0.9372	 0.0178
 2.2400	 0.9576	 0.0189
 2.2450	 0.9577	 0.0185
 2.2500	 0.9295	 0.0184
 2.2550	 0.9373	 0.0190
 2.2600	 0.9212	 0.0187
 2.2650	 0.9132	 0.0198
 2.2700	 0.9482	 0.0198
 2.2750	 0.9482	 0.0198
 2.2800	 0.9296	 0.0203
 2.2850	 0.9407	 0.0212
 2.2900	 0.9573	 0.0208
 2.2950	 0.9648	 0.0217
 2.3000	 0.9445	 0.0211
 2.3050	 0.9522	 0.0210
 2.3100	 0.9365	 0.0208
 2.3150	 0.9237	 0.0214
 2.3200	 0.9362	 0.0221
 2.3250	 0.9388	 0.0217
 2.3300	 0.9534	 0.0220
 2.3350	 0.9623	 0.0226
 2.3400	 0.9512	 0.0245
 2.3450	 0.9454	 0.0242
 2.3500	 0.9547	 0.0237
 2.3550	 0.9283	 0.0231
 2.3600	 0.9447	 0.0245
 2.3650	 0.9531	 0.0254
 2.3700	 0.9813	 0.0265
 2.3750	 0.9712	 0.0253
 2.3800	 0.9647	 0.0259
 2.3900	 0.9857	 0.0261
 2.3950	 0.9629	 0.0260
 2.4000	 0.9931	 0.0265
 2.4050	 0.9681	 0.0267
 2.4100	 0.9717	 0.0293
 2.4350	 0.9658	 0.0288
 2.4400	 0.9761	 0.0336
 2.4450	 0.9598	 0.0323
 2.4500	 0.9848	 0.1000
