 0.8200	 1.0087	 0.0378
 0.8250	 0.9609	 0.0367
 0.8300	 0.9798	 0.0363
 0.8350	 0.9952	 0.0358
 0.8400	 0.9920	 0.0380
 0.8450	 0.9341	 0.0369
 0.8500	 0.9316	 0.0375
 0.8550	 0.9895	 0.0360
 0.8600	 0.9140	 0.0364
 0.8650	 0.8756	 0.0356
 0.8700	 0.9181	 0.0380
 0.8750	 0.9551	 0.0378
 0.8800	 0.9813	 0.0378
 0.8850	 0.9052	 0.0332
 0.8900	 0.8771	 0.0335
 0.8950	 0.9398	 0.0307
 0.9000	 0.9561	 0.0310
 0.9050	 0.9319	 0.0290
 0.9100	 0.9647	 0.0310
 0.9150	 0.9474	 0.0291
 0.9200	 0.9369	 0.0307
 0.9250	 0.9395	 0.0316
 0.9300	 0.8675	 0.0308
 0.9350	 0.8897	 0.0299
 0.9400	 0.8764	 0.0317
 0.9450	 0.8697	 0.0316
 0.9500	 0.8947	 0.0286
 0.9550	 0.8927	 0.0274
 0.9600	 0.8769	 0.0302
 0.9650	 0.9271	 0.0271
 0.9700	 0.9420	 0.0292
 0.9750	 0.9176	 0.0300
 0.9800	 0.9540	 0.0263
 0.9850	 0.9729	 0.0252
 0.9900	 0.9157	 0.0258
 0.9950	 0.9271	 0.0266
 1.0000	 0.9470	 0.0255
 1.0050	 0.9715	 0.0251
 1.0100	 0.9850	 0.0263
 1.0150	 0.9708	 0.0295
 1.0200	 0.9800	 0.0263
 1.0250	 1.0533	 0.0268
 1.0300	 1.0403	 0.0254
 1.0350	 0.9584	 0.0254
 1.0400	 0.9561	 0.0263
 1.0450	 0.9963	 0.0255
 1.0500	 1.0006	 0.0301
 1.0550	 1.0115	 0.0272
 1.0600	 1.0167	 0.0248
 1.0650	 1.0041	 0.0253
 1.0700	 1.0060	 0.0250
 1.0750	 1.0048	 0.0247
 1.0800	 1.0367	 0.0255
 1.0850	 1.0939	 0.0256
 1.0900	 1.1182	 0.0265
 1.0950	 1.0546	 0.0252
 1.1000	 1.0490	 0.0252
 1.1050	 1.0774	 0.0259
 1.1100	 1.0842	 0.0264
 1.1150	 1.1112	 0.0261
 1.1200	 1.1095	 0.0259
 1.1250	 1.1079	 0.0308
 1.1300	 1.1134	 0.0326
 1.1350	 1.1266	 0.0298
 1.1400	 1.0661	 0.0284
 1.1450	 1.0365	 0.0293
 1.1500	 1.0726	 0.0286
 1.1550	 1.0887	 0.0264
 1.1600	 1.0849	 0.0251
 1.1650	 1.1535	 0.0254
 1.1700	 1.1631	 0.0229
 1.1750	 1.1146	 0.0229
 1.1800	 1.1055	 0.0230
 1.1850	 1.1125	 0.0246
 1.1900	 1.1708	 0.0253
 1.1950	 1.1299	 0.0279
 1.2000	 1.0858	 0.0275
 1.2050	 1.1288	 0.0273
 1.2100	 1.1838	 0.0284
 1.2150	 1.1912	 0.0253
 1.2200	 1.1227	 0.0237
 1.2250	 1.1184	 0.0250
 1.2300	 1.1756	 0.0235
 1.2350	 1.1913	 0.0253
 1.2400	 1.1946	 0.0240
 1.2450	 1.1613	 0.0235
 1.2500	 1.0880	 0.0227
 1.2550	 1.1623	 0.0228
 1.2600	 1.1819	 0.0266
 1.2650	 1.1418	 0.0265
 1.2700	 1.1761	 0.0279
 1.2750	 1.1924	 0.0258
 1.2800	 1.2239	 0.0275
 1.2850	 1.1717	 0.0244
 1.2900	 1.1272	 0.0227
 1.2950	 1.1667	 0.0262
 1.3000	 1.1934	 0.0237
 1.3050	 1.2051	 0.0251
 1.3100	 1.1705	 0.0249
 1.3150	 1.1324	 0.0265
 1.3200	 1.1407	 0.0243
 1.3250	 1.1724	 0.0257
 1.3300	 1.1592	 0.0237
 1.3350	 1.1176	 0.0264
 1.3400	 1.1243	 0.0296
 1.3450	 1.1281	 0.0409
 1.3500	 1.0863	 0.0428
 1.3550	 1.1419	 0.0579
 1.3600	 1.2191	 0.0708
 1.3650	 1.1401	 0.0704
 1.3750	 1.1359	 0.0735
 1.3800	 1.1677	 0.0621
 1.3850	 1.2518	 0.0676
 1.3900	 1.2424	 0.0636
 1.3950	 1.1455	 0.0517
 1.4000	 1.1791	 0.0503
 1.4150	 1.2187	 0.0400
 1.4200	 1.1612	 0.0411
 1.4250	 1.1513	 0.0376
 1.4300	 1.1457	 0.0371
 1.4350	 1.1435	 0.0387
 1.4400	 1.1790	 0.0366
 1.4450	 1.1710	 0.0338
 1.4500	 1.1245	 0.0322
 1.4550	 1.1716	 0.0331
 1.4600	 1.2728	 0.0353
 1.4650	 1.2312	 0.0334
 1.4700	 1.1573	 0.0376
 1.4750	 1.1832	 0.0337
 1.4800	 1.1593	 0.0341
 1.4850	 1.1819	 0.0358
 1.5000	 1.2723	 0.0331
 1.5050	 1.2399	 0.0328
 1.5100	 1.1939	 0.0335
 1.5150	 1.1363	 0.0299
 1.5200	 1.1280	 0.0315
 1.5250	 1.1587	 0.0346
 1.5300	 1.1610	 0.0347
 1.5350	 1.1628	 0.0313
 1.5400	 1.2527	 0.0340
 1.5450	 1.2603	 0.0300
 1.5500	 1.1625	 0.0284
 1.5550	 1.1861	 0.0354
 1.5600	 1.2684	 0.0346
 1.5650	 1.1707	 0.0329
 1.5700	 1.1360	 0.0353
 1.5750	 1.2252	 0.0362
 1.5800	 1.1596	 0.0335
 1.5850	 1.1657	 0.0335
 1.5900	 1.2782	 0.0383
 1.5950	 1.3281	 0.0384
 1.6000	 1.3414	 0.0377
 1.6050	 1.2737	 0.0348
 1.6100	 1.2166	 0.0360
 1.6150	 1.2470	 0.0392
 1.6200	 1.2715	 0.0393
 1.6250	 1.2552	 0.0343
 1.6300	 1.2482	 0.0362
 1.6350	 1.3200	 0.0367
 1.6400	 1.2805	 0.0388
 1.6450	 1.2393	 0.0329
 1.6500	 1.2215	 0.0334
 1.6550	 1.2236	 0.0337
 1.6600	 1.1329	 0.0337
 1.6650	 1.0839	 0.0363
 1.6700	 1.1630	 0.0337
 1.6750	 1.1765	 0.0368
 1.6800	 1.1612	 0.0357
 1.6850	 1.0814	 0.0330
 1.6900	 1.1133	 0.0334
 1.6950	 1.0982	 0.0338
 1.7000	 1.0868	 0.0376
 1.7050	 1.1987	 0.0381
 1.7100	 1.2063	 0.0358
 1.7150	 1.0912	 0.0346
 1.7200	 1.1356	 0.0390
 1.7250	 1.1867	 0.0376
 1.7300	 1.1675	 0.0413
 1.7350	 1.1565	 0.0415
 1.7400	 1.0799	 0.0434
 1.7450	 1.1126	 0.0425
 1.7500	 1.2065	 0.0476
 1.7550	 1.1978	 0.0408
 1.7600	 1.1554	 0.0368
 1.7650	 1.0983	 0.0382
 1.7700	 1.1177	 0.0401
 1.7750	 1.2313	 0.0429
 1.7800	 1.1967	 0.0388
 1.7850	 1.1403	 0.0407
 1.7900	 1.0483	 0.0386
 1.7950	 1.0133	 0.0491
 1.8000	 1.1082	 0.0470
 1.8100	 1.0445	 0.0695
 1.8150	 1.2432	 0.0620
 1.8200	 1.1935	 0.0711
 1.8300	 1.2129	 0.0934
 1.8350	 1.1141	 0.1033
 1.8400	 1.1000	 0.1430
 1.8450	 1.2052	 0.1471
 1.8500	 1.1055	 0.1562
 1.8600	 0.9653	 0.1368
 1.8750	 1.1738	 0.1889
 1.8800	 1.2104	 0.1483
 1.8850	 1.0707	 0.1097
 1.8900	 1.0709	 0.0940
 1.8950	 1.1457	 0.1118
 1.9000	 1.1659	 0.1327
 1.9050	 0.9709	 0.1199
 1.9100	 1.0508	 0.1412
 1.9150	 1.2320	 0.1553
 1.9200	 1.2582	 0.1079
 1.9250	 1.0418	 0.0889
 1.9300	 1.1178	 0.0982
 1.9350	 1.0016	 0.0835
 1.9450	 0.9942	 0.0719
 1.9500	 0.9562	 0.0717
 1.9550	 1.0487	 0.0765
 1.9600	 1.1244	 0.0768
 1.9650	 1.0566	 0.0743
 1.9700	 1.1536	 0.0680
 1.9750	 1.0973	 0.0673
 1.9800	 0.9874	 0.0538
 1.9850	 1.0634	 0.0548
 1.9900	 1.1192	 0.0487
 1.9950	 1.1191	 0.0550
 2.0000	 1.0854	 0.0695
 2.0050	 0.9445	 0.0757
 2.0150	 1.1567	 0.1050
 2.0200	 1.1333	 0.0955
 2.0250	 1.0617	 0.0652
 2.0300	 1.1596	 0.0626
 2.0350	 1.1020	 0.0574
 2.0400	 1.0506	 0.0535
 2.0450	 1.2002	 0.0613
 2.0550	 1.2805	 0.0721
 2.0600	 1.2315	 0.0693
 2.0650	 1.2585	 0.0717
 2.0700	 1.1605	 0.0623
 2.0750	 1.0716	 0.0643
 2.0800	 1.2799	 0.0684
 2.0850	 1.2724	 0.0558
 2.0900	 1.1744	 0.0569
 2.0950	 1.2402	 0.0615
 2.1000	 1.3195	 0.0689
 2.1050	 1.3650	 0.0611
 2.1100	 1.2464	 0.0571
 2.1150	 1.0683	 0.0590
 2.1200	 1.0186	 0.0609
 2.1250	 1.1535	 0.0600
 2.1500	 1.2817	 0.0667
 2.1550	 1.3135	 0.0734
 2.2550	 1.4425	 0.0924
 2.2600	 1.3138	 0.1150
 2.2750	 1.5317	 0.1087
 2.2800	 1.2668	 0.1136
 2.2850	 1.4833	 0.1157
 2.3100	 1.5305	 0.1166
 2.3250	 1.4944	 0.1317
 2.3300	 1.2523	 0.1062
 2.3350	 1.3333	 0.1296
 2.3500	 1.5325	 0.1280
 2.4150	 1.1645	 0.1541
 2.4500	 1.1611	 0.1466
 	 	 
