 0.8200	 1.0180	 0.0333
 0.8250	 1.0134	 0.0324
 0.8300	 1.0016	 0.0328
 0.8350	 0.9815	 0.0338
 0.8400	 0.9722	 0.0303
 0.8450	 0.9749	 0.0305
 0.8500	 0.9831	 0.0312
 0.8550	 0.9610	 0.0310
 0.8600	 0.9487	 0.0322
 0.8650	 0.9575	 0.0315
 0.8700	 0.9356	 0.0315
 0.8750	 0.9307	 0.0309
 0.8800	 0.9215	 0.0294
 0.8850	 0.9104	 0.0266
 0.8900	 0.9176	 0.0299
 0.8950	 0.8824	 0.0262
 0.9000	 0.8913	 0.0246
 0.9050	 0.8818	 0.0243
 0.9100	 0.8829	 0.0242
 0.9150	 0.8787	 0.0251
 0.9200	 0.8617	 0.0252
 0.9250	 0.8677	 0.0247
 0.9300	 0.8696	 0.0243
 0.9350	 0.8662	 0.0251
 0.9400	 0.8503	 0.0255
 0.9450	 0.8337	 0.0259
 0.9500	 0.8715	 0.0255
 0.9550	 0.8913	 0.0233
 0.9600	 0.8740	 0.0233
 0.9650	 0.8603	 0.0228
 0.9700	 0.8580	 0.0237
 0.9750	 0.8488	 0.0214
 0.9800	 0.8676	 0.0213
 0.9850	 0.8661	 0.0211
 0.9900	 0.8611	 0.0222
 0.9950	 0.8776	 0.0229
 1.0000	 0.8884	 0.0224
 1.0050	 0.8858	 0.0217
 1.0100	 0.8966	 0.0205
 1.0150	 0.9006	 0.0218
 1.0200	 0.9064	 0.0246
 1.0250	 0.8823	 0.0218
 1.0300	 0.8735	 0.0213
 1.0350	 0.8732	 0.0199
 1.0400	 0.8730	 0.0196
 1.0450	 0.8705	 0.0220
 1.0500	 0.8698	 0.0213
 1.0550	 0.8674	 0.0208
 1.0600	 0.8678	 0.0197
 1.0650	 0.8700	 0.0209
 1.0700	 0.8882	 0.0216
 1.0750	 0.9022	 0.0220
 1.0800	 0.9212	 0.0208
 1.0850	 0.9157	 0.0190
 1.0900	 0.8990	 0.0191
 1.0950	 0.9051	 0.0196
 1.1000	 0.9181	 0.0210
 1.1050	 0.9264	 0.0188
 1.1100	 0.9336	 0.0194
 1.1150	 0.9547	 0.0207
 1.1200	 0.9471	 0.0226
 1.1250	 0.9526	 0.0225
 1.1300	 0.9454	 0.0214
 1.1350	 0.9469	 0.0231
 1.1400	 0.9686	 0.0212
 1.1450	 0.9464	 0.0206
 1.1500	 0.9453	 0.0195
 1.1550	 0.9683	 0.0202
 1.1600	 0.9842	 0.0195
 1.1650	 0.9924	 0.0208
 1.1700	 1.0020	 0.0199
 1.1750	 1.0004	 0.0193
 1.1800	 0.9946	 0.0190
 1.1850	 0.9896	 0.0191
 1.1900	 0.9932	 0.0190
 1.1950	 1.0155	 0.0183
 1.2000	 1.0187	 0.0202
 1.2050	 1.0154	 0.0210
 1.2100	 1.0102	 0.0193
 1.2150	 1.0229	 0.0194
 1.2200	 1.0246	 0.0190
 1.2250	 1.0134	 0.0204
 1.2300	 1.0165	 0.0199
 1.2350	 1.0259	 0.0192
 1.2400	 1.0445	 0.0195
 1.2450	 1.0489	 0.0201
 1.2500	 1.0428	 0.0190
 1.2550	 1.0383	 0.0199
 1.2600	 1.0229	 0.0210
 1.2650	 1.0226	 0.0225
 1.2700	 1.0077	 0.0219
 1.2800	 1.0049	 0.0208
 1.2850	 1.0206	 0.0203
 1.2900	 1.0746	 0.0209
 1.2950	 1.0658	 0.0219
 1.3000	 1.0459	 0.0198
 1.3050	 1.0735	 0.0192
 1.3100	 1.0826	 0.0206
 1.3150	 1.0668	 0.0201
 1.3200	 1.0518	 0.0201
 1.3250	 1.0896	 0.0204
 1.3300	 1.0961	 0.0215
 1.3350	 1.0673	 0.0209
 1.3400	 1.0755	 0.0234
 1.3450	 1.0856	 0.0267
 1.3500	 1.1336	 0.0362
 1.3550	 1.1664	 0.0458
 1.3600	 1.0925	 0.0397
 1.3650	 1.0629	 0.0379
 1.3700	 1.0820	 0.0402
 1.3750	 1.1636	 0.0398
 1.3800	 1.1218	 0.0383
 1.3850	 1.1325	 0.0384
 1.3900	 1.1715	 0.0413
 1.3950	 1.1645	 0.0368
 1.4000	 1.1304	 0.0353
 1.4100	 1.1289	 0.0297
 1.4150	 1.1794	 0.0299
 1.4200	 1.2060	 0.0303
 1.4250	 1.1989	 0.0298
 1.4300	 1.1895	 0.0274
 1.4350	 1.1999	 0.0279
 1.4400	 1.1972	 0.0265
 1.4450	 1.1795	 0.0306
 1.4500	 1.1866	 0.0274
 1.4550	 1.2055	 0.0279
 1.4600	 1.2487	 0.0293
 1.4650	 1.2562	 0.0274
 1.4700	 1.2351	 0.0282
 1.4750	 1.2544	 0.0281
 1.4800	 1.2138	 0.0319
 1.4850	 1.2074	 0.0314
 1.4900	 1.2042	 0.0277
 1.4950	 1.2121	 0.0291
 1.5000	 1.2268	 0.0276
 1.5050	 1.2340	 0.0342
 1.5350	 1.2953	 0.0260
 1.5400	 1.2691	 0.0277
 1.5450	 1.2056	 0.0312
 1.5500	 1.2347	 0.0308
 1.5550	 1.2535	 0.0275
 1.5600	 1.2469	 0.0270
 1.5650	 1.2364	 0.0278
 1.5700	 1.2026	 0.0278
 1.5750	 1.1881	 0.0289
 1.5800	 1.2131	 0.0322
 1.5850	 1.2326	 0.0277
 1.5900	 1.2665	 0.0285
 1.5950	 1.2996	 0.0336
 1.6000	 1.2469	 0.0300
 1.6050	 1.2441	 0.0300
 1.6100	 1.3032	 0.0351
 1.6200	 1.2529	 0.0323
 1.6250	 1.2087	 0.0277
 1.6300	 1.2462	 0.0279
 1.6350	 1.2336	 0.0302
 1.6400	 1.2522	 0.0297
 1.6500	 1.2638	 0.0304
 1.6550	 1.2545	 0.0330
 1.6600	 1.2890	 0.0341
 1.6750	 1.3003	 0.0416
 1.6800	 1.2418	 0.0337
 1.6850	 1.2295	 0.0316
 1.6900	 1.2344	 0.0320
 1.6950	 1.1902	 0.0380
 1.7000	 1.2197	 0.0363
 1.7050	 1.3121	 0.0397
 1.7100	 1.2973	 0.0347
 1.7150	 1.2738	 0.0372
 1.7200	 1.2302	 0.0329
 1.7250	 1.2380	 0.0344
 1.7300	 1.2568	 0.0359
 1.7350	 1.2520	 0.0344
 1.7400	 1.2444	 0.0366
 1.7600	 1.2602	 0.0409
 1.7650	 1.2390	 0.0371
 1.7700	 1.2880	 0.0379
 1.7800	 1.2593	 0.0334
 1.7850	 1.2644	 0.0362
 1.7900	 1.2315	 0.0412
 1.7950	 1.2324	 0.0398
 1.8000	 1.2790	 0.0405
 1.8100	 1.2552	 0.0446
 1.8150	 1.2538	 0.0490
 1.8200	 1.2093	 0.0492
 1.8250	 1.1930	 0.0571
 1.8300	 1.2602	 0.0605
 1.8350	 1.2066	 0.0640
 1.8400	 1.1621	 0.0711
 1.8450	 1.1401	 0.0762
 1.8600	 1.1124	 0.0785
 1.8650	 1.1431	 0.0823
 1.8700	 1.2125	 0.0887
 1.8750	 1.1650	 0.0919
 1.8800	 1.1443	 0.1019
 1.8900	 1.1182	 0.0640
 1.8950	 1.1685	 0.0632
 1.9000	 1.1857	 0.0698
 1.9050	 1.1349	 0.0802
 1.9100	 1.1403	 0.0761
 1.9150	 1.1286	 0.0753
 1.9300	 1.1953	 0.0727
 1.9350	 1.1908	 0.0612
 1.9400	 1.1596	 0.0595
 1.9450	 1.1502	 0.0604
 1.9500	 1.2073	 0.0579
 1.9550	 1.2118	 0.0623
 1.9600	 1.1220	 0.0632
 1.9700	 1.1356	 0.0616
 1.9750	 1.1172	 0.0532
 1.9950	 1.1813	 0.0492
 2.0000	 1.1948	 0.0582
 2.0050	 1.1188	 0.0713
 2.0350	 1.1267	 0.0522
 2.0400	 1.1404	 0.0509
 2.0450	 1.1162	 0.0596
 2.0500	 1.2047	 0.0590
 2.0550	 1.2344	 0.0642
 2.0650	 1.2404	 0.0650
 2.0700	 1.1798	 0.0591
 2.0750	 1.1837	 0.0605
 2.0800	 1.1656	 0.0543
 2.0850	 1.1899	 0.0528
 2.0900	 1.2279	 0.0589
 2.0950	 1.2142	 0.0589
 2.1100	 1.2348	 0.0604
 2.1150	 1.2033	 0.0641
 2.1200	 1.2584	 0.0569
 2.1400	 1.2705	 0.0552
 2.1450	 1.2632	 0.0602
 2.1500	 1.2800	 0.0600
 2.1550	 1.2849	 0.0653
 2.1600	 1.2434	 0.0634
 2.1650	 1.2508	 0.0618
 2.1950	 1.2421	 0.0701
 2.2000	 1.1899	 0.0663
 2.2050	 1.2224	 0.0824
 2.2100	 1.2380	 0.0937
 2.2150	 1.2610	 0.0782
 2.2200	 1.2908	 0.0711
 2.2250	 1.2294	 0.0746
 2.2350	 1.2431	 0.0786
 2.2550	 1.2508	 0.0917
 2.2700	 1.1571	 0.0818
 2.3450	 1.2253	 0.1021
 2.3500	 1.1866	 0.0901
 2.4050	 1.2931	 0.1491
 2.4150	 1.2762	 0.1428
 2.4250	 1.2554	 0.1547
 2.4500	 1.2716	 0.1000
