 0.8100	 0.9178	 0.0505
 0.8150	 0.9038	 0.0501
 0.8200	 0.9161	 0.0484
 0.8250	 0.9336	 0.0467
 0.8300	 0.9068	 0.0469
 0.8350	 0.8985	 0.0457
 0.8400	 0.9560	 0.0443
 0.8450	 0.9189	 0.0433
 0.8500	 0.9396	 0.0423
 0.8550	 0.9228	 0.0417
 0.8600	 0.9206	 0.0394
 0.8650	 0.9405	 0.0413
 0.8700	 0.9188	 0.0373
 0.8750	 0.9328	 0.0386
 0.8800	 0.9380	 0.0376
 0.8850	 0.9521	 0.0369
 0.8900	 0.9124	 0.0365
 0.8950	 0.9034	 0.0351
 0.9000	 0.9295	 0.0344
 0.9050	 0.9128	 0.0321
 0.9100	 0.9253	 0.0315
 0.9150	 0.9150	 0.0304
 0.9200	 0.9182	 0.0296
 0.9250	 0.9323	 0.0291
 0.9300	 0.9198	 0.0346
 0.9350	 0.9319	 0.0364
 0.9400	 0.9047	 0.0331
 0.9450	 0.9236	 0.0343
 0.9500	 0.9098	 0.0317
 0.9550	 0.9303	 0.0296
 0.9600	 0.8909	 0.0266
 0.9650	 0.9237	 0.0257
 0.9700	 0.9148	 0.0261
 0.9750	 0.9141	 0.0247
 0.9800	 0.9118	 0.0256
 0.9850	 0.9384	 0.0246
 0.9900	 0.9401	 0.0258
 0.9950	 0.9084	 0.0278
 1.0000	 0.9128	 0.0264
 1.0050	 0.9384	 0.0247
 1.0100	 0.9144	 0.0247
 1.0150	 0.9310	 0.0261
 1.0200	 0.9459	 0.0266
 1.0250	 0.9400	 0.0244
 1.0300	 0.9490	 0.0259
 1.0350	 0.9645	 0.0246
 1.0400	 0.9381	 0.0257
 1.0450	 0.9246	 0.0235
 1.0500	 0.9290	 0.0211
 1.0550	 0.9501	 0.0193
 1.0600	 0.9393	 0.0186
 1.0650	 0.9582	 0.0186
 1.0700	 0.9523	 0.0234
 1.0750	 0.9310	 0.0241
 1.0800	 0.9531	 0.0229
 1.0850	 0.9601	 0.0261
 1.0900	 0.9500	 0.0232
 1.1000	 0.9420	 0.0241
 1.1050	 0.9695	 0.0212
 1.1100	 0.9642	 0.0195
 1.1150	 0.9676	 0.0195
 1.1200	 0.9706	 0.0192
 1.1250	 0.9811	 0.0199
 1.1300	 0.9685	 0.0258
 1.1350	 0.9547	 0.0274
 1.1400	 0.9920	 0.0215
 1.1450	 0.9954	 0.0307
 1.1500	 0.9778	 0.0218
 1.1550	 0.9936	 0.0257
 1.1600	 1.0072	 0.0251
 1.1650	 1.0011	 0.0224
 1.1700	 1.0184	 0.0195
 1.1750	 0.9868	 0.0172
 1.1800	 1.0021	 0.0165
 1.1850	 1.0025	 0.0152
 1.1900	 1.0030	 0.0148
 1.1950	 1.0026	 0.0175
 1.2000	 0.9875	 0.0253
 1.2050	 0.9940	 0.0212
 1.2100	 1.0000	 0.0230
 1.2150	 1.0026	 0.0243
 1.2200	 1.0057	 0.0209
 1.2250	 0.9970	 0.0246
 1.2300	 1.0138	 0.0235
 1.2350	 1.0135	 0.0214
 1.2400	 1.0250	 0.0190
 1.2450	 1.0306	 0.0172
 1.2500	 1.0096	 0.0172
 1.2550	 1.0056	 0.0178
 1.2600	 1.0213	 0.0233
 1.2650	 1.0631	 0.0322
 1.2700	 1.0097	 0.0398
 1.2750	 1.0155	 0.0398
 1.2800	 1.0280	 0.0344
 1.2850	 1.0279	 0.0241
 1.2900	 1.0345	 0.0283
 1.2950	 1.0702	 0.0218
 1.3000	 1.0854	 0.0235
 1.3050	 1.0168	 0.0254
 1.3100	 1.0289	 0.0245
 1.3150	 1.0450	 0.0218
 1.3200	 1.0372	 0.0198
 1.3250	 1.0271	 0.0180
 1.3300	 1.0295	 0.0161
 1.3350	 1.0482	 0.0146
 1.3400	 1.0456	 0.0151
 1.3450	 1.0547	 0.0154
 1.3500	 1.0491	 0.0193
 1.3550	 1.0295	 0.0258
 1.3600	 1.0234	 0.0352
 1.3650	 1.1068	 0.0457
 1.3750	 1.0338	 0.0271
 1.3800	 1.0578	 0.0395
 1.3850	 1.0758	 0.0366
 1.3900	 1.0764	 0.0301
 1.3950	 1.1006	 0.0356
 1.4000	 1.1363	 0.0424
 1.4050	 1.0991	 0.0407
 1.4100	 1.1143	 0.0403
 1.4150	 1.0820	 0.0397
 1.4200	 1.0617	 0.0290
 1.4250	 1.1362	 0.0213
 1.4300	 1.0839	 0.0271
 1.4350	 1.0908	 0.0294
 1.4400	 1.0739	 0.0204
 1.4450	 1.1193	 0.0230
 1.4500	 1.0815	 0.0320
 1.4550	 1.1210	 0.0322
 1.4600	 1.1241	 0.0306
 1.4650	 1.1799	 0.0292
 1.4700	 1.1708	 0.0285
 1.4750	 1.1823	 0.0292
 1.4800	 1.1559	 0.0325
 1.4850	 1.1867	 0.0332
 1.4900	 1.1213	 0.0281
 1.4950	 1.1247	 0.0186
 1.5000	 1.1419	 0.0316
 1.5050	 1.1278	 0.0427
 1.5100	 1.1235	 0.0293
 1.5150	 1.1769	 0.0211
 1.5200	 1.1550	 0.0306
 1.5250	 1.1325	 0.0345
 1.5300	 1.1388	 0.0348
 1.5350	 1.1145	 0.0330
 1.5400	 1.1330	 0.0305
 1.5450	 1.1369	 0.0282
 1.5500	 1.1567	 0.0276
 1.5550	 1.2131	 0.0308
 1.5600	 1.2042	 0.0323
 1.5650	 1.1555	 0.0316
 1.5700	 1.1323	 0.0251
 1.5750	 1.1865	 0.0246
 1.5800	 1.2024	 0.0429
 1.5850	 1.1578	 0.0444
 1.5900	 1.1494	 0.0270
 1.5950	 1.1712	 0.0237
 1.6000	 1.2087	 0.0344
 1.6050	 1.1846	 0.0382
 1.6100	 1.1189	 0.0383
 1.6150	 1.1507	 0.0360
 1.6200	 1.1538	 0.0333
 1.6250	 1.1163	 0.0311
 1.6300	 1.1516	 0.0278
 1.6350	 1.1611	 0.0305
 1.6400	 1.1448	 0.0317
 1.6450	 1.1832	 0.0340
 1.6500	 1.1748	 0.0316
 1.6550	 1.1485	 0.0233
 1.6600	 1.1664	 0.0194
 1.6650	 1.1558	 0.0372
 1.6700	 1.1284	 0.0455
 1.6750	 1.1140	 0.0306
 1.6800	 1.1438	 0.0205
 1.6850	 1.1800	 0.0305
 1.6900	 1.2055	 0.0358
 1.6950	 1.2241	 0.0378
 1.7000	 1.2213	 0.0362
 1.7050	 1.1796	 0.0348
 1.7100	 1.2263	 0.0331
 1.7150	 1.1894	 0.0302
 1.7200	 1.1830	 0.0287
 1.7250	 1.1670	 0.0300
 1.7300	 1.1909	 0.0305
 1.7350	 1.1743	 0.0351
 1.7400	 1.1966	 0.0350
 1.7450	 1.1409	 0.0302
 1.7500	 1.1531	 0.0227
 1.7550	 1.1954	 0.0223
 1.7600	 1.1857	 0.0403
 1.7650	 1.1774	 0.0441
 1.7700	 1.1919	 0.0297
 1.7750	 1.1561	 0.0226
 1.7800	 1.1939	 0.0331
 1.7850	 1.1136	 0.0363
 1.7900	 1.1178	 0.0380
 1.7950	 1.1969	 0.0445
 1.8000	 1.1570	 0.0485
 1.8050	 1.1555	 0.0481
 1.8100	 1.1660	 0.0482
 1.8150	 1.1423	 0.0423
 1.8200	 1.1957	 0.0488
 1.8250	 1.1579	 0.0485
 1.8300	 1.1649	 0.0481
 1.8350	 1.1143	 0.0662
 1.8400	 1.1439	 0.0745
 1.8450	 1.1544	 0.0762
 1.8500	 1.1497	 0.0619
 1.8550	 1.1848	 0.0473
 1.8600	 1.1567	 0.0677
 1.8650	 1.1578	 0.1128
 1.8700	 1.1834	 0.0708
 1.8750	 1.1243	 0.0406
 1.8800	 1.1510	 0.0380
 1.8850	 1.1596	 0.0408
 1.8900	 1.0993	 0.0501
 1.8950	 1.1601	 0.0564
 1.9000	 1.1293	 0.0487
 1.9050	 1.1792	 0.0524
 1.9100	 1.1627	 0.0627
 1.9150	 1.1469	 0.0579
 1.9200	 1.1546	 0.0443
 1.9250	 1.1460	 0.0375
 1.9300	 1.1909	 0.0319
 1.9350	 1.1494	 0.0383
 1.9400	 1.2042	 0.0484
 1.9450	 1.1871	 0.0506
 1.9500	 1.2319	 0.0482
 1.9550	 1.2216	 0.0467
 1.9600	 1.2176	 0.0408
 1.9650	 1.1838	 0.0315
 1.9700	 1.1445	 0.0253
 1.9750	 1.1628	 0.0351
 1.9800	 1.1456	 0.0693
 1.9850	 1.1835	 0.0968
 1.9900	 1.1852	 0.0632
 1.9950	 1.1275	 0.0494
 2.0000	 1.2061	 0.0479
 2.0050	 1.1755	 0.0467
 2.0100	 1.2125	 0.0450
 2.0150	 1.2303	 0.0470
 2.0200	 1.1940	 0.0462
 2.0250	 1.1827	 0.0469
 2.0300	 1.1921	 0.0539
 2.0350	 1.1922	 0.0467
 2.0400	 1.1926	 0.0392
 2.0450	 1.2192	 0.0417
 2.0500	 1.1989	 0.0366
 2.0550	 1.1926	 0.0330
 2.0600	 1.1733	 0.0353
 2.0650	 1.2173	 0.0316
 2.0700	 1.2262	 0.0296
 2.0750	 1.1694	 0.0366
 2.0800	 1.1542	 0.0405
 2.0850	 1.1604	 0.0408
 2.0900	 1.1919	 0.0410
 2.0950	 1.1388	 0.0392
 2.1000	 1.1548	 0.0345
 2.1050	 1.1918	 0.0311
 2.1100	 1.1457	 0.0339
 2.1150	 1.1848	 0.0483
 2.1200	 1.1945	 0.0525
 2.1250	 1.1956	 0.0447
 2.1300	 1.1976	 0.0369
 2.1350	 1.2543	 0.0380
 2.1400	 1.2129	 0.0436
 2.1450	 1.2077	 0.0484
 2.1500	 1.1746	 0.0488
 2.1550	 1.1933	 0.0481
 2.1600	 1.2427	 0.0524
 2.1650	 1.2084	 0.0538
 2.1700	 1.2262	 0.0505
 2.1750	 1.2143	 0.0540
 2.1800	 1.2172	 0.0527
 2.1850	 1.2222	 0.0499
 2.1900	 1.1975	 0.0486
 2.1950	 1.1922	 0.0546
 2.2000	 1.2134	 0.0552
 2.2050	 1.1819	 0.0530
 2.2100	 1.2098	 0.0498
 2.2150	 1.2102	 0.0529
 2.2200	 1.2344	 0.0555
 2.2300	 1.2237	 0.0555
 2.4500	 1.2237	 0.0555
