 0.8000	 1.0697	 0.0394
 0.8050	 1.0517	 0.0398
 0.8100	 1.0434	 0.0423
 0.8150	 1.0276	 0.0376
 0.8200	 1.0129	 0.0397
 0.8250	 1.0067	 0.0392
 0.8300	 1.0362	 0.0386
 0.8350	 1.0057	 0.0363
 0.8400	 0.9704	 0.0364
 0.8450	 1.0071	 0.0365
 0.8500	 1.0203	 0.0366
 0.8550	 0.9961	 0.0371
 0.8600	 0.9854	 0.0331
 0.8650	 0.9840	 0.0326
 0.8700	 0.9796	 0.0351
 0.8750	 0.9492	 0.0304
 0.8800	 0.9636	 0.0348
 0.8850	 0.9380	 0.0387
 0.8900	 0.9136	 0.0318
 0.8950	 0.9228	 0.0315
 0.9000	 0.9169	 0.0314
 0.9050	 0.9572	 0.0307
 0.9100	 0.9876	 0.0327
 0.9150	 0.9454	 0.0321
 0.9200	 0.9302	 0.0305
 0.9250	 0.9390	 0.0342
 0.9300	 0.8926	 0.0318
 0.9350	 0.8703	 0.0294
 0.9400	 0.9195	 0.0372
 0.9450	 0.9198	 0.0353
 0.9500	 0.8893	 0.0318
 0.9550	 0.9168	 0.0328
 0.9600	 0.9558	 0.0306
 0.9650	 0.9765	 0.0300
 0.9700	 0.9539	 0.0285
 0.9750	 0.9431	 0.0274
 0.9800	 0.9325	 0.0281
 0.9850	 0.9274	 0.0291
 0.9900	 0.9608	 0.0288
 0.9950	 0.9667	 0.0306
 1.0000	 0.9956	 0.0293
 1.0050	 0.9736	 0.0287
 1.0100	 0.9471	 0.0285
 1.0150	 0.9627	 0.0279
 1.0200	 0.9867	 0.0284
 1.0250	 0.9860	 0.0264
 1.0300	 1.0071	 0.0288
 1.0350	 1.0101	 0.0279
 1.0400	 0.9712	 0.0279
 1.0450	 0.9766	 0.0266
 1.0500	 1.0431	 0.0260
 1.0550	 1.0395	 0.0279
 1.0600	 0.9936	 0.0278
 1.0650	 0.9868	 0.0256
 1.0700	 0.9800	 0.0251
 1.0750	 1.0294	 0.0256
 1.0800	 1.0509	 0.0270
 1.0850	 1.0187	 0.0256
 1.0900	 1.0101	 0.0284
 1.0950	 1.0160	 0.0269
 1.1000	 1.0253	 0.0260
 1.1050	 1.0279	 0.0277
 1.1100	 1.0250	 0.0274
 1.1150	 1.0352	 0.0298
 1.1200	 0.9957	 0.0285
 1.1250	 1.0066	 0.0311
 1.1300	 1.0206	 0.0299
 1.1350	 1.0274	 0.0299
 1.1400	 1.0288	 0.0288
 1.1450	 1.0074	 0.0274
 1.1500	 1.0044	 0.0269
 1.1550	 1.0529	 0.0262
 1.1600	 1.0650	 0.0286
 1.1650	 1.0596	 0.0266
 1.1700	 1.0612	 0.0250
 1.1750	 1.1025	 0.0249
 1.1800	 1.1203	 0.0275
 1.1850	 1.0564	 0.0277
 1.1900	 1.0609	 0.0251
 1.1950	 1.1055	 0.0250
 1.2000	 1.0859	 0.0237
 1.2050	 1.0815	 0.0242
 1.2100	 1.1056	 0.0237
 1.2150	 1.1170	 0.0259
 1.2200	 1.1447	 0.0345
 1.2250	 1.1538	 0.0292
 1.2300	 1.1089	 0.0266
 1.2350	 1.1028	 0.0247
 1.2400	 1.1322	 0.0253
 1.2450	 1.1282	 0.0245
 1.2500	 1.1137	 0.0257
 1.2550	 1.1112	 0.0254
 1.2600	 1.0924	 0.0248
 1.2650	 1.0834	 0.0241
 1.2700	 1.0963	 0.0242
 1.2750	 1.0983	 0.0241
 1.2800	 1.1006	 0.0252
 1.2850	 1.0783	 0.0256
 1.2900	 1.1023	 0.0244
 1.2950	 1.1526	 0.0258
 1.3000	 1.1291	 0.0258
 1.3050	 1.1023	 0.0268
 1.3100	 1.1242	 0.0270
 1.3150	 1.1435	 0.0264
 1.3200	 1.1604	 0.0282
 1.3250	 1.1451	 0.0264
 1.3300	 1.1593	 0.0287
 1.3350	 1.1415	 0.0327
 1.3400	 1.1153	 0.0399
 1.3450	 1.1128	 0.0497
 1.3650	 1.1551	 0.0930
 1.3750	 1.1249	 0.0838
 1.3800	 1.0966	 0.0703
 1.3850	 1.0889	 0.0641
 1.3950	 1.1376	 0.0565
 1.4050	 1.2434	 0.0677
 1.4100	 1.1750	 0.0485
 1.4150	 1.2010	 0.0458
 1.4200	 1.1337	 0.0411
 1.4250	 1.1368	 0.0390
 1.4300	 1.2236	 0.0382
 1.4350	 1.2259	 0.0413
 1.4400	 1.1713	 0.0382
 1.4450	 1.1825	 0.0361
 1.4500	 1.1504	 0.0345
 1.4550	 1.1295	 0.0366
 1.4600	 1.1820	 0.0338
 1.4650	 1.2836	 0.0314
 1.4750	 1.2770	 0.0347
 1.4800	 1.2749	 0.0378
 1.4850	 1.2501	 0.0339
 1.4900	 1.2204	 0.0321
 1.4950	 1.2266	 0.0334
 1.5100	 1.2552	 0.0303
 1.5150	 1.2115	 0.0303
 1.5200	 1.1563	 0.0281
 1.5250	 1.1617	 0.0308
 1.5300	 1.2325	 0.0311
 1.5450	 1.1608	 0.0286
 1.5500	 1.1779	 0.0305
 1.5550	 1.2419	 0.0327
 1.5600	 1.2450	 0.0312
 1.5650	 1.2382	 0.0324
 1.5700	 1.1883	 0.0335
 1.5750	 1.1585	 0.0306
 1.5800	 1.1938	 0.0305
 1.5850	 1.1776	 0.0329
 1.5900	 1.1333	 0.0299
 1.5950	 1.1361	 0.0298
 1.6000	 1.1700	 0.0320
 1.6050	 1.1508	 0.0313
 1.6100	 1.1693	 0.0303
 1.6150	 1.2253	 0.0324
 1.6200	 1.2149	 0.0343
 1.6250	 1.1709	 0.0303
 1.6300	 1.1468	 0.0312
 1.6350	 1.1388	 0.0308
 1.6400	 1.1542	 0.0320
 1.6450	 1.1694	 0.0323
 1.6500	 1.1585	 0.0328
 1.6550	 1.1131	 0.0305
 1.6600	 1.1158	 0.0305
 1.6650	 1.1334	 0.0321
 1.6700	 1.1149	 0.0322
 1.6750	 1.0886	 0.0319
 1.6800	 1.0902	 0.0307
 1.6850	 1.1162	 0.0298
 1.6900	 1.1713	 0.0324
 1.6950	 1.1862	 0.0331
 1.7000	 1.1654	 0.0326
 1.7050	 1.1507	 0.0321
 1.7100	 1.1186	 0.0311
 1.7150	 1.1488	 0.0314
 1.7200	 1.1629	 0.0336
 1.7250	 1.1436	 0.0338
 1.7300	 1.1344	 0.0362
 1.7350	 1.0785	 0.0350
 1.7400	 1.0828	 0.0329
 1.7450	 1.1312	 0.0372
 1.7500	 1.1401	 0.0343
 1.7550	 1.1467	 0.0366
 1.7600	 1.1143	 0.0366
 1.7650	 1.0669	 0.0349
 1.7700	 1.0439	 0.0371
 1.7750	 1.1255	 0.0412
 1.7800	 1.1440	 0.0416
 1.7850	 1.0847	 0.0398
 1.7900	 1.0440	 0.0357
 1.7950	 1.0293	 0.0401
 1.8000	 1.1795	 0.0509
 1.8050	 1.0784	 0.0620
 1.8100	 1.1130	 0.0446
 1.8150	 0.9620	 0.0561
 1.8200	 1.1018	 0.0708
 1.8250	 1.1367	 0.0854
 1.8300	 1.1448	 0.0959
 1.8400	 0.9542	 0.1170
 1.8450	 0.9159	 0.1405
 1.8500	 0.9944	 0.1649
 1.8550	 1.1663	 0.1880
 1.8600	 1.0055	 0.1437
 1.8650	 0.9318	 0.1338
 1.8750	 1.1075	 0.2036
 1.9000	 0.8791	 0.1354
 1.9050	 0.9199	 0.1293
 1.9100	 0.8718	 0.1177
 1.9200	 1.0511	 0.0881
 1.9250	 0.9853	 0.0776
 1.9300	 0.8936	 0.0690
 1.9350	 1.0586	 0.0653
 1.9450	 1.0356	 0.0559
 1.9500	 1.0373	 0.0557
 1.9550	 0.9674	 0.0545
 1.9600	 0.8501	 0.0444
 1.9650	 0.8889	 0.0493
 1.9700	 0.8903	 0.0431
 1.9750	 0.8988	 0.0411
 1.9800	 0.9332	 0.0380
 1.9850	 0.9592	 0.0390
 1.9900	 1.0195	 0.0407
 1.9950	 1.0855	 0.0584
 2.0000	 1.1037	 0.0712
 2.0050	 1.0728	 0.0734
 2.0100	 0.9719	 0.0492
 2.0150	 0.8381	 0.0483
 2.0200	 0.8861	 0.0473
 2.0250	 0.9565	 0.0457
 2.0300	 1.0351	 0.0422
 2.0350	 0.9299	 0.0380
 2.0400	 0.8708	 0.0371
 2.0450	 0.8791	 0.0395
 2.0500	 0.9832	 0.0455
 2.0550	 1.0917	 0.0518
 2.0600	 1.0873	 0.0469
 2.0650	 0.9609	 0.0455
 2.0700	 0.9417	 0.0454
 2.0750	 1.0279	 0.0436
 2.0800	 1.0982	 0.0475
 2.0850	 1.1206	 0.0449
 2.0950	 1.1071	 0.0432
 2.1000	 1.0397	 0.0437
 2.1050	 1.0890	 0.0483
 2.1100	 1.0758	 0.0430
 2.1150	 1.0444	 0.0443
 2.1200	 0.9963	 0.0424
 2.1250	 1.0684	 0.0465
 2.1300	 1.0568	 0.0448
 2.1350	 1.0353	 0.0452
 2.1400	 1.0690	 0.0458
 2.1450	 1.0619	 0.0454
 2.1500	 0.9962	 0.0425
 2.1550	 1.0420	 0.0471
 2.1600	 1.1298	 0.0494
 2.1650	 1.1150	 0.0530
 2.1700	 1.1471	 0.0486
 2.1750	 1.1064	 0.0477
 2.1800	 1.0867	 0.0479
 2.1850	 1.0142	 0.0440
 2.1900	 1.0992	 0.0564
 2.1950	 1.1761	 0.0585
 2.2000	 1.1009	 0.0525
 2.2050	 1.1914	 0.0600
 2.2100	 1.1925	 0.0537
 2.2150	 1.0901	 0.0492
 2.2200	 1.0796	 0.0521
 2.2250	 1.1463	 0.0517
 2.2300	 1.2125	 0.0547
 2.2400	 1.1786	 0.0533
 2.2450	 1.1459	 0.0557
 2.2500	 1.1871	 0.0553
 2.2550	 1.1721	 0.0560
 2.2600	 1.1233	 0.0542
 2.2650	 1.1544	 0.0557
 2.2700	 1.1231	 0.0556
 2.2750	 1.1044	 0.0587
 2.2800	 1.1497	 0.0604
 2.2850	 1.1090	 0.0562
 2.2900	 1.0844	 0.0551
 2.2950	 1.1166	 0.0640
 2.3000	 1.0758	 0.0571
 2.3050	 1.0587	 0.0574
 2.3100	 1.1314	 0.0589
 2.3150	 1.1830	 0.0692
 2.3200	 1.0997	 0.0505
 2.3250	 1.0989	 0.0561
 2.3300	 1.1036	 0.0560
 2.3350	 1.0652	 0.0672
 2.3800	 1.1088	 0.0595
 2.3850	 1.1300	 0.0589
 2.3950	 1.1603	 0.0696
 2.4050	 1.1563	 0.0664
 2.4200	 1.1516	 0.0754
 2.4250	 1.1321	 0.0528
 2.4350	 1.1728	 0.0871
 2.4450	 1.1423	 0.0665
 2.4500	 1.1500	 0.2000
