 0.8200	 0.8141	 0.0689
 0.8250	 0.8611	 0.0746
 0.8300	 0.9040	 0.0703
 0.8350	 0.8949	 0.0696
 0.8400	 0.8608	 0.0673
 0.8450	 0.8443	 0.0707
 0.8500	 0.8822	 0.0610
 0.8550	 0.9109	 0.0693
 0.8600	 0.8997	 0.0656
 0.8650	 0.8962	 0.0599
 0.8700	 0.8447	 0.0600
 0.8750	 0.8621	 0.0658
 0.8800	 0.9408	 0.0629
 0.8850	 0.9305	 0.0628
 0.8900	 0.9023	 0.0601
 0.8950	 0.9034	 0.0615
 0.9000	 0.9238	 0.0660
 0.9050	 0.9162	 0.0669
 0.9100	 0.8830	 0.0641
 0.9150	 0.8996	 0.0646
 0.9200	 0.9047	 0.0603
 0.9250	 0.9013	 0.0593
 0.9300	 0.9009	 0.0623
 0.9350	 0.8888	 0.0648
 0.9400	 0.8768	 0.0769
 0.9450	 0.8701	 0.0738
 0.9500	 0.9056	 0.0623
 0.9550	 0.8952	 0.0710
 0.9600	 0.9627	 0.0729
 0.9650	 0.9569	 0.0639
 0.9700	 0.8956	 0.0703
 0.9750	 0.9459	 0.0643
 0.9800	 0.9668	 0.0589
 0.9850	 0.9616	 0.0562
 0.9900	 0.9645	 0.0639
 0.9950	 0.9759	 0.0495
 1.0000	 0.9712	 0.0621
 1.0050	 0.9558	 0.0560
 1.0100	 0.9781	 0.0522
 1.0150	 1.0049	 0.0557
 1.0200	 1.0198	 0.0571
 1.0250	 0.9984	 0.0530
 1.0300	 0.9699	 0.0610
 1.0350	 0.9348	 0.0525
 1.0400	 0.9533	 0.0540
 1.0450	 0.9874	 0.0607
 1.0500	 0.9576	 0.0569
 1.0550	 0.9513	 0.0516
 1.0600	 0.9660	 0.0501
 1.0650	 0.9629	 0.0557
 1.0700	 0.9698	 0.0534
 1.0750	 0.9861	 0.0458
 1.0800	 0.9569	 0.0491
 1.0850	 0.9819	 0.0525
 1.0900	 1.0142	 0.0602
 1.0950	 1.0099	 0.0531
 1.1000	 1.0151	 0.0571
 1.1050	 1.0021	 0.0539
 1.1100	 1.0274	 0.0567
 1.1150	 1.0319	 0.0579
 1.1200	 0.9840	 0.0571
 1.1250	 0.9806	 0.0687
 1.1300	 0.9718	 0.0710
 1.1350	 0.9354	 0.0680
 1.1400	 0.9554	 0.0767
 1.1450	 0.9756	 0.0683
 1.1500	 0.9497	 0.0588
 1.1550	 1.0017	 0.0663
 1.1600	 1.0279	 0.0675
 1.1650	 0.9612	 0.0534
 1.1700	 0.9689	 0.0476
 1.1750	 0.9973	 0.0476
 1.1800	 0.9804	 0.0512
 1.1850	 0.9964	 0.0554
 1.1900	 1.0239	 0.0533
 1.1950	 0.9780	 0.0547
 1.2000	 0.9385	 0.0540
 1.2050	 0.9774	 0.0521
 1.2100	 1.0132	 0.0513
 1.2150	 1.0004	 0.0452
 1.2200	 0.9864	 0.0509
 1.2250	 0.9735	 0.0488
 1.2300	 1.0160	 0.0569
 1.2350	 1.0388	 0.0556
 1.2400	 1.0080	 0.0448
 1.2450	 1.0091	 0.0428
 1.2500	 1.0234	 0.0547
 1.2550	 1.0399	 0.0559
 1.2600	 0.9945	 0.0504
 1.2650	 0.9618	 0.0511
 1.2700	 1.0510	 0.0581
 1.2800	 1.0465	 0.0497
 1.2850	 1.0118	 0.0496
 1.2900	 1.0133	 0.0495
 1.2950	 0.9995	 0.0464
 1.3000	 0.9837	 0.0482
 1.3050	 1.0294	 0.0575
 1.3100	 1.0527	 0.0521
 1.3150	 1.0295	 0.0466
 1.3200	 1.0255	 0.0541
 1.3250	 1.0415	 0.0506
 1.3300	 1.0396	 0.0551
 1.3350	 1.0166	 0.0705
 1.3400	 0.9955	 0.0635
 1.3450	 0.9705	 0.0638
 1.3500	 1.0034	 0.0746
 1.3550	 1.0344	 0.0984
 1.3600	 1.0554	 0.0988
 1.3650	 0.9639	 0.2031
 1.3700	 1.0653	 0.2635
 1.3750	 1.0043	 0.2164
 1.3850	 1.0773	 0.1933
 1.3900	 0.9433	 0.1702
 1.4000	 0.9728	 0.1454
 1.4050	 0.9578	 0.1384
 1.4100	 0.9898	 0.1103
 1.4150	 1.0574	 0.1304
 1.4200	 1.1097	 0.0853
 1.4250	 0.9924	 0.0820
 1.4300	 1.0116	 0.0833
 1.4350	 1.0387	 0.0774
 1.4400	 0.9897	 0.0723
 1.4450	 1.0211	 0.0663
 1.4500	 1.0402	 0.0689
 1.4550	 1.0108	 0.0665
 1.4600	 0.9365	 0.0678
 1.4650	 0.9069	 0.0693
 1.4700	 0.9238	 0.0647
 1.4750	 1.0210	 0.0759
 1.4800	 0.9569	 0.0804
 1.4850	 0.8993	 0.0638
 1.4900	 0.9652	 0.0613
 1.4950	 0.9845	 0.0643
 1.5000	 0.9593	 0.0510
 1.5050	 0.9628	 0.0518
 1.5100	 1.0053	 0.0495
 1.5150	 0.9421	 0.0536
 1.5200	 0.9664	 0.0525
 1.5250	 1.0757	 0.0563
 1.5300	 1.1411	 0.0567
 1.5350	 1.1080	 0.0564
 1.5400	 1.0068	 0.0584
 1.5450	 0.9390	 0.0502
 1.5500	 0.9738	 0.0546
 1.5550	 1.0745	 0.0606
 1.5600	 1.1313	 0.0592
 1.5650	 1.0717	 0.0585
 1.5700	 1.0855	 0.0634
 1.5750	 1.0640	 0.0573
 1.5800	 0.9977	 0.0523
 1.5850	 1.0504	 0.0547
 1.5900	 1.0502	 0.0597
 1.5950	 0.9420	 0.0508
 1.6000	 0.9186	 0.0541
 1.6050	 0.9864	 0.0500
 1.6100	 0.9758	 0.0513
 1.6150	 0.9459	 0.0554
 1.6200	 0.9818	 0.0535
 1.6250	 0.9753	 0.0504
 1.6300	 0.9997	 0.0543
 1.6350	 1.0280	 0.0544
 1.6400	 1.0420	 0.0652
 1.6450	 0.9913	 0.0541
 1.6500	 0.9648	 0.0595
 1.6550	 0.9601	 0.0623
 1.6600	 0.9240	 0.0544
 1.6650	 0.9607	 0.0555
 1.6700	 0.9298	 0.0546
 1.6750	 0.9399	 0.0577
 1.6800	 0.9904	 0.0544
 1.6850	 0.9930	 0.0582
 1.6900	 1.0650	 0.0577
 1.6950	 0.9305	 0.0646
 1.7000	 0.8830	 0.0584
 1.7050	 1.0503	 0.0656
 1.7100	 1.0795	 0.0655
 1.7150	 0.9900	 0.0570
 1.7200	 0.9648	 0.0649
 1.7250	 1.0352	 0.0690
 1.7300	 1.0008	 0.0580
 1.7350	 1.0137	 0.0625
 1.7400	 1.0657	 0.0643
 1.7450	 1.0235	 0.0641
 1.7500	 1.0064	 0.0727
 1.7600	 1.0831	 0.0595
 1.7650	 1.0447	 0.0674
 1.7700	 1.0554	 0.0754
 1.7750	 1.0298	 0.0744
 1.7800	 1.0339	 0.0783
 1.7850	 1.0611	 0.0875
 1.7900	 1.0465	 0.0945
 1.8550	 1.1903	 0.2504
 1.8600	 1.1757	 0.2531
 1.8650	 1.1555	 0.2633
 1.8750	 1.0460	 0.2513
 1.8800	 0.9701	 0.2399
 1.8950	 0.9907	 0.2354
 1.9050	 1.2384	 0.2406
 1.9200	 1.1733	 0.2796
 1.9250	 1.1183	 0.2313
 1.9300	 1.1113	 0.2029
 1.9400	 1.2387	 0.1700
 1.9500	 1.2156	 0.1628
 1.9550	 1.1382	 0.1427
 1.9600	 1.1287	 0.1423
 1.9650	 1.0115	 0.1364
 1.9700	 0.9489	 0.1030
 1.9750	 0.9820	 0.0953
 1.9800	 1.0554	 0.0935
 1.9850	 1.0561	 0.1071
 1.9900	 1.0273	 0.0961
 1.9950	 1.1151	 0.1062
 2.0000	 1.2404	 0.1347
 2.0050	 1.2140	 0.1368
 2.0100	 1.1450	 0.1638
 2.0150	 1.0518	 0.1244
 2.0200	 1.2326	 0.1327
 2.0350	 1.2200	 0.1039
 2.0400	 1.1412	 0.1045
 2.0450	 1.1214	 0.0977
 2.0500	 1.1305	 0.1044
 2.0550	 1.1857	 0.1155
 2.0600	 1.1676	 0.1088
 2.0650	 1.1531	 0.1062
 2.0700	 1.2266	 0.1132
 2.0750	 1.1886	 0.1099
 2.0800	 1.1483	 0.1116
 2.0850	 1.1549	 0.1040
 2.0900	 1.2072	 0.1088
 2.0950	 1.2695	 0.1125
 2.1000	 1.2526	 0.0944
 2.1050	 1.1967	 0.1082
 2.1100	 1.1759	 0.0948
 2.1150	 1.1849	 0.1023
 2.1200	 1.1765	 0.0960
 2.1250	 1.0539	 0.1036
 2.1300	 1.0734	 0.1036
 2.1350	 1.0976	 0.1158
 2.1400	 1.1126	 0.1170
 2.1450	 0.9933	 0.1024
 2.1500	 0.9784	 0.1025
 2.1550	 1.1297	 0.1087
 2.1600	 1.1346	 0.1084
 2.1650	 1.1199	 0.1008
 2.1700	 1.0978	 0.1074
 2.1750	 1.0137	 0.1131
 2.1800	 1.0929	 0.1061
 2.1850	 1.2667	 0.1189
 2.1900	 1.2514	 0.1114
 2.1950	 1.1051	 0.1166
 2.2000	 0.9893	 0.1024
 2.2050	 0.9785	 0.1131
 2.2100	 1.1346	 0.1054
 2.2150	 1.3047	 0.1316
 2.2200	 1.2234	 0.1107
 2.2250	 1.0906	 0.1155
 2.2300	 0.9857	 0.1124
 2.2350	 1.1500	 0.1389
 2.2400	 1.2323	 0.1176
 2.2450	 1.1572	 0.1130
 2.2500	 1.1484	 0.1177
 2.2550	 1.1838	 0.1199
 2.2600	 1.1451	 0.1177
 2.2650	 1.1525	 0.1189
 2.2700	 1.2183	 0.1262
 2.2750	 1.1947	 0.1133
 2.2800	 1.2205	 0.1425
 2.2850	 1.1212	 0.1162
 2.2900	 1.0466	 0.1260
 2.2950	 1.0065	 0.1313
 2.3000	 1.0970	 0.1162
 2.3050	 1.2150	 0.1204
 2.3100	 1.1137	 0.1307
 2.3150	 1.1091	 0.1410
 2.3200	 1.0824	 0.1159
 2.3250	 1.0607	 0.1272
 2.3300	 1.1701	 0.1317
 2.3350	 1.2189	 0.1336
 2.3400	 1.1570	 0.1248
 2.3450	 1.1880	 0.1484
 2.3500	 1.1120	 0.1442
 2.3550	 1.1857	 0.1427
 2.3600	 1.3249	 0.1644
 2.3700	 1.3326	 0.1806
 2.3750	 1.1699	 0.1484
 2.3800	 1.2265	 0.1795
 2.4500	 1.2000	 0.1000
