 0.8300	 1.1438	 0.0460
 0.8350	 1.0983	 0.0455
 0.8400	 1.1131	 0.0445
 0.8450	 1.1383	 0.0444
 0.8500	 1.0918	 0.0465
 0.8750	 1.0328	 0.0434
 0.8800	 1.0375	 0.0411
 0.8850	 1.0262	 0.0394
 0.8900	 1.0341	 0.0371
 0.8950	 1.0412	 0.0367
 0.9000	 1.0519	 0.0356
 0.9050	 1.0863	 0.0358
 0.9100	 1.0811	 0.0360
 0.9150	 1.0624	 0.0352
 0.9200	 1.1041	 0.0359
 0.9250	 1.0790	 0.0368
 0.9300	 1.0100	 0.0374
 0.9350	 0.9900	 0.0377
 0.9400	 0.9993	 0.0365
 0.9450	 1.0024	 0.0359
 0.9500	 1.0152	 0.0346
 0.9550	 1.0508	 0.0341
 0.9600	 1.0824	 0.0333
 0.9650	 1.0865	 0.0327
 0.9700	 1.0774	 0.0317
 0.9750	 1.0684	 0.0312
 0.9800	 1.0416	 0.0304
 0.9850	 1.0248	 0.0294
 0.9900	 1.0212	 0.0291
 0.9950	 1.0511	 0.0288
 1.0000	 1.0641	 0.0289
 1.0050	 1.0342	 0.0286
 1.0100	 1.0277	 0.0281
 1.0150	 1.0522	 0.0274
 1.0200	 1.0608	 0.0282
 1.0250	 1.0275	 0.0270
 1.0300	 1.0471	 0.0271
 1.0350	 1.0566	 0.0272
 1.0400	 1.0396	 0.0276
 1.0450	 1.0009	 0.0269
 1.0500	 1.0084	 0.0268
 1.0550	 1.0315	 0.0266
 1.0600	 1.0181	 0.0271
 1.0650	 1.0160	 0.0279
 1.0700	 1.0342	 0.0267
 1.0750	 1.0358	 0.0264
 1.0800	 1.0294	 0.0263
 1.0850	 1.0069	 0.0250
 1.0900	 0.9913	 0.0256
 1.0950	 0.9738	 0.0257
 1.1000	 0.9725	 0.0259
 1.1050	 0.9797	 0.0258
 1.1100	 0.9644	 0.0252
 1.1150	 0.9709	 0.0270
 1.1200	 0.9717	 0.0288
 1.1250	 0.9820	 0.0277
 1.1300	 0.9790	 0.0289
 1.1350	 0.9118	 0.0283
 1.1400	 0.9405	 0.0277
 1.1450	 1.0062	 0.0278
 1.1500	 1.0302	 0.0261
 1.1550	 0.9963	 0.0277
 1.1600	 0.9508	 0.0255
 1.1650	 0.9344	 0.0241
 1.1700	 0.9187	 0.0241
 1.1750	 0.9413	 0.0218
 1.1800	 0.9751	 0.0219
 1.1850	 1.0002	 0.0224
 1.1900	 1.0149	 0.0229
 1.1950	 0.9823	 0.0234
 1.2000	 0.9477	 0.0231
 1.2050	 1.0111	 0.0237
 1.2100	 1.0085	 0.0228
 1.2150	 1.0305	 0.0224
 1.2200	 1.0492	 0.0250
 1.2250	 1.0368	 0.0259
 1.2300	 1.0047	 0.0245
 1.2350	 0.9747	 0.0225
 1.2400	 1.0566	 0.0225
 1.2450	 1.0766	 0.0244
 1.2500	 1.0148	 0.0242
 1.2550	 0.9694	 0.0227
 1.2600	 0.9902	 0.0258
 1.2650	 1.0497	 0.0254
 1.2700	 1.0066	 0.0258
 1.2750	 0.9087	 0.0243
 1.2800	 1.0025	 0.0240
 1.2850	 1.0140	 0.0243
 1.2900	 0.9466	 0.0260
 1.2950	 0.9961	 0.0242
 1.3000	 1.0199	 0.0241
 1.3050	 1.0040	 0.0264
 1.3100	 1.0082	 0.0268
 1.3150	 1.0378	 0.0246
 1.3200	 1.0068	 0.0255
 1.3250	 1.0103	 0.0249
 1.3300	 1.0549	 0.0256
 1.3350	 0.9978	 0.0268
 1.3400	 0.9466	 0.0282
 1.3450	 0.9517	 0.0330
 1.3500	 0.9637	 0.0436
 1.3550	 0.9806	 0.0528
 1.3600	 1.0585	 0.0654
 1.3650	 1.0525	 0.0737
 1.3700	 0.9605	 0.0695
 1.3750	 1.0038	 0.0660
 1.3800	 1.0207	 0.0596
 1.3850	 1.0130	 0.0601
 1.3900	 1.0166	 0.0545
 1.3950	 1.0447	 0.0532
 1.4000	 0.9982	 0.0475
 1.4050	 1.0891	 0.0462
 1.4100	 1.1079	 0.0460
 1.4150	 1.0142	 0.0411
 1.4200	 1.0059	 0.0378
 1.4250	 1.0284	 0.0367
 1.4300	 0.9678	 0.0377
 1.4450	 0.9894	 0.0326
 1.4500	 1.0325	 0.0300
 1.4550	 1.0377	 0.0320
 1.4600	 1.0984	 0.0306
 1.4650	 1.0621	 0.0333
 1.4700	 0.9800	 0.0382
 1.4750	 1.0364	 0.0333
 1.4800	 1.0825	 0.0339
 1.4850	 1.0689	 0.0301
 1.4900	 0.9728	 0.0286
 1.4950	 0.9879	 0.0304
 1.5000	 1.0871	 0.0300
 1.5050	 1.0864	 0.0298
 1.5100	 1.1312	 0.0357
 1.5150	 1.1159	 0.0324
 1.5200	 1.0489	 0.0312
 1.5250	 1.0757	 0.0296
 1.5300	 1.1378	 0.0331
 1.5400	 1.1598	 0.0383
 1.5450	 1.0460	 0.0338
 1.5500	 1.0156	 0.0292
 1.5550	 1.0983	 0.0304
 1.5600	 1.0340	 0.0336
 1.5650	 1.0346	 0.0320
 1.5700	 1.1711	 0.0340
 1.5800	 1.0907	 0.0351
 1.5850	 0.9719	 0.0318
 1.5900	 1.0531	 0.0345
 1.5950	 1.0775	 0.0330
 1.6000	 0.9824	 0.0369
 1.6050	 0.9633	 0.0338
 1.6100	 1.0844	 0.0360
 1.6150	 1.0770	 0.0363
 1.6200	 1.0669	 0.0343
 1.6250	 1.0558	 0.0356
 1.6300	 1.1396	 0.0351
 1.6400	 1.0268	 0.0377
 1.6450	 0.9850	 0.0351
 1.6500	 1.0293	 0.0343
 1.6550	 1.1478	 0.0344
 1.6650	 1.0832	 0.0381
 1.6700	 1.0213	 0.0356
 1.6750	 0.9825	 0.0359
 1.6800	 1.0054	 0.0362
 1.6850	 1.0637	 0.0377
 1.6900	 1.0361	 0.0393
 1.6950	 1.0156	 0.0376
 1.7000	 1.1665	 0.0408
 1.7050	 1.0886	 0.0411
 1.7100	 1.0649	 0.0385
 1.7150	 1.0725	 0.0392
 1.7200	 1.1523	 0.0447
 1.7250	 1.0836	 0.0539
 1.7350	 1.1537	 0.0472
 1.7400	 1.1648	 0.0472
 1.7450	 1.0494	 0.0453
 1.7500	 1.0086	 0.0411
 1.7550	 1.0034	 0.0406
 1.7600	 1.0673	 0.0448
 1.7650	 1.1070	 0.0432
 1.7700	 0.9946	 0.0430
 1.7800	 0.9799	 0.0471
 1.7850	 1.1254	 0.0440
 1.7950	 1.0702	 0.0593
 1.8000	 1.0043	 0.0519
 1.8050	 1.0896	 0.0625
 1.8100	 1.1038	 0.0660
 1.8150	 1.1773	 0.0745
 1.8200	 1.0674	 0.0846
 1.8250	 1.0454	 0.0876
 1.8300	 1.0888	 0.1144
 1.8350	 1.0070	 0.1331
 1.8400	 1.0885	 0.1485
 1.8500	 1.0492	 0.1916
 1.8750	 1.0398	 0.1697
 1.8800	 1.0834	 0.1589
 1.8850	 0.9828	 0.1279
 1.9200	 1.0045	 0.1146
 1.9350	 1.0055	 0.0862
 1.9400	 1.1191	 0.0967
 1.9550	 1.1367	 0.0868
 1.9700	 1.1104	 0.0857
 1.9750	 1.0575	 0.0749
 1.9800	 1.0602	 0.0701
 1.9950	 1.0198	 0.0696
 2.0150	 1.0677	 0.1205
 2.0250	 1.0215	 0.0842
 2.0300	 1.0938	 0.0735
 2.0350	 1.1242	 0.0670
 2.0400	 1.1195	 0.0707
 2.0450	 1.0829	 0.0708
 2.0500	 1.0765	 0.0810
 2.0550	 1.0575	 0.0739
 2.0750	 1.0471	 0.0716
 2.0800	 1.1527	 0.0778
 2.0850	 1.1446	 0.0695
 2.0900	 1.1172	 0.0694
 2.0950	 1.1903	 0.0756
 2.1000	 1.2036	 0.0708
 2.1050	 1.1020	 0.0699
 2.1100	 1.1332	 0.0672
 2.1150	 1.1395	 0.0721
 2.1250	 1.1054	 0.0685
 2.1300	 1.0930	 0.0748
 2.1350	 1.0705	 0.0705
 2.1400	 1.1372	 0.0770
 2.1450	 1.1274	 0.0743
 2.1600	 1.1032	 0.0813
 2.1650	 1.1466	 0.0825
 2.1700	 1.1651	 0.0837
 2.1750	 1.1053	 0.0921
 2.1800	 1.0418	 0.0868
 2.1850	 1.0763	 0.0799
 2.1900	 1.1449	 0.0837
 2.1950	 1.1188	 0.0874
 2.2000	 1.1769	 0.0960
 2.2050	 1.1521	 0.0912
 2.2150	 1.1460	 0.0909
 2.2250	 1.1592	 0.1008
 2.2300	 1.1734	 0.0973
 2.2350	 1.2249	 0.0960
 2.2450	 1.2219	 0.1080
 2.2550	 1.1171	 0.1069
 2.2600	 1.0392	 0.1036
 2.2650	 1.0837	 0.1070
 2.2700	 1.0756	 0.1008
 2.2850	 1.1811	 0.1171
 2.2900	 1.0565	 0.1051
 2.2950	 1.1923	 0.1147
 2.3050	 1.1929	 0.1150
 2.3100	 1.0643	 0.1209
 2.3150	 1.0475	 0.1127
 2.3200	 1.1269	 0.1193
 2.3250	 1.0507	 0.1138
 2.3300	 1.1502	 0.1166
 2.3950	 1.1859	 0.1233
 2.4050	 1.2018	 0.1471
 2.4250	 1.1535	 0.1603
 2.4300	 1.2043	 0.1500
 2.4500	 1.1365	 0.1000
