 0.8150	 0.9132	 0.0145
 0.8200	 0.8959	 0.0141
 0.8250	 0.8732	 0.0134
 0.8300	 0.9133	 0.0133
 0.8350	 0.8816	 0.0128
 0.8400	 0.8875	 0.0121
 0.8450	 0.9257	 0.0120
 0.8500	 0.9188	 0.0117
 0.8550	 0.8820	 0.0115
 0.8600	 0.9233	 0.0107
 0.8650	 0.9193	 0.0114
 0.8700	 0.9161	 0.0111
 0.8750	 0.9029	 0.0101
 0.8800	 0.9126	 0.0104
 0.8850	 0.9169	 0.0103
 0.8900	 0.9151	 0.0100
 0.8950	 0.9400	 0.0099
 0.9000	 0.9271	 0.0101
 0.9050	 0.9531	 0.0095
 0.9100	 0.9452	 0.0093
 0.9150	 0.9270	 0.0090
 0.9200	 0.9199	 0.0086
 0.9250	 0.9219	 0.0084
 0.9300	 0.9666	 0.0088
 0.9350	 0.9359	 0.0125
 0.9400	 0.9640	 0.0117
 0.9450	 0.9430	 0.0109
 0.9500	 0.9621	 0.0106
 0.9550	 0.9512	 0.0096
 0.9600	 0.9231	 0.0089
 0.9650	 0.9413	 0.0080
 0.9700	 0.9573	 0.0076
 0.9750	 0.9482	 0.0073
 0.9800	 0.9188	 0.0073
 0.9850	 0.9286	 0.0067
 0.9900	 0.9395	 0.0070
 0.9950	 0.9409	 0.0076
 1.0000	 0.9561	 0.0073
 1.0050	 0.9395	 0.0074
 1.0100	 0.9577	 0.0070
 1.0150	 0.9439	 0.0070
 1.0200	 0.9617	 0.0074
 1.0250	 0.9281	 0.0068
 1.0300	 0.9570	 0.0073
 1.0350	 0.9474	 0.0064
 1.0400	 0.9558	 0.0069
 1.0450	 0.9463	 0.0067
 1.0500	 0.9421	 0.0062
 1.0550	 0.9537	 0.0057
 1.0600	 0.9546	 0.0054
 1.0650	 0.9601	 0.0052
 1.0700	 0.9543	 0.0056
 1.0750	 0.9733	 0.0068
 1.0800	 0.9609	 0.0059
 1.0850	 0.9575	 0.0072
 1.0900	 0.9720	 0.0062
 1.0950	 0.9719	 0.0069
 1.1000	 0.9642	 0.0071
 1.1050	 0.9692	 0.0064
 1.1100	 0.9956	 0.0058
 1.1150	 1.0048	 0.0056
 1.1200	 1.0111	 0.0065
 1.1250	 0.9924	 0.0068
 1.1300	 1.0007	 0.0079
 1.1350	 0.9617	 0.0094
 1.1400	 0.9783	 0.0075
 1.1450	 1.0372	 0.0080
 1.1500	 0.9659	 0.0086
 1.1550	 0.9950	 0.0074
 1.1600	 0.9904	 0.0075
 1.1650	 0.9917	 0.0068
 1.1700	 0.9889	 0.0059
 1.1750	 0.9993	 0.0053
 1.1800	 0.9964	 0.0049
 1.1850	 0.9915	 0.0046
 1.1900	 0.9879	 0.0045
 1.1950	 1.0006	 0.0044
 1.2000	 1.0000	 0.0059
 1.2050	 1.0022	 0.0071
 1.2100	 1.0075	 0.0055
 1.2150	 0.9911	 0.0071
 1.2200	 1.0000	 0.0059
 1.2250	 0.9860	 0.0061
 1.2300	 1.0385	 0.0066
 1.2350	 1.0314	 0.0062
 1.2400	 1.0085	 0.0056
 1.2450	 1.0079	 0.0051
 1.2500	 1.0162	 0.0047
 1.2550	 1.0284	 0.0047
 1.2600	 1.0235	 0.0050
 1.2650	 1.0309	 0.0062
 1.2700	 1.0501	 0.0085
 1.2750	 1.0379	 0.0097
 1.2800	 1.0046	 0.0098
 1.2850	 0.9867	 0.0084
 1.2900	 1.0486	 0.0063
 1.2950	 1.0494	 0.0075
 1.3000	 1.0120	 0.0059
 1.3050	 0.9992	 0.0065
 1.3100	 1.0091	 0.0072
 1.3150	 1.0497	 0.0067
 1.3200	 1.0386	 0.0059
 1.3250	 1.0199	 0.0057
 1.3300	 1.0371	 0.0054
 1.3350	 1.0424	 0.0047
 1.3400	 1.0400	 0.0045
 1.3450	 1.0738	 0.0048
 1.4200	 1.1140	 0.0171
 1.4250	 1.0940	 0.0127
 1.4300	 1.1295	 0.0086
 1.4350	 1.0835	 0.0090
 1.4400	 1.1104	 0.0101
 1.4450	 1.1184	 0.0083
 1.4500	 1.1024	 0.0063
 1.4550	 1.0912	 0.0094
 1.4600	 1.0741	 0.0098
 1.4650	 1.0948	 0.0081
 1.4700	 1.1029	 0.0079
 1.4750	 1.1236	 0.0082
 1.4800	 1.0811	 0.0085
 1.4850	 1.0968	 0.0092
 1.4900	 1.0794	 0.0096
 1.4950	 1.0854	 0.0087
 1.5000	 1.1021	 0.0062
 1.5050	 1.0901	 0.0057
 1.5100	 1.0991	 0.0101
 1.5150	 1.0850	 0.0097
 1.5200	 1.0969	 0.0056
 1.5250	 1.0980	 0.0063
 1.5300	 1.1388	 0.0081
 1.5350	 1.1054	 0.0085
 1.5400	 1.1299	 0.0082
 1.5450	 1.1176	 0.0079
 1.5500	 1.1286	 0.0073
 1.5550	 1.1167	 0.0067
 1.5600	 1.0898	 0.0071
 1.5650	 1.0906	 0.0077
 1.5700	 1.0868	 0.0079
 1.5750	 1.1043	 0.0070
 1.5800	 1.0998	 0.0055
 1.5850	 1.1346	 0.0081
 1.5900	 1.1294	 0.0108
 1.5950	 1.1081	 0.0089
 1.6000	 1.0844	 0.0056
 1.6050	 1.1106	 0.0071
 1.6100	 1.1655	 0.0089
 1.6150	 1.1714	 0.0096
 1.6200	 1.1670	 0.0091
 1.6250	 1.1026	 0.0085
 1.6300	 1.1145	 0.0081
 1.6350	 1.1234	 0.0073
 1.6400	 1.1132	 0.0072
 1.6450	 1.1303	 0.0078
 1.6500	 1.1279	 0.0082
 1.6550	 1.1046	 0.0085
 1.6600	 1.1115	 0.0072
 1.6650	 1.1228	 0.0052
 1.6700	 1.1222	 0.0066
 1.6750	 1.1448	 0.0104
 1.6800	 1.1287	 0.0100
 1.6850	 1.1226	 0.0061
 1.6900	 1.1474	 0.0061
 1.6950	 1.1478	 0.0085
 1.7000	 1.1233	 0.0092
 1.7050	 1.1526	 0.0092
 1.7100	 1.1414	 0.0089
 1.7150	 1.1772	 0.0086
 1.7200	 1.1486	 0.0083
 1.7250	 1.1296	 0.0076
 1.7300	 1.1201	 0.0077
 1.7350	 1.1834	 0.0079
 1.7400	 1.1202	 0.0083
 1.7450	 1.1526	 0.0093
 1.7500	 1.1472	 0.0092
 1.7550	 1.1183	 0.0081
 1.7600	 1.1363	 0.0060
 1.7650	 1.1564	 0.0069
 1.7700	 1.1826	 0.0110
 1.7750	 1.1640	 0.0115
 1.7800	 1.1427	 0.0077
 1.7850	 1.1392	 0.0062
 1.7900	 1.1717	 0.0092
 1.7950	 1.1715	 0.0107
 1.8000	 1.0984	 0.0112
 1.8050	 1.1250	 0.0137
 1.8100	 1.1261	 0.0168
 1.8150	 1.1359	 0.0164
 1.8200	 1.1589	 0.0179
 1.8250	 1.1609	 0.0180
 1.9500	 1.2206	 0.0161
 1.9550	 1.1535	 0.0167
 1.9600	 1.1673	 0.0195
 1.9650	 1.2890	 0.0203
 1.9700	 1.2496	 0.0179
 1.9750	 1.2056	 0.0159
 1.9800	 1.1959	 0.0143
 1.9850	 1.1655	 0.0120
 1.9900	 1.1391	 0.0093
 1.9950	 1.1636	 0.0080
 2.0000	 1.2153	 0.0099
 2.0050	 1.2126	 0.0172
 2.0100	 1.1046	 0.0276
 2.0150	 1.3336	 0.0258
 2.0200	 1.2339	 0.0195
 2.0250	 1.2759	 0.0169
 2.0300	 1.3251	 0.0155
 2.0350	 1.2355	 0.0138
 2.0400	 1.0424	 0.0128
 2.0450	 1.1712	 0.0128
 2.0500	 1.1508	 0.0125
 2.0550	 1.1607	 0.0125
 2.0600	 1.2306	 0.0150
 2.0650	 1.1841	 0.0157
 2.0700	 1.1993	 0.0130
 2.0750	 1.2607	 0.0124
 2.0800	 1.1930	 0.0126
 2.0850	 1.1736	 0.0112
 2.0900	 1.1671	 0.0098
 2.0950	 1.1588	 0.0104
 2.1000	 1.1540	 0.0102
 2.1050	 1.1293	 0.0090
 2.1100	 1.1365	 0.0094
 2.1150	 1.1635	 0.0109
 2.1200	 1.1110	 0.0120
 2.1250	 1.1500	 0.0118
 2.1300	 1.1444	 0.0117
 2.1350	 1.1647	 0.0115
 2.1400	 1.1095	 0.0109
 2.1450	 1.1270	 0.0100
 2.1500	 1.1863	 0.0094
 2.1550	 1.2346	 0.0110
 2.1600	 1.1859	 0.0142
 2.1650	 1.1680	 0.0151
 2.1700	 1.2134	 0.0133
 2.1750	 1.2050	 0.0115
 2.1800	 1.2214	 0.0117
 2.1850	 1.2691	 0.0124
 2.1900	 1.2177	 0.0138
 2.1950	 1.2352	 0.0147
 2.2000	 1.1833	 0.0143
 2.2050	 1.1965	 0.0150
 2.2100	 1.2365	 0.0158
 2.2150	 1.2570	 0.0161
 2.2200	 1.2339	 0.0154
 2.2250	 1.1621	 0.0161
 2.2300	 1.2053	 0.0155
 2.2350	 1.2112	 0.0149
 2.2400	 1.1587	 0.0146
 2.2450	 1.1948	 0.0162
 2.2500	 1.1891	 0.0165
 2.2550	 1.1869	 0.0160
 2.2600	 1.1761	 0.0156
 2.2650	 1.1893	 0.0164
 2.2700	 1.1424	 0.0171
 2.2750	 1.1607	 0.0172
 2.2800	 1.2046	 0.0174
 2.2850	 1.1874	 0.0177
 2.2900	 1.2613	 0.0188
 2.2950	 1.2109	 0.0191
 2.4500	 1.2109	 0.0191
