 0.8023	 0.9021	 0.0214
 0.8051	 0.9037	 0.0209
 0.8079	 0.8914	 0.0155
 0.8108	 0.9194	 0.0281
 0.8136	 0.9078	 0.0318
 0.8165	 0.8964	 0.0205
 0.8194	 0.8809	 0.0191
 0.8224	 0.8604	 0.0194
 0.8253	 0.8620	 0.0188
 0.8283	 0.8384	 0.0122
 0.8312	 0.8761	 0.0163
 0.8342	 0.9097	 0.0239
 0.8373	 0.8490	 0.0118
 0.8403	 0.8592	 0.0177
 0.8434	 0.8469	 0.0143
 0.8464	 0.8681	 0.0163
 0.8495	 0.8562	 0.0152
 0.8527	 0.8403	 0.0209
 0.8558	 0.8647	 0.0192
 0.8589	 0.8689	 0.0209
 0.8621	 0.7987	 0.0140
 0.8653	 0.8602	 0.0198
 0.8685	 0.8616	 0.0187
 0.8718	 0.8512	 0.0195
 0.8750	 0.8504	 0.0213
 0.8783	 0.8346	 0.0175
 0.8816	 0.8328	 0.0244
 0.8849	 0.8275	 0.0251
 0.8882	 0.8232	 0.0140
 0.8916	 0.8088	 0.0207
 0.8949	 0.8318	 0.0331
 0.8983	 0.8178	 0.0221
 0.9017	 0.7858	 0.0179
 0.9052	 0.7904	 0.0229
 0.9086	 0.7814	 0.0148
 0.9121	 0.8131	 0.0208
 0.9155	 0.8073	 0.0183
 0.9190	 0.7945	 0.0189
 0.9225	 0.8147	 0.0197
 0.9261	 0.7989	 0.0156
 0.9296	 0.8317	 0.0212
 0.9332	 0.8383	 0.0207
 0.9367	 0.8399	 0.0245
 0.9403	 0.8544	 0.0292
 0.9440	 0.8617	 0.0312
 0.9476	 0.8157	 0.0217
 0.9512	 0.8396	 0.0253
 0.9549	 0.8550	 0.0248
 0.9586	 0.8320	 0.0217
 0.9623	 0.8292	 0.0195
 0.9660	 0.8365	 0.0195
 0.9697	 0.8525	 0.0192
 0.9734	 0.8770	 0.0140
 0.9772	 0.8450	 0.0154
 0.9810	 0.8768	 0.0220
 0.9848	 0.8383	 0.0164
 0.9886	 0.8616	 0.0142
 0.9924	 0.8787	 0.0174
 0.9962	 0.8578	 0.0108
 1.0000	 0.8900	 0.0186
 1.0039	 0.8513	 0.0140
 1.0078	 0.8581	 0.0195
 1.0117	 0.8850	 0.0244
 1.0156	 0.8755	 0.0194
 1.0195	 0.9230	 0.0214
 1.0234	 0.9088	 0.0218
 1.0273	 0.8985	 0.0215
 1.0313	 0.8675	 0.0144
 1.0352	 0.9084	 0.0100
 1.0392	 0.9054	 0.0128
 1.0432	 0.9292	 0.0166
 1.0472	 0.9359	 0.0178
 1.0512	 0.9495	 0.0232
 1.0552	 0.9331	 0.0236
 1.0592	 0.9177	 0.0209
 1.0633	 0.9205	 0.0158
 1.0673	 0.9340	 0.0133
 1.0714	 0.9445	 0.0163
 1.0755	 0.9757	 0.0239
 1.0795	 0.9557	 0.0191
 1.0836	 0.9642	 0.0220
 1.0877	 0.9599	 0.0149
 1.0918	 0.9783	 0.0195
 1.0959	 0.9789	 0.0204
 1.1001	 0.9618	 0.0218
 1.1042	 0.9333	 0.0163
 1.1084	 0.9524	 0.0243
 1.1125	 0.9628	 0.0196
 1.1167	 0.9733	 0.0192
 1.1208	 1.0093	 0.0242
 1.1250	 1.0186	 0.0210
 1.1292	 1.0126	 0.0174
 1.1334	 0.9975	 0.0205
 1.1376	 0.9810	 0.0164
 1.1418	 1.0187	 0.0168
 1.1460	 1.0368	 0.0194
 1.1502	 1.0112	 0.0182
 1.1544	 1.0040	 0.0152
 1.1587	 0.9863	 0.0183
 1.1629	 0.9933	 0.0280
 1.1671	 1.0037	 0.0224
 1.1714	 1.0140	 0.0140
 1.1756	 1.0180	 0.0157
 1.1799	 1.0259	 0.0194
 1.1841	 1.0166	 0.0177
 1.1884	 0.9977	 0.0164
 1.1927	 1.0455	 0.0239
 1.1969	 1.0367	 0.0233
 1.2012	 1.0220	 0.0161
 1.2055	 1.0112	 0.0154
 1.2098	 1.0291	 0.0279
 1.2141	 1.0247	 0.0276
 1.2184	 1.0332	 0.0185
 1.2227	 1.0658	 0.0222
 1.2270	 1.0406	 0.0162
 1.2313	 1.0208	 0.0159
 1.2356	 1.0598	 0.0186
 1.2399	 1.0397	 0.0181
 1.2442	 1.0168	 0.0187
 1.2485	 1.0331	 0.0195
 1.2528	 1.0633	 0.0232
 1.2571	 1.0583	 0.0264
 1.2614	 1.0412	 0.0197
 1.2657	 1.0722	 0.0259
 1.2700	 1.0705	 0.0239
 1.2744	 1.0557	 0.0217
 1.2787	 1.0633	 0.0154
 1.2830	 1.0791	 0.0189
 1.2873	 1.0666	 0.0252
 1.2916	 1.0907	 0.0179
 1.2959	 1.0634	 0.0239
 1.3003	 1.0527	 0.0240
 1.3046	 1.0456	 0.0164
 1.3089	 1.0514	 0.0164
 1.3132	 1.0727	 0.0176
 1.3175	 1.0637	 0.0149
 1.3218	 1.0737	 0.0190
 1.3262	 1.0657	 0.0203
 1.3305	 1.0751	 0.0217
 1.3348	 1.0687	 0.0156
 1.3391	 1.0727	 0.0173
 1.4120	 1.0478	 0.0216
 1.4163	 1.0299	 0.0396
 1.4206	 1.0236	 0.0325
 1.4248	 1.0668	 0.0346
 1.4291	 1.0834	 0.0394
 1.4333	 1.0975	 0.0351
 1.4376	 1.0535	 0.0217
 1.4418	 1.0898	 0.0322
 1.4460	 1.0940	 0.0312
 1.4503	 1.0825	 0.0249
 1.4545	 1.0679	 0.0228
 1.4587	 1.0939	 0.0295
 1.4629	 1.0600	 0.0293
 1.4671	 1.0592	 0.0255
 1.4714	 1.0507	 0.0271
 1.4756	 1.0533	 0.0229
 1.4798	 1.0961	 0.0379
 1.4840	 1.1064	 0.0365
 1.4881	 1.0524	 0.0261
 1.4923	 1.0767	 0.0245
 1.4965	 1.0816	 0.0310
 1.5007	 1.0589	 0.0291
 1.5048	 1.0396	 0.0233
 1.5090	 1.1151	 0.0278
 1.5132	 1.1121	 0.0268
 1.5173	 1.0974	 0.0269
 1.5215	 1.0516	 0.0308
 1.5256	 1.0864	 0.0308
 1.5297	 1.0925	 0.0293
 1.5339	 1.0858	 0.0296
 1.5380	 1.0916	 0.0312
 1.5421	 1.1043	 0.0344
 1.5462	 1.0876	 0.0278
 1.5503	 1.1194	 0.0293
 1.5544	 1.1030	 0.0287
 1.5585	 1.0781	 0.0273
 1.5626	 1.0883	 0.0258
 1.5667	 1.0812	 0.0293
 1.5707	 1.1100	 0.0293
 1.5748	 1.0754	 0.0272
 1.5789	 1.0594	 0.0138
 1.5829	 1.1062	 0.0269
 1.5870	 1.0928	 0.0352
 1.5910	 1.0553	 0.0230
 1.5951	 1.0575	 0.0278
 1.5991	 1.0779	 0.0301
 1.6031	 1.0687	 0.0336
 1.6071	 1.0153	 0.0246
 1.6111	 1.0849	 0.0159
 1.6151	 1.1100	 0.0315
 1.6191	 1.0742	 0.0233
 1.6231	 1.0252	 0.0249
 1.6271	 1.0530	 0.0275
 1.6311	 1.1111	 0.0253
 1.6351	 1.0733	 0.0249
 1.6390	 1.1077	 0.0262
 1.6430	 1.0573	 0.0297
 1.6470	 1.1061	 0.0251
 1.6509	 1.0502	 0.0282
 1.6548	 1.0791	 0.0266
 1.6588	 1.0549	 0.0192
 1.6627	 1.0833	 0.0370
 1.6666	 1.1233	 0.0302
 1.6705	 1.1153	 0.0312
 1.6744	 1.0715	 0.0302
 1.6783	 1.0709	 0.0369
 1.6822	 1.0111	 0.0352
 1.6861	 1.0264	 0.0312
 1.6900	 1.0392	 0.0242
 1.6939	 1.1075	 0.0284
 1.6977	 1.0119	 0.0317
 1.7016	 1.0176	 0.0301
 1.7055	 1.0613	 0.0753
 1.7093	 1.1082	 0.0170
 1.7131	 1.0767	 0.0293
 1.7170	 1.0771	 0.0291
 1.7208	 1.0318	 0.0206
 1.7246	 1.0779	 0.0186
 1.7285	 1.0390	 0.0248
 1.7323	 1.0677	 0.0285
 1.7361	 1.0391	 0.0278
 1.7399	 1.0109	 0.0260
 1.7436	 0.9721	 0.0295
 1.7474	 0.9923	 0.0259
 1.7512	 0.9974	 0.0281
 1.7550	 1.0268	 0.0331
 1.7587	 1.0038	 0.0190
 1.7625	 1.0096	 0.0265
 1.7663	 0.9598	 0.0325
 1.7700	 0.9837	 0.0340
 1.7737	 1.0098	 0.0344
 1.7775	 1.0144	 0.0301
 1.7812	 1.0279	 0.0289
 1.7849	 1.0237	 0.0149
 1.7886	 0.9537	 0.0256
 1.7923	 0.9630	 0.0303
 1.7960	 0.9533	 0.0379
 1.7997	 1.0157	 0.0426
 1.8034	 1.0604	 0.0499
 1.8071	 1.1390	 0.0319
 1.8108	 1.0839	 0.0598
 1.8145	 0.9829	 0.0478
 1.8181	 0.9265	 0.0630
 1.8218	 1.0469	 0.0442
 1.8255	 1.1358	 0.0537
 1.8291	 1.1161	 0.0852
 1.8327	 1.0634	 0.0592
 1.8364	 0.9709	 0.0715
 1.8400	 0.9334	 0.0762
 1.8436	 0.9326	 0.0797
 1.8473	 0.9292	 0.0588
 1.8509	 0.9289	 0.0843
 1.8545	 0.8852	 0.1065
 1.8581	 1.0504	 0.0915
 1.8617	 0.9897	 0.1158
 1.8653	 0.9520	 0.1334
 1.8689	 1.0893	 0.1042
 1.8724	 1.0417	 0.1141
 1.8760	 0.9846	 0.1316
 1.8796	 0.9531	 0.0819
 1.8831	 0.8521	 0.0717
 1.8867	 0.8509	 0.0536
 1.8903	 0.9511	 0.0351
 1.8938	 1.1136	 0.0571
 1.8973	 1.0647	 0.0735
 1.9009	 0.9337	 0.0816
 1.9044	 0.9868	 0.0859
 1.9079	 1.0369	 0.0527
 1.9185	 0.9978	 0.0771
 1.9220	 0.9200	 0.0510
 1.9255	 0.9917	 0.0384
 1.9290	 1.0439	 0.0714
 1.9325	 0.9913	 0.0396
 1.9360	 1.0174	 0.0562
 1.9395	 1.0380	 0.0531
 1.9429	 0.9121	 0.0371
 1.9464	 0.9408	 0.0322
 1.9499	 1.0574	 0.0349
 1.9533	 0.9702	 0.0413
 1.9568	 0.9543	 0.0450
 1.9602	 1.0272	 0.0288
 1.9637	 0.8744	 0.0506
 1.9671	 0.9047	 0.0553
 1.9706	 0.9135	 0.0362
 1.9740	 0.9639	 0.0438
 1.9774	 0.9709	 0.0313
 1.9808	 0.9545	 0.0316
 1.9843	 0.9760	 0.0239
 1.9877	 0.9738	 0.0293
 1.9911	 0.9454	 0.0366
 1.9945	 0.9692	 0.0386
 1.9979	 1.0351	 0.0537
 2.0013	 0.9964	 0.0581
 2.0047	 1.0005	 0.0528
 2.0080	 1.1545	 0.0514
 2.0114	 1.0804	 0.0597
 2.0148	 0.9663	 0.0640
 2.0182	 0.9696	 0.0596
 2.0215	 0.9682	 0.0362
 2.0249	 0.9479	 0.0299
 2.0283	 0.9220	 0.0352
 2.0316	 0.9681	 0.0401
 2.0350	 0.9839	 0.0388
 2.0383	 1.0086	 0.0373
 2.0416	 0.9664	 0.0438
 2.0450	 0.8960	 0.0364
 2.0483	 0.9901	 0.0470
 2.0516	 0.9823	 0.0447
 2.0550	 1.0114	 0.0472
 2.0583	 0.9755	 0.0280
 2.0616	 0.9918	 0.0486
 2.0649	 0.9857	 0.0370
 2.0682	 0.9117	 0.0323
 2.0715	 0.9676	 0.0210
 2.0748	 0.9750	 0.0295
 2.0781	 0.9923	 0.0269
 2.0814	 1.0218	 0.0273
 2.0846	 0.9928	 0.0233
 2.0879	 0.9373	 0.0353
 2.0912	 0.9627	 0.0268
 2.0944	 1.0052	 0.0174
 2.0977	 1.0014	 0.0284
 2.1010	 1.0171	 0.0280
 2.1042	 1.0304	 0.0287
 2.1075	 0.9761	 0.0251
 2.1107	 1.0001	 0.0385
 2.1139	 1.0252	 0.0378
 2.1172	 0.9933	 0.0147
 2.1204	 0.9934	 0.0191
 2.1236	 1.0132	 0.0404
 2.1269	 0.9148	 0.0394
 2.1301	 0.9658	 0.0375
 2.1333	 0.9747	 0.0325
 2.1365	 0.9580	 0.0301
 2.1397	 0.9664	 0.0257
 2.1429	 0.9406	 0.0253
 2.1461	 0.9589	 0.0251
 2.1493	 0.9923	 0.0396
 2.1525	 1.0591	 0.0486
 2.1556	 1.0243	 0.0479
 2.1588	 1.0260	 0.0346
 2.1620	 1.0438	 0.0454
 2.1651	 1.0272	 0.0308
 2.1683	 1.0330	 0.0342
 2.1715	 1.0103	 0.0435
 2.1746	 0.9865	 0.0307
 2.1778	 1.0236	 0.0293
 2.1809	 1.0069	 0.0234
 2.1840	 0.9685	 0.0405
 2.1872	 1.0231	 0.0387
 2.1903	 1.1646	 0.0468
 2.1934	 1.1073	 0.0506
 2.1965	 1.0290	 0.0498
 2.1996	 1.0538	 0.0471
 2.2027	 1.0024	 0.0343
 2.2058	 1.0229	 0.0465
 2.2089	 0.9619	 0.0436
 2.2120	 1.0398	 0.0815
 2.2151	 1.0204	 0.0513
 2.2182	 1.0012	 0.0500
 2.2213	 0.9804	 0.0380
 2.2244	 0.9885	 0.0381
 2.2274	 0.9660	 0.0466
 2.2305	 1.0098	 0.0481
 2.2335	 1.0407	 0.0460
 2.2366	 1.1194	 0.0434
 2.2396	 1.0166	 0.0495
 2.2427	 1.0388	 0.0423
 2.2457	 1.0960	 0.0389
 2.2487	 0.9490	 0.0441
 2.2518	 1.0267	 0.0349
 2.2548	 1.0356	 0.0539
 2.2578	 1.0451	 0.0410
 2.2608	 1.0154	 0.0417
 2.2638	 1.0471	 0.0626
 2.2668	 1.0853	 0.0441
 2.2698	 1.0123	 0.0487
 2.2728	 0.9346	 0.0501
 2.2758	 0.9606	 0.0366
 2.2788	 0.9578	 0.0486
 2.2818	 1.0294	 0.0647
 2.2847	 1.0858	 0.0573
 2.2877	 1.0261	 0.0623
 2.2906	 0.9536	 0.0691
 2.2936	 0.8816	 0.0448
 2.2965	 0.9039	 0.0668
 2.2995	 1.0846	 0.0634
 2.3024	 1.1483	 0.0455
 2.3054	 1.0518	 0.0626
 2.3083	 1.0079	 0.0789
 2.3112	 1.0285	 0.1332
 2.3141	 1.0248	 0.0501
 2.3170	 0.9956	 0.0646
 2.3199	 0.8831	 0.0435
 2.3228	 0.9167	 0.0614
 2.3257	 0.9896	 0.0555
 2.3286	 0.9725	 0.0630
 2.3315	 0.9921	 0.0364
 2.3344	 1.1063	 0.0231
 2.3373	 1.0776	 0.0671
 2.3402	 1.1093	 0.0674
 2.3430	 0.9981	 0.0732
 2.3459	 1.1394	 0.0632
 2.3516	 0.9692	 0.0699
 2.3544	 1.0194	 0.0776
 2.3573	 1.0388	 0.0924
 2.3601	 0.9883	 0.0761
 2.3630	 1.0466	 0.0731
 2.3686	 0.9469	 0.0953
 2.3714	 0.9383	 0.0876
 2.3743	 0.9501	 0.0612
 2.3799	 0.9736	 0.0864
 2.3827	 1.0895	 0.0636
 2.3855	 1.1192	 0.0863
 2.3883	 0.8966	 0.0669
 2.3994	 1.0172	 0.0709
 2.4022	 0.9928	 0.0561
 2.4500	 1.0000	 0.1000
 	 	 
