 0.8300	 0.8714	 0.0210
 0.8350	 0.8878	 0.0218
 0.8400	 0.8782	 0.0209
 0.8450	 0.8588	 0.0220
 0.8500	 0.8545	 0.0209
 0.8550	 0.8388	 0.0217
 0.8600	 0.8315	 0.0223
 0.8650	 0.8245	 0.0200
 0.8700	 0.8168	 0.0232
 0.8750	 0.8249	 0.0242
 0.8800	 0.8196	 0.0232
 0.8850	 0.8234	 0.0237
 0.8900	 0.8244	 0.0204
 0.8950	 0.8158	 0.0204
 0.9000	 0.8098	 0.0202
 0.9050	 0.7992	 0.0187
 0.9100	 0.7971	 0.0172
 0.9150	 0.7909	 0.0172
 0.9200	 0.7874	 0.0172
 0.9250	 0.7851	 0.0178
 0.9300	 0.7836	 0.0168
 0.9350	 0.7836	 0.0184
 0.9400	 0.7809	 0.0173
 0.9450	 0.7806	 0.0196
 0.9500	 0.7789	 0.0174
 0.9550	 0.7749	 0.0166
 0.9600	 0.7855	 0.0170
 0.9650	 0.7822	 0.0170
 0.9700	 0.7771	 0.0157
 0.9750	 0.7827	 0.0161
 0.9800	 0.7825	 0.0158
 0.9850	 0.7792	 0.0153
 0.9900	 0.7928	 0.0173
 0.9950	 0.7966	 0.0156
 1.0000	 0.8053	 0.0175
 1.0050	 0.8215	 0.0163
 1.0100	 0.8070	 0.0173
 1.0150	 0.8096	 0.0190
 1.0200	 0.8218	 0.0176
 1.0250	 0.8360	 0.0178
 1.0300	 0.8405	 0.0168
 1.0350	 0.8354	 0.0173
 1.0400	 0.8476	 0.0188
 1.0450	 0.8523	 0.0178
 1.0500	 0.8560	 0.0165
 1.0550	 0.8705	 0.0155
 1.0600	 0.8691	 0.0153
 1.0650	 0.8677	 0.0170
 1.0700	 0.8667	 0.0168
 1.0750	 0.8678	 0.0171
 1.0800	 0.8854	 0.0178
 1.0850	 0.8867	 0.0178
 1.0900	 0.8729	 0.0165
 1.0950	 0.8849	 0.0165
 1.1000	 0.9102	 0.0174
 1.1050	 0.9252	 0.0172
 1.1100	 0.9258	 0.0186
 1.1150	 0.9171	 0.0188
 1.1200	 0.9308	 0.0183
 1.1250	 0.9446	 0.0198
 1.1300	 0.9476	 0.0213
 1.1350	 0.9460	 0.0197
 1.1400	 0.9624	 0.0224
 1.1450	 0.9486	 0.0209
 1.1500	 0.9706	 0.0241
 1.1550	 0.9796	 0.0221
 1.1600	 0.9499	 0.0225
 1.1650	 0.9681	 0.0209
 1.1700	 0.9811	 0.0207
 1.1750	 0.9931	 0.0211
 1.1800	 0.9792	 0.0203
 1.1850	 0.9833	 0.0211
 1.1900	 0.9882	 0.0232
 1.1950	 0.9838	 0.0219
 1.2000	 1.0127	 0.0231
 1.2050	 1.0091	 0.0221
 1.2100	 1.0118	 0.0206
 1.2150	 1.0373	 0.0207
 1.2200	 1.0121	 0.0195
 1.2250	 1.0143	 0.0201
 1.2300	 1.0421	 0.0199
 1.2350	 1.0456	 0.0211
 1.2400	 1.0487	 0.0195
 1.2450	 1.0521	 0.0212
 1.2500	 1.0505	 0.0194
 1.2550	 1.0261	 0.0216
 1.2650	 1.0306	 0.0199
 1.2700	 1.0527	 0.0203
 1.2750	 1.0627	 0.0226
 1.2800	 1.0491	 0.0197
 1.2950	 1.0889	 0.0214
 1.3000	 1.1057	 0.0211
 1.3050	 1.1114	 0.0216
 1.3100	 1.1220	 0.0225
 1.3150	 1.1010	 0.0205
 1.3200	 1.0868	 0.0197
 1.3250	 1.0972	 0.0199
 1.3300	 1.1142	 0.0227
 1.3350	 1.1380	 0.0210
 1.3400	 1.1477	 0.0233
 1.3450	 1.1573	 0.0294
 1.3700	 1.1267	 0.0574
 1.3750	 1.2122	 0.0505
 1.3900	 1.2253	 0.0422
 1.3950	 1.1738	 0.0420
 1.4000	 1.1851	 0.0387
 1.4200	 1.2477	 0.0307
 1.4250	 1.2267	 0.0352
 1.4300	 1.2094	 0.0305
 1.4350	 1.2042	 0.0289
 1.4400	 1.2182	 0.0293
 1.4450	 1.2079	 0.0278
 1.4500	 1.2439	 0.0286
 1.4600	 1.2520	 0.0290
 1.4650	 1.2142	 0.0266
 1.4700	 1.2211	 0.0267
 1.4750	 1.2131	 0.0306
 1.4800	 1.2588	 0.0300
 1.4850	 1.2551	 0.0247
 1.4900	 1.2228	 0.0236
 1.4950	 1.2682	 0.0247
 1.5000	 1.2708	 0.0255
 1.5050	 1.2771	 0.0253
 1.5150	 1.2737	 0.0240
 1.5200	 1.2303	 0.0247
 1.5250	 1.2429	 0.0246
 1.5300	 1.2230	 0.0250
 1.5350	 1.2162	 0.0261
 1.5400	 1.2306	 0.0243
 1.5450	 1.2671	 0.0256
 1.5500	 1.2582	 0.0242
 1.5550	 1.2503	 0.0265
 1.5600	 1.2294	 0.0258
 1.5650	 1.2288	 0.0276
 1.5700	 1.2375	 0.0269
 1.5750	 1.2545	 0.0273
 1.5800	 1.2658	 0.0266
 1.5850	 1.2551	 0.0246
 1.5900	 1.2304	 0.0261
 1.5950	 1.2403	 0.0275
 1.6000	 1.2333	 0.0257
 1.6050	 1.2211	 0.0252
 1.6100	 1.2094	 0.0260
 1.6150	 1.2087	 0.0253
 1.6200	 1.1982	 0.0232
 1.6250	 1.1748	 0.0259
 1.6300	 1.1771	 0.0238
 1.6350	 1.1503	 0.0247
 1.6400	 1.1563	 0.0251
 1.6450	 1.1728	 0.0251
 1.6500	 1.1933	 0.0239
 1.6550	 1.2183	 0.0253
 1.6600	 1.1902	 0.0233
 1.6650	 1.1797	 0.0305
 1.6700	 1.2187	 0.0296
 1.6750	 1.2321	 0.0299
 1.6800	 1.2049	 0.0262
 1.6850	 1.2091	 0.0273
 1.6900	 1.2174	 0.0271
 1.6950	 1.1912	 0.0283
 1.7000	 1.1721	 0.0269
 1.7050	 1.1719	 0.0283
 1.7100	 1.1964	 0.0294
 1.7150	 1.1739	 0.0291
 1.7200	 1.1654	 0.0289
 1.7250	 1.1832	 0.0299
 1.7350	 1.1741	 0.0267
 1.7400	 1.1646	 0.0302
 1.7450	 1.1916	 0.0293
 1.7650	 1.1643	 0.0281
 1.7700	 1.1503	 0.0277
 1.7750	 1.1756	 0.0286
 1.7800	 1.1529	 0.0278
 1.7850	 1.1092	 0.0288
 1.7900	 1.1365	 0.0301
 1.7950	 1.1640	 0.0289
 1.8000	 1.1323	 0.0336
 1.8050	 1.1047	 0.0324
 1.8100	 1.1166	 0.0357
 1.8300	 1.1336	 0.0500
 1.8400	 1.1175	 0.0740
 1.8650	 1.1538	 0.0720
 1.8700	 1.1321	 0.0786
 1.8800	 1.1097	 0.1117
 1.8950	 1.1581	 0.0559
 1.9000	 1.1504	 0.0617
 1.9250	 1.1147	 0.0638
 1.9300	 1.0868	 0.0538
 1.9350	 1.0840	 0.0496
 1.9400	 1.0949	 0.0450
 1.9450	 1.0981	 0.0447
 1.9500	 1.1081	 0.0431
 1.9550	 1.0907	 0.0484
 1.9600	 1.0806	 0.0432
 1.9650	 1.1452	 0.0495
 1.9700	 1.1699	 0.0463
 1.9750	 1.1312	 0.0429
 1.9800	 1.1113	 0.0403
 1.9850	 1.1488	 0.0356
 1.9900	 1.1575	 0.0345
 1.9950	 1.1624	 0.0408
 2.0000	 1.1724	 0.0400
 2.0050	 1.1359	 0.0486
 2.0200	 1.1188	 0.0555
 2.0350	 1.1357	 0.0384
 2.0400	 1.1412	 0.0374
 2.0450	 1.1640	 0.0389
 2.0500	 1.1240	 0.0449
 2.0550	 1.1527	 0.0432
 2.0600	 1.1683	 0.0411
 2.0650	 1.1650	 0.0450
 2.0700	 1.1565	 0.0430
 2.0750	 1.1273	 0.0399
 2.0800	 1.1612	 0.0375
 2.0850	 1.1482	 0.0389
 2.0900	 1.1731	 0.0398
 2.0950	 1.1691	 0.0369
 2.1000	 1.1299	 0.0346
 2.1050	 1.1720	 0.0357
 2.1100	 1.1584	 0.0359
 2.1150	 1.1488	 0.0363
 2.1200	 1.1791	 0.0402
 2.1250	 1.1778	 0.0387
 2.1300	 1.1595	 0.0388
 2.1350	 1.1587	 0.0387
 2.1400	 1.1659	 0.0390
 2.1450	 1.1681	 0.0404
 2.1500	 1.1969	 0.0386
 2.1550	 1.1854	 0.0385
 2.1600	 1.1978	 0.0435
 2.1650	 1.1891	 0.0399
 2.1700	 1.1906	 0.0448
 2.1750	 1.2431	 0.0438
 2.1800	 1.2078	 0.0436
 2.1850	 1.1495	 0.0432
 2.1900	 1.1770	 0.0450
 2.1950	 1.1669	 0.0430
 2.2000	 1.1745	 0.0439
 2.2050	 1.2331	 0.0436
 2.2100	 1.2048	 0.0427
 2.2150	 1.1844	 0.0453
 2.2200	 1.2148	 0.0435
 2.2250	 1.1866	 0.0416
 2.2300	 1.1799	 0.0481
 2.2350	 1.2362	 0.0465
 2.2400	 1.2194	 0.0480
 2.2450	 1.2523	 0.0518
 2.2500	 1.2796	 0.0481
 2.2550	 1.2520	 0.0500
 2.2600	 1.2721	 0.0522
 2.2650	 1.2692	 0.0533
 2.2700	 1.2492	 0.0484
 2.2750	 1.2567	 0.0513
 2.2800	 1.2861	 0.0535
 2.2850	 1.3027	 0.0505
 2.2900	 1.2729	 0.0517
 2.2950	 1.2519	 0.0586
 2.3000	 1.2734	 0.0571
 2.3050	 1.2645	 0.0600
 2.3100	 1.2874	 0.0557
 2.3150	 1.2581	 0.0606
 2.3250	 1.2621	 0.0573
 2.3300	 1.3050	 0.0612
 2.3350	 1.2782	 0.0540
 2.3400	 1.3263	 0.0578
 2.3500	 1.3008	 0.0577
 2.3650	 1.2429	 0.0588
 2.3750	 1.2552	 0.0615
 2.3800	 1.2872	 0.0583
 2.3850	 1.3072	 0.0604
 2.3900	 1.3042	 0.0546
 2.3950	 1.2976	 0.0549
 2.4000	 1.2549	 0.0527
 2.4050	 1.2287	 0.0544
 2.4100	 1.2281	 0.0613
 2.4200	 1.2566	 0.0623
 2.4300	 1.2379	 0.0583
 2.4500	 1.2609	 0.1000
