 0.8300	 1.0317	 0.0162
 0.8350	 1.0140	 0.0158
 0.8400	 1.0219	 0.0160
 0.8450	 1.0444	 0.0157
 0.8500	 1.0407	 0.0157
 0.8550	 1.0186	 0.0157
 0.8600	 1.0291	 0.0163
 0.8650	 1.0298	 0.0163
 0.8700	 1.0235	 0.0162
 0.8750	 1.0133	 0.0158
 0.8800	 0.9987	 0.0154
 0.8850	 1.0110	 0.0167
 0.8900	 1.0080	 0.0140
 0.8950	 0.9895	 0.0137
 0.9000	 0.9934	 0.0131
 0.9050	 0.9639	 0.0129
 0.9100	 0.9658	 0.0132
 0.9150	 0.9778	 0.0128
 0.9200	 0.9773	 0.0129
 0.9250	 0.9481	 0.0133
 0.9300	 0.9439	 0.0133
 0.9350	 0.9564	 0.0140
 0.9400	 0.9592	 0.0144
 0.9450	 0.9765	 0.0149
 0.9500	 0.9887	 0.0145
 0.9550	 0.9896	 0.0139
 0.9600	 0.9841	 0.0137
 0.9650	 0.9824	 0.0126
 0.9700	 0.9865	 0.0122
 0.9750	 0.9865	 0.0114
 0.9800	 0.9828	 0.0114
 0.9850	 0.9946	 0.0112
 0.9900	 1.0009	 0.0114
 0.9950	 1.0093	 0.0109
 1.0000	 0.9919	 0.0105
 1.0050	 1.0000	 0.0104
 1.0100	 0.9984	 0.0102
 1.0150	 0.9708	 0.0104
 1.0200	 0.9868	 0.0102
 1.0250	 1.0104	 0.0101
 1.0300	 0.9943	 0.0100
 1.0350	 0.9947	 0.0100
 1.0400	 1.0025	 0.0103
 1.0450	 0.9765	 0.0098
 1.0500	 0.9882	 0.0099
 1.0550	 0.9978	 0.0098
 1.0600	 1.0047	 0.0099
 1.0650	 1.0221	 0.0098
 1.0700	 1.0327	 0.0103
 1.0750	 1.0262	 0.0101
 1.0800	 1.0275	 0.0097
 1.0850	 1.0063	 0.0097
 1.0900	 0.9956	 0.0097
 1.0950	 0.9992	 0.0096
 1.1000	 1.0108	 0.0095
 1.1050	 1.0163	 0.0096
 1.1100	 1.0154	 0.0098
 1.1150	 1.0124	 0.0102
 1.1200	 0.9935	 0.0109
 1.1250	 1.0018	 0.0119
 1.1300	 1.0148	 0.0132
 1.1350	 1.0178	 0.0129
 1.1400	 1.0239	 0.0124
 1.1450	 1.0183	 0.0117
 1.1500	 1.0081	 0.0117
 1.1550	 1.0290	 0.0107
 1.1600	 1.0290	 0.0102
 1.1650	 1.0473	 0.0097
 1.1700	 1.0540	 0.0093
 1.1750	 1.0341	 0.0091
 1.1800	 1.0429	 0.0089
 1.1850	 1.0351	 0.0088
 1.1900	 1.0306	 0.0087
 1.1950	 1.0239	 0.0090
 1.2000	 1.0498	 0.0090
 1.2050	 1.0770	 0.0091
 1.2100	 1.0652	 0.0091
 1.2150	 1.0418	 0.0090
 1.2200	 1.0249	 0.0088
 1.2250	 1.0380	 0.0087
 1.2300	 1.0604	 0.0086
 1.2350	 1.0562	 0.0086
 1.2400	 1.0476	 0.0088
 1.2450	 1.0385	 0.0087
 1.2500	 1.0229	 0.0086
 1.2550	 1.0369	 0.0090
 1.2600	 1.0223	 0.0090
 1.2650	 1.0200	 0.0090
 1.2700	 1.0352	 0.0090
 1.2750	 1.0436	 0.0097
 1.2800	 1.0401	 0.0112
 1.2850	 1.0215	 0.0089
 1.2900	 1.0436	 0.0088
 1.2950	 1.0263	 0.0090
 1.3000	 1.0334	 0.0087
 1.3050	 1.0557	 0.0089
 1.3100	 1.0416	 0.0093
 1.3150	 1.0445	 0.0092
 1.3200	 1.0453	 0.0096
 1.3250	 1.0513	 0.0096
 1.3300	 1.0687	 0.0098
 1.3350	 1.0631	 0.0102
 1.3400	 1.0707	 0.0113
 1.3450	 1.0833	 0.0137
 1.3500	 1.0957	 0.0171
 1.3550	 1.0419	 0.0251
 1.3650	 1.0553	 0.1081
 1.3700	 1.0710	 0.0822
 1.3750	 1.0810	 0.0741
 1.3800	 1.0848	 0.0569
 1.3850	 1.0946	 0.0528
 1.3900	 1.1103	 0.0481
 1.3950	 1.0775	 0.0423
 1.4000	 1.0468	 0.0369
 1.4050	 1.0773	 0.0323
 1.4100	 1.1056	 0.0277
 1.4150	 1.0994	 0.0226
 1.4200	 1.0862	 0.0204
 1.4250	 1.1060	 0.0186
 1.4300	 1.1142	 0.0182
 1.4400	 1.1289	 0.0171
 1.4450	 1.0899	 0.0156
 1.4500	 1.1031	 0.0138
 1.4550	 1.0824	 0.0134
 1.4600	 1.0722	 0.0133
 1.4650	 1.0788	 0.0132
 1.4700	 1.0756	 0.0138
 1.4750	 1.1042	 0.0139
 1.4800	 1.0917	 0.0129
 1.4850	 1.0500	 0.0134
 1.4900	 1.1137	 0.0123
 1.5000	 1.0991	 0.0121
 1.5050	 1.0667	 0.0110
 1.5100	 1.0916	 0.0123
 1.5150	 1.1389	 0.0130
 1.5200	 1.1232	 0.0117
 1.5250	 1.1074	 0.0123
 1.5300	 1.0865	 0.0116
 1.5350	 1.0728	 0.0108
 1.5400	 1.0920	 0.0116
 1.5450	 1.1180	 0.0121
 1.5500	 1.1230	 0.0113
 1.5550	 1.0527	 0.0119
 1.5650	 1.0770	 0.0127
 1.5700	 1.1252	 0.0129
 1.5750	 1.1344	 0.0136
 1.5800	 1.1093	 0.0124
 1.5850	 1.1038	 0.0145
 1.5900	 1.0747	 0.0133
 1.5950	 1.0475	 0.0117
 1.6000	 1.0761	 0.0121
 1.6050	 1.0776	 0.0129
 1.6100	 1.0593	 0.0121
 1.6150	 1.0541	 0.0124
 1.6200	 1.0567	 0.0121
 1.6250	 1.0736	 0.0114
 1.6300	 1.0711	 0.0119
 1.6350	 1.0670	 0.0119
 1.6400	 1.0473	 0.0125
 1.6450	 1.0390	 0.0131
 1.6500	 1.0747	 0.0126
 1.6550	 1.1272	 0.0148
 1.6600	 1.1157	 0.0128
 1.6650	 1.1093	 0.0138
 1.6700	 1.1256	 0.0129
 1.6750	 1.1042	 0.0128
 1.6800	 1.1218	 0.0133
 1.6850	 1.1022	 0.0129
 1.6900	 1.0525	 0.0128
 1.6950	 1.0472	 0.0155
 1.7000	 1.0504	 0.0154
 1.7100	 1.0524	 0.0135
 1.7150	 1.0641	 0.0141
 1.7200	 1.0798	 0.0140
 1.7250	 1.0791	 0.0137
 1.7300	 1.0510	 0.0139
 1.7350	 1.0717	 0.0142
 1.7400	 1.1082	 0.0150
 1.7450	 1.0759	 0.0149
 1.7500	 1.0689	 0.0147
 1.7550	 1.0479	 0.0147
 1.7600	 1.0438	 0.0150
 1.7650	 1.1056	 0.0167
 1.7700	 1.0837	 0.0158
 1.7750	 1.0475	 0.0173
 1.7800	 1.0319	 0.0158
 1.7850	 1.0373	 0.0166
 1.7900	 1.0592	 0.0178
 1.7950	 1.1250	 0.0230
 1.8000	 1.1378	 0.0212
 1.8050	 1.0653	 0.0244
 1.8100	 1.0331	 0.0265
 1.8150	 1.0931	 0.0304
 1.8200	 1.1212	 0.0350
 1.8250	 1.0667	 0.0423
 1.8300	 0.9977	 0.0515
 1.8350	 0.9709	 0.0725
 1.8400	 0.9888	 0.1111
 1.8450	 1.0421	 0.1916
 1.8500	 1.1251	 0.2179
 1.8550	 1.1058	 0.1787
 1.8600	 1.0546	 0.1533
 1.8650	 1.0297	 0.1482
 1.8700	 1.0333	 0.1811
 1.8750	 0.9957	 0.1839
 1.8800	 0.9850	 0.1642
 1.8850	 1.0032	 0.0809
 1.8900	 1.0267	 0.0658
 1.8950	 1.0469	 0.0785
 1.9000	 1.0025	 0.0931
 1.9050	 1.0170	 0.1251
 1.9100	 0.9569	 0.1282
 1.9150	 0.9733	 0.1587
 1.9200	 1.0420	 0.0662
 1.9250	 1.0123	 0.0660
 1.9300	 0.9896	 0.0543
 1.9350	 0.9700	 0.0499
 1.9400	 1.0302	 0.0451
 1.9450	 1.0119	 0.0379
 1.9500	 1.0116	 0.0371
 1.9550	 1.0080	 0.0367
 1.9600	 1.0211	 0.0362
 1.9650	 1.0641	 0.0333
 1.9700	 1.0434	 0.0278
 1.9750	 0.9851	 0.0251
 1.9800	 0.9838	 0.0231
 1.9850	 1.0159	 0.0225
 1.9900	 1.0294	 0.0205
 1.9950	 1.0398	 0.0221
 2.0050	 1.0616	 0.0269
 2.0100	 0.9631	 0.0345
 2.0150	 0.9399	 0.0337
 2.0200	 1.0344	 0.0309
 2.0250	 1.0035	 0.0276
 2.0300	 0.9869	 0.0240
 2.0350	 0.9761	 0.0205
 2.0400	 0.9778	 0.0222
 2.0450	 0.9898	 0.0205
 2.0500	 1.0046	 0.0222
 2.0550	 0.9714	 0.0230
 2.0600	 1.0111	 0.0251
 2.0650	 1.0704	 0.0259
 2.0700	 1.0427	 0.0242
 2.0750	 1.0216	 0.0246
 2.0800	 0.9910	 0.0223
 2.0850	 0.9611	 0.0208
 2.0900	 0.9633	 0.0207
 2.0950	 0.9924	 0.0214
 2.1000	 1.0131	 0.0211
 2.1050	 1.0065	 0.0210
 2.1100	 1.0104	 0.0215
 2.1150	 1.0498	 0.0251
 2.1200	 1.0353	 0.0224
 2.1250	 1.0293	 0.0229
 2.1300	 1.0243	 0.0215
 2.1350	 0.9873	 0.0212
 2.1400	 1.0011	 0.0228
 2.1450	 1.0021	 0.0236
 2.1500	 0.9612	 0.0253
 2.1550	 0.9451	 0.0228
 2.1600	 0.9745	 0.0237
 2.1650	 1.0214	 0.0249
 2.1700	 1.0340	 0.0252
 2.1750	 1.0416	 0.0260
 2.1800	 0.9902	 0.0235
 2.1850	 0.9505	 0.0245
 2.1900	 0.9694	 0.0256
 2.1950	 0.9933	 0.0261
 2.2000	 1.0306	 0.0264
 2.2050	 1.0555	 0.0280
 2.2100	 1.0958	 0.0272
 2.2150	 1.0845	 0.0263
 2.2200	 1.0470	 0.0266
 2.2250	 1.0787	 0.0286
 2.2300	 1.0896	 0.0304
 2.2350	 0.9913	 0.0301
 2.2400	 0.9898	 0.0296
 2.2450	 1.0248	 0.0273
 2.2500	 1.0276	 0.0305
 2.2550	 1.0417	 0.0310
 2.2600	 1.0134	 0.0291
 2.2650	 1.0134	 0.0302
 2.2700	 1.0641	 0.0308
 2.2750	 1.0735	 0.0332
 2.2800	 1.0304	 0.0305
 2.2850	 1.0158	 0.0313
 2.2900	 1.0326	 0.0320
 2.2950	 0.9988	 0.0324
 2.3000	 1.0302	 0.0317
 2.3050	 1.0217	 0.0354
 2.3100	 1.0173	 0.0333
 2.3150	 0.9934	 0.0346
 2.3200	 1.0343	 0.0346
 2.3250	 1.0743	 0.0372
 2.3300	 1.0437	 0.0340
 2.3350	 1.0656	 0.0381
 2.3400	 1.1018	 0.0364
 2.3450	 1.0264	 0.0366
 2.3500	 0.9727	 0.0367
 2.3550	 0.9850	 0.0352
 2.3600	 1.0396	 0.0401
 2.3650	 0.9923	 0.0448
 2.3700	 1.0016	 0.0356
 2.3750	 0.9852	 0.0394
 2.3800	 1.0286	 0.0400
 2.3850	 0.9802	 0.0386
 2.3900	 0.9443	 0.0415
 2.3950	 0.9591	 0.0411
 2.4000	 0.9765	 0.0439
 2.4050	 1.0273	 0.0504
 2.4100	 1.0965	 0.0584
 2.4150	 1.0830	 0.0401
 2.4200	 1.0435	 0.0561
 2.4250	 1.0501	 0.0573
 2.4300	 0.9678	 0.0423
 2.4350	 0.9982	 0.0525
 2.4400	 1.0316	 0.0607
 2.4500	 1.0100	 0.1000
 	 	 
