 0.8000	 0.9414	 0.0300
 0.8050	 0.9363	 0.0277
 0.8100	 0.9069	 0.0248
 0.8150	 0.9079	 0.0224
 0.8200	 0.8850	 0.0201
 0.8250	 0.8914	 0.0195
 0.8300	 0.8913	 0.0193
 0.8350	 0.8848	 0.0191
 0.8400	 0.8690	 0.0186
 0.8450	 0.8740	 0.0185
 0.8500	 0.8614	 0.0186
 0.8550	 0.8458	 0.0188
 0.8600	 0.8435	 0.0191
 0.8650	 0.8349	 0.0190
 0.8700	 0.8325	 0.0189
 0.8750	 0.8354	 0.0185
 0.8800	 0.8314	 0.0177
 0.8850	 0.8192	 0.0168
 0.8900	 0.8180	 0.0162
 0.8950	 0.8170	 0.0157
 0.9000	 0.8155	 0.0153
 0.9050	 0.8227	 0.0152
 0.9100	 0.8013	 0.0150
 0.9150	 0.8037	 0.0149
 0.9200	 0.8132	 0.0149
 0.9250	 0.8218	 0.0153
 0.9300	 0.8265	 0.0158
 0.9350	 0.8064	 0.0160
 0.9400	 0.8038	 0.0164
 0.9500	 0.8025	 0.0158
 0.9550	 0.7986	 0.0151
 0.9600	 0.8269	 0.0147
 0.9650	 0.8282	 0.0141
 0.9700	 0.8170	 0.0135
 0.9750	 0.8155	 0.0131
 0.9800	 0.8273	 0.0130
 0.9850	 0.8285	 0.0128
 0.9900	 0.8325	 0.0126
 0.9950	 0.8396	 0.0124
 1.0000	 0.8424	 0.0122
 1.0050	 0.8456	 0.0121
 1.0100	 0.8473	 0.0120
 1.0150	 0.8540	 0.0119
 1.0200	 0.8642	 0.0119
 1.0250	 0.8582	 0.0117
 1.0300	 0.8653	 0.0117
 1.0350	 0.8786	 0.0118
 1.0400	 0.8669	 0.0117
 1.0450	 0.8768	 0.0118
 1.0500	 0.8841	 0.0117
 1.0550	 0.8809	 0.0116
 1.0600	 0.8985	 0.0117
 1.0650	 0.8975	 0.0116
 1.0700	 0.8974	 0.0116
 1.0750	 0.9096	 0.0116
 1.0800	 0.9140	 0.0115
 1.0850	 0.9125	 0.0114
 1.0900	 0.9050	 0.0113
 1.0950	 0.8881	 0.0108
 1.1000	 0.9116	 0.0113
 1.1050	 0.9283	 0.0115
 1.1100	 0.9318	 0.0118
 1.1150	 0.9398	 0.0124
 1.1200	 0.9360	 0.0130
 1.1250	 0.9422	 0.0138
 1.1300	 0.9518	 0.0143
 1.1350	 0.9515	 0.0141
 1.1400	 0.9605	 0.0138
 1.1450	 0.9574	 0.0136
 1.1500	 0.9702	 0.0131
 1.1550	 0.9708	 0.0124
 1.1600	 0.9894	 0.0120
 1.1650	 0.9889	 0.0115
 1.1700	 0.9840	 0.0111
 1.1750	 0.9889	 0.0110
 1.1800	 0.9950	 0.0109
 1.1850	 0.9933	 0.0108
 1.1900	 1.0001	 0.0108
 1.1950	 1.0060	 0.0108
 1.2000	 1.0133	 0.0109
 1.2050	 1.0203	 0.0109
 1.2100	 1.0030	 0.0108
 1.2150	 1.0141	 0.0108
 1.2200	 1.0176	 0.0108
 1.2250	 1.0286	 0.0109
 1.2300	 1.0342	 0.0109
 1.2350	 1.0169	 0.0107
 1.2400	 1.0287	 0.0109
 1.2450	 1.0419	 0.0110
 1.2500	 1.0529	 0.0110
 1.2550	 1.0529	 0.0117
 1.2600	 1.0446	 0.0119
 1.2650	 1.0540	 0.0114
 1.2700	 1.0595	 0.0114
 1.2750	 1.0422	 0.0113
 1.2800	 1.0453	 0.0111
 1.2850	 1.0569	 0.0111
 1.2900	 1.0722	 0.0111
 1.2950	 1.0630	 0.0110
 1.3000	 1.0754	 0.0112
 1.3050	 1.0786	 0.0113
 1.3100	 1.0855	 0.0116
 1.3150	 1.0824	 0.0119
 1.3200	 1.0890	 0.0121
 1.3250	 1.1003	 0.0125
 1.3300	 1.0919	 0.0127
 1.3350	 1.1054	 0.0135
 1.3400	 1.1198	 0.0148
 1.3450	 1.0911	 0.0185
 1.3500	 1.0774	 0.0257
 1.3550	 1.0964	 0.0276
 1.3600	 1.0987	 0.0414
 1.3650	 1.1044	 0.0468
 1.3700	 1.1161	 0.0486
 1.3750	 1.1225	 0.0442
 1.3800	 1.1373	 0.0384
 1.3850	 1.1410	 0.0360
 1.3900	 1.1207	 0.0376
 1.4000	 1.1196	 0.0329
 1.4050	 1.1428	 0.0284
 1.4100	 1.1660	 0.0252
 1.4150	 1.1419	 0.0227
 1.4200	 1.1653	 0.0214
 1.4250	 1.1573	 0.0203
 1.4300	 1.1474	 0.0195
 1.4350	 1.1637	 0.0190
 1.4400	 1.1624	 0.0182
 1.4450	 1.1669	 0.0174
 1.4500	 1.1550	 0.0165
 1.4550	 1.1717	 0.0164
 1.4600	 1.1709	 0.0165
 1.4650	 1.1557	 0.0164
 1.4700	 1.1501	 0.0166
 1.4750	 1.1745	 0.0166
 1.4850	 1.1709	 0.0156
 1.4900	 1.1518	 0.0150
 1.4950	 1.1637	 0.0148
 1.5000	 1.1782	 0.0147
 1.5050	 1.1674	 0.0146
 1.5100	 1.1660	 0.0145
 1.5150	 1.2038	 0.0148
 1.5200	 1.2238	 0.0148
 1.5250	 1.1861	 0.0147
 1.5300	 1.1615	 0.0144
 1.5350	 1.1472	 0.0143
 1.5400	 1.1437	 0.0143
 1.5450	 1.1758	 0.0146
 1.5500	 1.1783	 0.0145
 1.5550	 1.1909	 0.0147
 1.5600	 1.1948	 0.0148
 1.5650	 1.2193	 0.0152
 1.5700	 1.1802	 0.0152
 1.5750	 1.1690	 0.0152
 1.5800	 1.1800	 0.0153
 1.5850	 1.1852	 0.0154
 1.5900	 1.1765	 0.0153
 1.5950	 1.1719	 0.0154
 1.6000	 1.1852	 0.0156
 1.6050	 1.1834	 0.0158
 1.6100	 1.1489	 0.0156
 1.6150	 1.1528	 0.0154
 1.6200	 1.1570	 0.0159
 1.6250	 1.1705	 0.0157
 1.6300	 1.2036	 0.0158
 1.6350	 1.2270	 0.0164
 1.6400	 1.1987	 0.0166
 1.6450	 1.1760	 0.0166
 1.6500	 1.1480	 0.0163
 1.6550	 1.1718	 0.0165
 1.6600	 1.1882	 0.0167
 1.6650	 1.1885	 0.0169
 1.6700	 1.1821	 0.0171
 1.6750	 1.1566	 0.0171
 1.6800	 1.1775	 0.0173
 1.6850	 1.2015	 0.0177
 1.6900	 1.1777	 0.0177
 1.6950	 1.1631	 0.0175
 1.7000	 1.1850	 0.0180
 1.7050	 1.1579	 0.0179
 1.7100	 1.1650	 0.0179
 1.7150	 1.1791	 0.0183
 1.7200	 1.1644	 0.0183
 1.7250	 1.1754	 0.0186
 1.7300	 1.1563	 0.0188
 1.7350	 1.1111	 0.0185
 1.7400	 1.1235	 0.0187
 1.7450	 1.1620	 0.0191
 1.7500	 1.1764	 0.0192
 1.7550	 1.1643	 0.0193
 1.7600	 1.1375	 0.0192
 1.7650	 1.1153	 0.0192
 1.7700	 1.1198	 0.0197
 1.7750	 1.1260	 0.0201
 1.7800	 1.1457	 0.0209
 1.7850	 1.1461	 0.0212
 1.7900	 1.1475	 0.0218
 1.7950	 1.1918	 0.0235
 1.8000	 1.1927	 0.0261
 1.8050	 1.1432	 0.0278
 1.8100	 1.1667	 0.0314
 1.8150	 1.1384	 0.0347
 1.8200	 1.1374	 0.0390
 1.8250	 1.1289	 0.0464
 1.8450	 1.2054	 0.1119
 1.8650	 1.1741	 0.0875
 1.8700	 1.2119	 0.1230
 1.8750	 1.1470	 0.1163
 1.8900	 1.1572	 0.0659
 1.8950	 1.1875	 0.0709
 1.9000	 1.1601	 0.0844
 1.9250	 1.2183	 0.0636
 1.9300	 1.1590	 0.0526
 1.9400	 1.2283	 0.0484
 1.9450	 1.1703	 0.0446
 1.9500	 1.1639	 0.0441
 1.9550	 1.1513	 0.0437
 1.9600	 1.2082	 0.0435
 1.9700	 1.1983	 0.0375
 1.9750	 1.1739	 0.0333
 1.9800	 1.1541	 0.0307
 1.9850	 1.1457	 0.0290
 1.9900	 1.1508	 0.0288
 1.9950	 1.1312	 0.0304
 2.0100	 1.1998	 0.0522
 2.0150	 1.2288	 0.0511
 2.0200	 1.2446	 0.0454
 2.0250	 1.2103	 0.0382
 2.0300	 1.2304	 0.0335
 2.0350	 1.2165	 0.0308
 2.0400	 1.1949	 0.0300
 2.0450	 1.1464	 0.0303
 2.0500	 1.1162	 0.0315
 2.0550	 1.1522	 0.0341
 2.0600	 1.1953	 0.0362
 2.0650	 1.2021	 0.0364
 2.0700	 1.1723	 0.0348
 2.0750	 1.1972	 0.0339
 2.0800	 1.1959	 0.0327
 2.0850	 1.1741	 0.0311
 2.0900	 1.2059	 0.0314
 2.0950	 1.1887	 0.0313
 2.1000	 1.1881	 0.0310
 2.1050	 1.1996	 0.0317
 2.1100	 1.1859	 0.0312
 2.1150	 1.2093	 0.0322
 2.1200	 1.1549	 0.0317
 2.1250	 1.1582	 0.0316
 2.1300	 1.1963	 0.0325
 2.1350	 1.2014	 0.0326
 2.1400	 1.1996	 0.0331
 2.1450	 1.1399	 0.0328
 2.1500	 1.1419	 0.0327
 2.1550	 1.2000	 0.0343
 2.1600	 1.2026	 0.0353
 2.1650	 1.1902	 0.0360
 2.1700	 1.1828	 0.0360
 2.1750	 1.1775	 0.0361
 2.1800	 1.1645	 0.0355
 2.1850	 1.2168	 0.0368
 2.1900	 1.2105	 0.0371
 2.1950	 1.1964	 0.0377
 2.2000	 1.1860	 0.0384
 2.2050	 1.2046	 0.0387
 2.2100	 1.2117	 0.0391
 2.2150	 1.2086	 0.0386
 2.2200	 1.2121	 0.0397
 2.2400	 1.1396	 0.0400
 2.2450	 1.1920	 0.0415
 2.2500	 1.2102	 0.0429
 2.2550	 1.1910	 0.0434
 2.2600	 1.1714	 0.0435
 2.2650	 1.1789	 0.0438
 2.2700	 1.2009	 0.0449
 2.2750	 1.2456	 0.0460
 2.2800	 1.2528	 0.0475
 2.2850	 1.1754	 0.0462
 2.2900	 1.2051	 0.0473
 2.2950	 1.2342	 0.0497
 2.3000	 1.2466	 0.0486
 2.3150	 1.2263	 0.0515
 2.3600	 1.2440	 0.0560
 2.3850	 1.2676	 0.0609
 2.4000	 1.2360	 0.0575
 2.4050	 1.2563	 0.0605
 2.4100	 1.2228	 0.0621
 2.4150	 1.2067	 0.0616
 2.4200	 1.2150	 0.0593
 2.4250	 1.2375	 0.0600
 2.4300	 1.2595	 0.0629
 2.4350	 1.2417	 0.0651
 2.4500	 1.2335	 0.1000
