 0.8200	 0.8509	 0.0071
 0.8250	 0.8338	 0.0069
 0.8300	 0.8429	 0.0067
 0.8350	 0.8482	 0.0067
 0.8400	 0.8514	 0.0066
 0.8450	 0.8513	 0.0067
 0.8550	 0.8677	 0.0070
 0.8600	 0.8606	 0.0068
 0.8650	 0.8540	 0.0069
 0.8700	 0.8622	 0.0071
 0.8750	 0.8574	 0.0068
 0.8800	 0.8545	 0.0066
 0.8850	 0.8619	 0.0066
 0.8900	 0.8728	 0.0062
 0.8950	 0.8788	 0.0063
 0.9000	 0.8844	 0.0064
 0.9050	 0.8851	 0.0060
 0.9100	 0.8911	 0.0062
 0.9150	 0.8863	 0.0060
 0.9200	 0.8844	 0.0059
 0.9250	 0.8766	 0.0060
 0.9300	 0.8839	 0.0061
 0.9350	 0.8911	 0.0061
 0.9400	 0.8979	 0.0061
 0.9450	 0.9018	 0.0059
 0.9500	 0.9040	 0.0060
 0.9550	 0.9061	 0.0056
 0.9600	 0.9072	 0.0057
 0.9650	 0.9070	 0.0059
 0.9700	 0.9103	 0.0055
 0.9750	 0.9109	 0.0055
 0.9800	 0.9169	 0.0057
 0.9850	 0.9146	 0.0054
 0.9900	 0.9142	 0.0055
 0.9950	 0.9191	 0.0054
 1.0000	 0.9205	 0.0054
 1.0050	 0.9192	 0.0057
 1.0100	 0.9305	 0.0053
 1.0150	 0.9312	 0.0054
 1.0200	 0.9361	 0.0053
 1.0250	 0.9359	 0.0052
 1.0300	 0.9378	 0.0052
 1.0350	 0.9383	 0.0051
 1.0400	 0.9402	 0.0054
 1.0450	 0.9325	 0.0054
 1.0500	 0.9390	 0.0051
 1.0550	 0.9475	 0.0052
 1.0600	 0.9473	 0.0053
 1.0650	 0.9440	 0.0053
 1.0700	 0.9487	 0.0051
 1.0750	 0.9510	 0.0053
 1.0800	 0.9529	 0.0051
 1.0850	 0.9555	 0.0051
 1.0900	 0.9557	 0.0051
 1.0950	 0.9635	 0.0049
 1.1000	 0.9611	 0.0053
 1.1050	 0.9651	 0.0050
 1.1100	 0.9579	 0.0049
 1.1150	 0.9618	 0.0049
 1.1200	 0.9612	 0.0049
 1.1250	 0.9668	 0.0055
 1.1300	 0.9698	 0.0054
 1.1350	 0.9644	 0.0053
 1.1400	 0.9700	 0.0053
 1.1450	 0.9736	 0.0051
 1.1500	 0.9761	 0.0053
 1.1550	 0.9736	 0.0053
 1.1600	 0.9764	 0.0049
 1.1650	 0.9840	 0.0050
 1.1700	 0.9880	 0.0049
 1.1750	 0.9881	 0.0048
 1.1800	 0.9872	 0.0047
 1.1850	 0.9927	 0.0049
 1.1900	 0.9955	 0.0047
 1.1950	 0.9982	 0.0047
 1.2000	 0.9977	 0.0049
 1.2050	 0.9959	 0.0050
 1.2100	 0.9987	 0.0050
 1.2150	 0.9998	 0.0048
 1.2200	 1.0003	 0.0049
 1.2250	 1.0005	 0.0048
 1.2300	 1.0021	 0.0048
 1.2350	 0.9984	 0.0049
 1.2400	 1.0012	 0.0049
 1.2450	 1.0029	 0.0051
 1.2500	 0.9994	 0.0051
 1.2550	 0.9981	 0.0050
 1.2600	 0.9936	 0.0050
 1.2800	 1.0056	 0.0060
 1.2850	 1.0067	 0.0055
 1.2900	 1.0103	 0.0051
 1.2950	 1.0144	 0.0048
 1.3000	 1.0133	 0.0049
 1.3050	 1.0233	 0.0051
 1.3100	 1.0293	 0.0049
 1.3150	 1.0271	 0.0049
 1.3200	 1.0330	 0.0051
 1.3250	 1.0254	 0.0050
 1.3300	 1.0240	 0.0050
 1.3350	 1.0283	 0.0050
 1.3400	 1.0294	 0.0051
 1.3450	 1.0307	 0.0054
 1.3500	 1.0269	 0.0060
 1.3550	 1.0293	 0.0067
 1.3600	 1.0311	 0.0062
 1.3650	 1.0271	 0.0063
 1.3700	 1.0240	 0.0062
 1.3750	 1.0261	 0.0069
 1.3800	 1.0291	 0.0066
 1.3850	 1.0300	 0.0070
 1.3900	 1.0267	 0.0072
 1.3950	 1.0387	 0.0064
 1.4000	 1.0443	 0.0064
 1.4050	 1.0471	 0.0062
 1.4100	 1.0463	 0.0064
 1.4150	 1.0507	 0.0060
 1.4200	 1.0555	 0.0059
 1.4250	 1.0581	 0.0059
 1.4300	 1.0582	 0.0059
 1.4350	 1.0570	 0.0059
 1.4400	 1.0515	 0.0059
 1.4450	 1.0595	 0.0063
 1.4500	 1.0583	 0.0061
 1.4550	 1.0528	 0.0058
 1.4600	 1.0620	 0.0059
 1.4650	 1.0664	 0.0059
 1.4700	 1.0598	 0.0064
 1.4750	 1.0574	 0.0059
 1.4800	 1.0641	 0.0062
 1.4850	 1.0592	 0.0061
 1.4900	 1.0591	 0.0060
 1.4950	 1.0666	 0.0059
 1.5000	 1.0654	 0.0062
 1.5050	 1.0628	 0.0069
 1.5100	 1.0604	 0.0066
 1.5200	 1.0674	 0.0062
 1.5250	 1.0718	 0.0068
 1.5300	 1.0572	 0.0062
 1.5350	 1.0721	 0.0066
 1.5400	 1.0728	 0.0068
 1.5450	 1.0715	 0.0060
 1.5500	 1.0808	 0.0061
 1.5550	 1.0769	 0.0061
 1.5600	 1.0827	 0.0063
 1.5650	 1.1034	 0.0071
 1.5700	 1.0945	 0.0068
 1.5750	 1.0844	 0.0062
 1.5800	 1.0939	 0.0069
 1.5850	 1.0972	 0.0070
 1.5900	 1.0996	 0.0069
 1.5950	 1.0970	 0.0063
 1.6000	 1.1040	 0.0066
 1.6050	 1.0909	 0.0067
 1.6100	 1.0886	 0.0076
 1.6150	 1.0964	 0.0071
 1.6200	 1.1044	 0.0069
 1.6250	 1.1040	 0.0066
 1.6300	 1.1074	 0.0065
 1.6350	 1.1071	 0.0070
 1.6400	 1.1109	 0.0070
 1.6450	 1.1261	 0.0073
 1.6500	 1.1162	 0.0070
 1.6550	 1.1192	 0.0069
 1.6600	 1.1145	 0.0072
 1.6650	 1.1023	 0.0071
 1.6700	 1.1074	 0.0075
 1.6750	 1.1201	 0.0072
 1.6800	 1.1169	 0.0085
 1.6850	 1.1147	 0.0074
 1.6900	 1.1164	 0.0073
 1.6950	 1.1085	 0.0077
 1.7000	 1.1040	 0.0076
 1.7050	 1.1254	 0.0076
 1.7100	 1.1146	 0.0082
 1.7150	 1.1245	 0.0079
 1.7200	 1.1288	 0.0082
 1.7250	 1.1253	 0.0076
 1.7300	 1.1298	 0.0079
 1.7350	 1.1413	 0.0080
 1.7400	 1.1403	 0.0076
 1.7450	 1.1349	 0.0072
 1.7500	 1.1394	 0.0075
 1.7550	 1.1438	 0.0078
 1.7600	 1.1325	 0.0079
 1.7650	 1.1342	 0.0077
 1.7700	 1.1398	 0.0077
 1.7750	 1.1420	 0.0081
 1.7800	 1.1546	 0.0079
 1.7850	 1.1583	 0.0081
 1.7900	 1.1446	 0.0085
 1.7950	 1.1567	 0.0085
 1.8000	 1.1535	 0.0088
 1.8050	 1.1543	 0.0086
 1.8100	 1.1571	 0.0088
 1.8150	 1.1740	 0.0096
 1.8200	 1.1569	 0.0091
 1.8250	 1.1609	 0.0091
 1.8300	 1.1758	 0.0096
 1.8350	 1.1784	 0.0101
 1.8400	 1.1701	 0.0111
 1.8450	 1.1651	 0.0111
 1.8500	 1.1613	 0.0116
 1.8550	 1.1613	 0.0115
 1.8650	 1.1698	 0.0121
 1.8700	 1.1790	 0.0126
 1.8750	 1.1927	 0.0132
 1.8800	 1.1815	 0.0122
 1.8850	 1.1902	 0.0112
 1.8900	 1.1760	 0.0103
 1.8950	 1.1823	 0.0121
 1.9000	 1.1932	 0.0112
 1.9050	 1.1910	 0.0118
 1.9100	 1.1975	 0.0120
 1.9150	 1.1805	 0.0118
 1.9200	 1.1905	 0.0120
 1.9250	 1.2061	 0.0124
 1.9300	 1.2085	 0.0116
 1.9350	 1.2035	 0.0110
 1.9400	 1.2092	 0.0111
 1.9450	 1.1982	 0.0111
 1.9500	 1.1988	 0.0115
 1.9550	 1.1933	 0.0117
 1.9600	 1.1929	 0.0120
 1.9650	 1.1988	 0.0114
 1.9700	 1.1845	 0.0113
 1.9750	 1.1984	 0.0114
 1.9800	 1.2141	 0.0105
 1.9850	 1.2164	 0.0099
 1.9900	 1.2072	 0.0101
 1.9950	 1.2263	 0.0131
 2.0000	 1.2224	 0.0142
 2.0050	 1.2037	 0.0145
 2.0100	 1.2277	 0.0158
 2.0150	 1.2292	 0.0146
 2.0200	 1.2138	 0.0131
 2.0250	 1.2192	 0.0119
 2.0300	 1.2177	 0.0114
 2.0350	 1.2279	 0.0114
 2.0400	 1.2304	 0.0111
 2.0450	 1.2313	 0.0122
 2.0500	 1.2457	 0.0134
 2.0550	 1.2393	 0.0131
 2.0600	 1.2286	 0.0132
 2.0650	 1.2355	 0.0119
 2.0700	 1.2583	 0.0123
 2.0750	 1.2538	 0.0120
 2.0800	 1.2481	 0.0110
 2.0850	 1.2607	 0.0109
 2.0900	 1.2598	 0.0110
 2.0950	 1.2657	 0.0109
 2.1000	 1.2677	 0.0108
 2.1050	 1.2613	 0.0113
 2.1100	 1.2524	 0.0124
 2.1150	 1.2617	 0.0118
 2.1200	 1.2654	 0.0120
 2.1250	 1.2763	 0.0120
 2.1300	 1.2824	 0.0113
 2.1350	 1.2789	 0.0115
 2.1400	 1.2884	 0.0118
 2.1450	 1.2862	 0.0119
 2.1500	 1.2747	 0.0119
 2.1550	 1.2784	 0.0122
 2.1600	 1.2881	 0.0128
 2.1650	 1.2991	 0.0120
 2.1700	 1.3043	 0.0125
 2.1750	 1.3006	 0.0133
 2.1800	 1.3095	 0.0128
 2.1850	 1.3135	 0.0132
 2.1900	 1.3063	 0.0131
 2.1950	 1.3168	 0.0133
 2.2000	 1.3101	 0.0132
 2.2050	 1.3191	 0.0139
 2.2100	 1.3149	 0.0138
 2.2150	 1.3061	 0.0145
 2.2200	 1.3176	 0.0137
 2.2250	 1.3326	 0.0149
 2.2300	 1.3335	 0.0143
 2.2350	 1.3283	 0.0139
 2.2400	 1.3237	 0.0145
 2.2450	 1.3388	 0.0140
 2.2500	 1.3569	 0.0143
 2.2550	 1.3460	 0.0146
 2.2600	 1.3407	 0.0144
 2.2650	 1.3578	 0.0147
 2.2700	 1.3593	 0.0152
 2.2750	 1.3553	 0.0148
 2.2800	 1.3567	 0.0149
 2.2850	 1.3642	 0.0158
 2.2900	 1.3792	 0.0163
 2.2950	 1.3881	 0.0172
 2.3000	 1.3855	 0.0162
 2.3050	 1.3765	 0.0158
 2.3100	 1.3755	 0.0159
 2.3150	 1.4086	 0.0180
 2.3200	 1.4006	 0.0169
 2.3250	 1.3912	 0.0170
 2.3300	 1.4000	 0.0172
 2.3350	 1.4203	 0.0168
 2.3400	 1.4137	 0.0164
 2.3450	 1.4099	 0.0176
 2.3500	 1.4235	 0.0177
 2.3550	 1.4273	 0.0176
 2.3600	 1.4327	 0.0182
 2.3650	 1.4415	 0.0176
 2.3700	 1.4413	 0.0181
 2.3750	 1.4402	 0.0183
 2.3800	 1.4625	 0.0184
 2.3850	 1.4794	 0.0195
 2.3900	 1.4810	 0.0182
 2.3950	 1.4665	 0.0191
 2.4000	 1.4862	 0.0192
 2.4100	 1.5118	 0.0192
 2.4150	 1.5151	 0.0182
 2.4200	 1.5022	 0.0189
 2.4250	 1.5157	 0.0183
 2.4400	 1.5636	 0.0204
 2.4450	 1.5565	 0.0212
 2.4500	 1.5653	 0.0199
 2.4550	 1.5912	 0.0213
 2.4600	 1.6066	 0.0214
 2.4650	 1.6112	 0.0206
 2.4700	 1.6414	 0.0213
 2.4750	 1.6530	 0.0218
 2.4800	 1.6569	 0.0218
