 0.8400	 0.8714	 0.0055
 0.8450	 0.8671	 0.0054
 0.8500	 0.8688	 0.0054
 0.8550	 0.8607	 0.0055
 0.8600	 0.8484	 0.0056
 0.8650	 0.8378	 0.0056
 0.8700	 0.8323	 0.0055
 0.8750	 0.8294	 0.0054
 0.8800	 0.8265	 0.0052
 0.8850	 0.8230	 0.0050
 0.8900	 0.8157	 0.0048
 0.8950	 0.8167	 0.0047
 0.9000	 0.8145	 0.0045
 0.9050	 0.8167	 0.0045
 0.9100	 0.8213	 0.0045
 0.9150	 0.8156	 0.0044
 0.9200	 0.8153	 0.0044
 0.9250	 0.8145	 0.0044
 0.9300	 0.8039	 0.0045
 0.9350	 0.7989	 0.0047
 0.9400	 0.8096	 0.0048
 0.9450	 0.8043	 0.0046
 0.9500	 0.8051	 0.0047
 0.9550	 0.8138	 0.0045
 0.9600	 0.8174	 0.0044
 0.9650	 0.8170	 0.0043
 0.9700	 0.8257	 0.0040
 0.9750	 0.8253	 0.0039
 0.9800	 0.8260	 0.0038
 0.9850	 0.8223	 0.0038
 0.9900	 0.8284	 0.0038
 0.9950	 0.8317	 0.0037
 1.0000	 0.8354	 0.0036
 1.0050	 0.8438	 0.0036
 1.0100	 0.8470	 0.0036
 1.0150	 0.8524	 0.0036
 1.0200	 0.8533	 0.0035
 1.0250	 0.8581	 0.0035
 1.0300	 0.8665	 0.0035
 1.0350	 0.8677	 0.0035
 1.0400	 0.8720	 0.0035
 1.0450	 0.8777	 0.0035
 1.0500	 0.8826	 0.0035
 1.0550	 0.8898	 0.0035
 1.0600	 0.8871	 0.0035
 1.0650	 0.8869	 0.0035
 1.0700	 0.8953	 0.0035
 1.0750	 0.8982	 0.0035
 1.0800	 0.8964	 0.0034
 1.0850	 0.9061	 0.0034
 1.0900	 0.9101	 0.0034
 1.0950	 0.9146	 0.0034
 1.1000	 0.9181	 0.0034
 1.1050	 0.9252	 0.0034
 1.1100	 0.9301	 0.0035
 1.1150	 0.9334	 0.0036
 1.1200	 0.9345	 0.0038
 1.1250	 0.9492	 0.0040
 1.1300	 0.9536	 0.0042
 1.1350	 0.9577	 0.0042
 1.1400	 0.9690	 0.0041
 1.1450	 0.9709	 0.0040
 1.1500	 0.9778	 0.0039
 1.1550	 0.9757	 0.0037
 1.1600	 0.9783	 0.0036
 1.1650	 0.9856	 0.0035
 1.1700	 0.9902	 0.0034
 1.1750	 0.9968	 0.0033
 1.1800	 0.9996	 0.0033
 1.1850	 1.0006	 0.0033
 1.1900	 0.9984	 0.0033
 1.1950	 1.0013	 0.0033
 1.2000	 1.0083	 0.0033
 1.2050	 1.0081	 0.0033
 1.2100	 1.0065	 0.0033
 1.2150	 1.0111	 0.0033
 1.2200	 1.0137	 0.0033
 1.2250	 1.0210	 0.0033
 1.2300	 1.0246	 0.0033
 1.2350	 1.0311	 0.0033
 1.2400	 1.0387	 0.0033
 1.2450	 1.0260	 0.0033
 1.2500	 1.0365	 0.0033
 1.2550	 1.0428	 0.0033
 1.2600	 1.0472	 0.0034
 1.2650	 1.0427	 0.0034
 1.2700	 1.0442	 0.0034
 1.2750	 1.0513	 0.0035
 1.2800	 1.0450	 0.0034
 1.2850	 1.0508	 0.0033
 1.2900	 1.0596	 0.0033
 1.2950	 1.0592	 0.0033
 1.3000	 1.0601	 0.0033
 1.3050	 1.0616	 0.0034
 1.3100	 1.0672	 0.0034
 1.3150	 1.0729	 0.0035
 1.3200	 1.0756	 0.0036
 1.3250	 1.0813	 0.0037
 1.3300	 1.0807	 0.0037
 1.3350	 1.0844	 0.0039
 1.3400	 1.0867	 0.0041
 1.3450	 1.0849	 0.0047
 1.3500	 1.0999	 0.0055
 1.3550	 1.0821	 0.0078
 1.3600	 1.0802	 0.0097
 1.3650	 1.0942	 0.0122
 1.3700	 1.0954	 0.0128
 1.3750	 1.1057	 0.0130
 1.3800	 1.1016	 0.0115
 1.3850	 1.0983	 0.0099
 1.3900	 1.1075	 0.0095
 1.3950	 1.1038	 0.0095
 1.4050	 1.1118	 0.0080
 1.4200	 1.1247	 0.0061
 1.4250	 1.1308	 0.0058
 1.4300	 1.1244	 0.0056
 1.4350	 1.1386	 0.0057
 1.4400	 1.1463	 0.0053
 1.4450	 1.1460	 0.0051
 1.4500	 1.1443	 0.0049
 1.4550	 1.1475	 0.0048
 1.4600	 1.1528	 0.0048
 1.4650	 1.1497	 0.0048
 1.4700	 1.1500	 0.0048
 1.4750	 1.1582	 0.0049
 1.4800	 1.1588	 0.0048
 1.4850	 1.1536	 0.0046
 1.4900	 1.1510	 0.0045
 1.4950	 1.1545	 0.0044
 1.5000	 1.1578	 0.0044
 1.5050	 1.1582	 0.0043
 1.5100	 1.1572	 0.0043
 1.5150	 1.1602	 0.0043
 1.5200	 1.1676	 0.0043
 1.5250	 1.1735	 0.0043
 1.5300	 1.1574	 0.0043
 1.5350	 1.1609	 0.0043
 1.5400	 1.1638	 0.0043
 1.5450	 1.1749	 0.0044
 1.5500	 1.1723	 0.0044
 1.5550	 1.1684	 0.0043
 1.5600	 1.1806	 0.0044
 1.5650	 1.1651	 0.0044
 1.5700	 1.1655	 0.0045
 1.5750	 1.1494	 0.0045
 1.5800	 1.1510	 0.0045
 1.5850	 1.1598	 0.0045
 1.5900	 1.1611	 0.0045
 1.5950	 1.1645	 0.0046
 1.6000	 1.1559	 0.0046
 1.6050	 1.1540	 0.0046
 1.6100	 1.1548	 0.0047
 1.6150	 1.1506	 0.0046
 1.6200	 1.1496	 0.0046
 1.6250	 1.1464	 0.0046
 1.6300	 1.1559	 0.0046
 1.6350	 1.1600	 0.0047
 1.6400	 1.1553	 0.0048
 1.6450	 1.1545	 0.0048
 1.6500	 1.1616	 0.0049
 1.6550	 1.1532	 0.0048
 1.6600	 1.1475	 0.0048
 1.6650	 1.1345	 0.0049
 1.6700	 1.1473	 0.0050
 1.6750	 1.1489	 0.0050
 1.6800	 1.1369	 0.0050
 1.6850	 1.1426	 0.0051
 1.6900	 1.1362	 0.0051
 1.6950	 1.1149	 0.0051
 1.7000	 1.1219	 0.0051
 1.7050	 1.1350	 0.0052
 1.7100	 1.1321	 0.0052
 1.7150	 1.1219	 0.0052
 1.7200	 1.1150	 0.0052
 1.7250	 1.1288	 0.0053
 1.7300	 1.1314	 0.0054
 1.7350	 1.1193	 0.0055
 1.7400	 1.1216	 0.0055
 1.7450	 1.1260	 0.0056
 1.7500	 1.1109	 0.0055
 1.7550	 1.0943	 0.0055
 1.7600	 1.1045	 0.0055
 1.7650	 1.1147	 0.0056
 1.7700	 1.1101	 0.0057
 1.7750	 1.1134	 0.0058
 1.7800	 1.1042	 0.0059
 1.7850	 1.0955	 0.0060
 1.7900	 1.0949	 0.0061
 1.7950	 1.0970	 0.0064
 1.8000	 1.0892	 0.0068
 1.8050	 1.0787	 0.0073
 1.8100	 1.0844	 0.0081
 1.8150	 1.1014	 0.0091
 1.8200	 1.1083	 0.0101
 1.8250	 1.1073	 0.0116
 1.8300	 1.0976	 0.0140
 1.8350	 1.0891	 0.0158
 1.8400	 1.1076	 0.0222
 1.8450	 1.0985	 0.0267
 1.8500	 1.0825	 0.0280
 1.8550	 1.0824	 0.0240
 1.8600	 1.0814	 0.0246
 1.8650	 1.0905	 0.0251
 1.8700	 1.0680	 0.0256
 1.8800	 1.0546	 0.0227
 1.8850	 1.0822	 0.0214
 1.8900	 1.0821	 0.0166
 1.8950	 1.1070	 0.0177
 1.9050	 1.0654	 0.0202
 1.9100	 1.0814	 0.0250
 1.9250	 1.0921	 0.0170
 1.9300	 1.0956	 0.0150
 1.9350	 1.0836	 0.0136
 1.9400	 1.0813	 0.0128
 1.9450	 1.0840	 0.0121
 1.9500	 1.0742	 0.0118
 1.9550	 1.0843	 0.0126
 1.9600	 1.0780	 0.0124
 1.9650	 1.0642	 0.0114
 1.9700	 1.0868	 0.0106
 1.9750	 1.0793	 0.0095
 1.9800	 1.0929	 0.0088
 1.9850	 1.1012	 0.0084
 1.9900	 1.0948	 0.0082
 1.9950	 1.0885	 0.0084
 2.0000	 1.0961	 0.0095
 2.0050	 1.0996	 0.0114
 2.0100	 1.1048	 0.0138
 2.0150	 1.0987	 0.0143
 2.0200	 1.0917	 0.0126
 2.0250	 1.0872	 0.0110
 2.0300	 1.0931	 0.0096
 2.0350	 1.1035	 0.0088
 2.0400	 1.1217	 0.0085
 2.0450	 1.0940	 0.0084
 2.0500	 1.0971	 0.0089
 2.0550	 1.1091	 0.0095
 2.0600	 1.0933	 0.0099
 2.0650	 1.1008	 0.0095
 2.0700	 1.0861	 0.0091
 2.0750	 1.0921	 0.0089
 2.0800	 1.1081	 0.0092
 2.0850	 1.1165	 0.0089
 2.0900	 1.1039	 0.0088
 2.0950	 1.1213	 0.0089
 2.1000	 1.1261	 0.0088
 2.1050	 1.1141	 0.0088
 2.1100	 1.1028	 0.0088
 2.1200	 1.1192	 0.0090
 2.1250	 1.1200	 0.0091
 2.1300	 1.1352	 0.0093
 2.1350	 1.1183	 0.0092
 2.1400	 1.1110	 0.0092
 2.1450	 1.1153	 0.0093
 2.1500	 1.1013	 0.0094
 2.1550	 1.1119	 0.0096
 2.1600	 1.1286	 0.0099
 2.1650	 1.1307	 0.0102
 2.1700	 1.1309	 0.0102
 2.1750	 1.1014	 0.0096
 2.1800	 1.1026	 0.0102
 2.1900	 1.1413	 0.0105
 2.1950	 1.1290	 0.0106
 2.2000	 1.1233	 0.0108
 2.2050	 1.1302	 0.0110
 2.2100	 1.1169	 0.0109
 2.2150	 1.1102	 0.0109
 2.2200	 1.1315	 0.0111
 2.2250	 1.1232	 0.0112
 2.2300	 1.1196	 0.0113
 2.2350	 1.1175	 0.0114
 2.2500	 1.1448	 0.0121
 2.2550	 1.1515	 0.0124
 2.2600	 1.1333	 0.0124
 2.2650	 1.1320	 0.0126
 2.2700	 1.1432	 0.0128
 2.2750	 1.1486	 0.0130
 2.2800	 1.1437	 0.0130
 2.2850	 1.1620	 0.0133
 2.2900	 1.1596	 0.0140
 2.2950	 1.1439	 0.0137
 2.3000	 1.1325	 0.0136
 2.3050	 1.1512	 0.0137
 2.3100	 1.1596	 0.0139
 2.3150	 1.1534	 0.0147
 2.3200	 1.1642	 0.0146
 2.3250	 1.1699	 0.0143
 2.3300	 1.1642	 0.0144
 2.3450	 1.1776	 0.0157
 2.3500	 1.1732	 0.0155
 2.3550	 1.1788	 0.0154
 2.3650	 1.1711	 0.0160
 2.3700	 1.1935	 0.0167
 2.3750	 1.1904	 0.0165
 2.3800	 1.1700	 0.0164
 2.3900	 1.1971	 0.0169
 2.3950	 1.1861	 0.0164
 2.4000	 1.1793	 0.0165
 2.4050	 1.1876	 0.0169
 2.4100	 1.1950	 0.0177
 2.4200	 1.1828	 0.0173
 2.4300	 1.1702	 0.0183
 2.4350	 1.1693	 0.0167
 2.4500	 1.1833	 0.1000
