 0.8150	 0.7248	 0.1464
 0.8200	 0.7608	 0.1427
 0.8250	 0.6323	 0.1362
 0.8300	 0.6512	 0.1357
 0.8350	 0.6576	 0.1357
 0.8400	 0.6803	 0.1277
 0.8450	 0.6751	 0.1260
 0.8500	 0.6303	 0.1231
 0.8550	 0.6161	 0.1238
 0.8600	 0.6178	 0.1139
 0.8650	 0.5964	 0.1178
 0.8700	 0.6461	 0.1153
 0.8750	 0.6214	 0.1088
 0.8800	 0.6071	 0.1123
 0.8850	 0.6266	 0.1113
 0.8900	 0.5971	 0.1137
 0.8950	 0.5389	 0.1053
 0.9000	 0.5665	 0.1024
 0.9050	 0.5645	 0.0961
 0.9100	 0.5548	 0.0930
 0.9150	 0.5426	 0.0892
 0.9200	 0.5513	 0.0861
 0.9250	 0.5485	 0.0849
 0.9300	 0.5437	 0.0896
 0.9350	 0.5617	 0.1135
 0.9400	 0.5576	 0.1076
 0.9450	 0.5638	 0.1042
 0.9500	 0.5893	 0.0994
 0.9550	 0.5628	 0.0913
 0.9600	 0.5461	 0.0828
 0.9650	 0.5595	 0.0762
 0.9700	 0.5566	 0.0771
 0.9750	 0.5810	 0.0737
 0.9800	 0.6141	 0.0772
 0.9850	 0.6133	 0.0690
 0.9900	 0.6134	 0.0743
 0.9950	 0.6118	 0.0834
 1.0000	 0.6391	 0.0765
 1.0050	 0.6343	 0.0760
 1.0100	 0.6695	 0.0738
 1.0150	 0.6957	 0.0742
 1.0200	 0.6599	 0.0819
 1.0250	 0.7022	 0.0715
 1.0300	 0.7755	 0.0852
 1.0350	 0.7613	 0.0681
 1.0400	 0.7819	 0.0782
 1.0450	 0.7434	 0.0754
 1.0500	 0.7438	 0.0667
 1.0550	 0.7932	 0.0600
 1.0600	 0.8090	 0.0552
 1.0650	 0.8134	 0.0521
 1.0700	 0.8358	 0.0602
 1.0750	 0.8590	 0.0783
 1.0800	 0.8222	 0.0629
 1.0850	 0.8550	 0.0865
 1.0900	 0.8864	 0.0668
 1.0950	 0.8676	 0.0795
 1.1000	 0.8414	 0.0801
 1.1050	 0.9362	 0.0709
 1.1100	 0.9448	 0.0616
 1.1150	 0.9446	 0.0561
 1.1200	 0.9790	 0.0587
 1.1250	 0.9660	 0.0596
 1.1300	 0.9451	 0.0732
 1.1350	 0.9355	 0.0937
 1.1400	 0.9807	 0.0709
 1.1450	 0.9574	 0.0897
 1.1500	 0.9484	 0.0799
 1.1550	 0.9670	 0.0786
 1.1600	 0.9795	 0.0837
 1.1650	 0.9730	 0.0751
 1.1700	 1.0149	 0.0640
 1.1750	 1.0056	 0.0569
 1.1800	 0.9900	 0.0512
 1.1850	 1.0053	 0.0455
 1.1900	 1.0175	 0.0453
 1.1950	 1.0142	 0.0450
 1.2000	 1.0247	 0.0699
 1.2050	 1.0155	 0.0794
 1.2100	 0.9884	 0.0599
 1.2150	 0.9974	 0.0859
 1.2200	 1.0167	 0.0640
 1.2250	 1.0000	 0.0737
 1.2300	 1.0211	 0.0775
 1.2350	 1.0467	 0.0716
 1.2400	 1.0453	 0.0634
 1.2450	 1.0789	 0.0574
 1.2500	 1.0630	 0.0507
 1.2550	 1.0495	 0.0485
 1.2600	 1.0321	 0.0515
 1.2650	 1.0982	 0.0603
 1.2700	 1.1351	 0.0821
 1.2750	 1.1216	 0.0950
 1.2800	 1.0524	 0.1064
 1.2850	 1.0567	 0.0854
 1.2900	 1.0967	 0.0739
 1.2950	 1.0855	 0.0886
 1.3000	 1.1763	 0.0656
 1.3050	 1.1453	 0.0775
 1.3100	 1.1198	 0.0828
 1.3150	 1.1393	 0.0770
 1.3200	 1.1370	 0.0678
 1.3250	 1.1217	 0.0634
 1.3300	 1.1014	 0.0552
 1.3350	 1.1049	 0.0493
 1.3400	 1.1253	 0.0446
 1.3450	 1.1187	 0.0467
 1.3500	 1.1205	 0.0448
 1.3550	 1.1463	 0.0571
 1.3600	 1.1479	 0.0822
 1.3650	 1.0976	 0.1362
 1.3750	 1.1014	 0.1635
 1.3900	 1.2883	 0.1739
 1.3950	 1.2150	 0.1138
 1.4000	 1.1367	 0.1271
 1.4050	 1.2915	 0.1705
 1.4100	 1.2865	 0.1637
 1.4150	 1.1254	 0.1636
 1.4200	 1.1408	 0.1554
 1.4250	 1.1366	 0.1148
 1.4300	 1.1764	 0.0753
 1.4350	 1.2045	 0.0881
 1.4400	 1.2144	 0.1057
 1.4450	 1.1421	 0.0763
 1.4500	 1.1726	 0.0690
 1.4550	 1.2222	 0.1136
 1.4600	 1.2628	 0.1180
 1.4650	 1.3113	 0.1029
 1.4700	 1.2976	 0.0968
 1.4750	 1.3091	 0.0988
 1.4800	 1.2271	 0.1012
 1.4850	 1.1737	 0.1128
 1.4900	 1.2858	 0.1192
 1.4950	 1.1977	 0.1045
 1.5000	 1.1336	 0.0684
 1.5050	 1.2066	 0.0832
 1.5100	 1.1712	 0.1423
 1.5150	 1.1453	 0.1190
 1.5200	 1.1491	 0.0663
 1.5250	 1.1797	 0.0930
 1.5300	 1.1982	 0.1126
 1.5350	 1.2249	 0.1172
 1.5400	 1.1572	 0.1116
 1.5450	 1.1319	 0.1044
 1.5500	 1.1982	 0.0972
 1.5550	 1.1985	 0.0912
 1.5600	 1.2365	 0.1006
 1.5650	 1.2763	 0.1053
 1.5700	 1.1768	 0.1054
 1.5750	 1.0702	 0.0855
 1.5800	 1.0665	 0.0638
 1.5850	 1.1778	 0.1248
 1.5900	 1.1798	 0.1500
 1.5950	 1.1640	 0.1035
 1.6000	 1.1517	 0.0709
 1.6050	 1.1365	 0.1053
 1.6100	 1.1106	 0.1236
 1.6150	 1.0515	 0.1310
 1.6200	 1.0193	 0.1221
 1.6250	 1.0232	 0.1124
 1.6300	 1.0575	 0.1068
 1.6350	 1.0741	 0.0923
 1.6400	 1.0363	 0.0974
 1.6450	 1.0433	 0.1036
 1.6500	 1.0777	 0.1105
 1.6550	 1.0319	 0.1094
 1.6600	 1.0416	 0.0852
 1.6650	 1.0334	 0.0596
 1.6700	 0.9371	 0.1035
 1.6750	 1.0343	 0.1473
 1.6800	 1.0301	 0.1225
 1.6850	 0.9068	 0.0676
 1.6900	 1.0414	 0.0872
 1.6950	 1.1090	 0.1161
 1.7000	 1.1023	 0.1238
 1.7050	 1.0695	 0.1201
 1.7100	 1.0698	 0.1173
 1.7150	 1.0637	 0.1112
 1.7200	 1.0612	 0.1051
 1.7250	 1.0487	 0.0945
 1.7300	 0.9624	 0.0988
 1.7350	 0.9762	 0.0992
 1.7400	 0.9594	 0.1088
 1.7450	 0.9322	 0.1200
 1.7500	 0.9603	 0.1092
 1.7550	 0.9462	 0.0889
 1.7600	 0.9561	 0.0648
 1.7650	 0.9738	 0.1016
 1.7700	 0.9774	 0.1481
 1.7750	 1.0140	 0.1376
 1.7800	 0.9352	 0.0781
 1.7850	 0.9271	 0.0799
 1.7900	 0.9430	 0.1193
 1.7950	 0.8839	 0.1214
 1.8000	 0.8799	 0.1284
 1.8050	 0.8555	 0.1533
 1.8100	 0.9292	 0.1639
 1.8150	 0.8031	 0.1660
 1.8200	 0.8974	 0.1620
 1.8250	 0.9242	 0.1499
 1.8300	 0.9512	 0.1736
 1.8350	 0.8021	 0.1677
 1.8400	 0.9182	 0.1781
 1.8450	 0.9417	 0.2900
 1.8500	 0.9512	 0.3512
 1.8550	 0.9151	 0.3122
 1.8600	 1.0486	 0.3162
 1.8650	 0.9305	 0.2412
 1.8700	 0.9091	 0.2047
 1.8750	 0.7964	 0.3330
 1.8800	 0.9053	 0.5674
 1.8850	 0.9086	 0.3052
 1.8900	 0.8477	 0.1663
 1.8950	 0.9316	 0.1541
 1.9000	 0.8661	 0.1571
 1.9050	 0.8597	 0.2048
 1.9100	 0.8925	 0.2726
 1.9150	 0.8727	 0.2578
 1.9200	 0.9257	 0.2350
 1.9250	 0.8961	 0.2822
 1.9300	 0.9754	 0.2543
 1.9350	 0.7995	 0.2124
 1.9400	 0.7990	 0.1692
 1.9450	 0.8994	 0.1352
 1.9500	 0.9263	 0.1237
 1.9550	 0.8075	 0.1458
 1.9600	 0.8164	 0.1780
 1.9650	 0.8772	 0.1989
 1.9700	 0.7746	 0.1918
 1.9750	 0.9197	 0.1845
 1.9800	 1.0083	 0.1634
 1.9850	 1.0006	 0.1315
 1.9900	 0.9346	 0.0971
 1.9950	 0.8479	 0.0876
 2.0000	 0.8711	 0.1272
 2.0050	 0.8210	 0.2070
 2.0100	 0.7961	 0.3051
 2.0150	 0.8301	 0.2673
 2.0200	 0.8256	 0.2181
 2.0250	 0.9151	 0.2061
 2.0300	 0.9224	 0.1943
 2.0350	 0.9644	 0.1727
 2.0400	 0.9682	 0.1606
 2.0450	 0.9370	 0.1612
 2.0500	 0.8901	 0.1555
 2.0550	 0.8898	 0.1518
 2.0600	 1.0368	 0.1891
 2.0650	 0.9271	 0.1867
 2.0700	 1.0408	 0.1455
 2.0750	 1.0018	 0.1597
 2.0800	 0.9466	 0.1567
 2.0850	 0.8485	 0.1327
 2.0900	 0.8743	 0.1227
 2.0950	 0.9325	 0.1298
 2.1000	 0.9285	 0.1188
 2.1050	 0.9256	 0.1096
 2.1100	 0.8735	 0.1238
 2.1150	 0.9012	 0.1424
 2.1200	 0.9965	 0.1501
 2.1250	 0.9694	 0.1489
 2.1300	 0.8793	 0.1500
 2.1350	 0.8127	 0.1438
 2.1400	 0.8952	 0.1320
 2.1450	 0.9214	 0.1218
 2.1500	 0.8091	 0.1178
 2.1550	 0.9024	 0.1588
 2.1600	 1.0458	 0.1893
 2.1650	 0.9703	 0.1906
 2.1700	 0.8955	 0.1541
 2.1750	 0.9230	 0.1439
 2.1800	 1.0245	 0.1496
 2.1850	 1.0135	 0.1691
 2.1900	 1.0034	 0.1821
 2.1950	 0.9334	 0.1857
 2.2000	 1.0060	 0.1800
 2.2050	 1.0618	 0.1956
 2.2100	 1.0325	 0.2017
 2.2150	 0.9764	 0.1988
 2.2200	 0.9881	 0.2036
 2.2250	 1.0567	 0.2104
 2.2300	 1.0290	 0.2059
 2.2350	 0.9977	 0.1903
 2.2400	 1.0209	 0.1993
 2.2450	 0.9997	 0.2173
 2.2500	 1.0301	 0.2156
 2.2550	 1.0329	 0.2060
 2.2600	 0.9665	 0.2075
 2.2650	 1.1207	 0.2207
 2.2700	 1.0927	 0.2264
 2.4500	 1.0927	 0.2264
