 0.7800	 1.0383	 0.0091
 0.7850	 1.0269	 0.0089
 0.7900	 1.0442	 0.0089
 0.7950	 1.0493	 0.0088
 0.8000	 1.0451	 0.0086
 0.8050	 1.0373	 0.0084
 0.8100	 1.0378	 0.0084
 0.8150	 1.0319	 0.0083
 0.8200	 1.0309	 0.0082
 0.8250	 1.0245	 0.0081
 0.8300	 1.0183	 0.0079
 0.8350	 1.0217	 0.0078
 0.8400	 1.0234	 0.0077
 0.8450	 1.0279	 0.0077
 0.8500	 1.0258	 0.0077
 0.8550	 1.0209	 0.0076
 0.8600	 1.0033	 0.0075
 0.8650	 1.0075	 0.0074
 0.8700	 1.0045	 0.0073
 0.8750	 0.9902	 0.0069
 0.8800	 1.0013	 0.0070
 0.8850	 1.0005	 0.0069
 0.8900	 0.9892	 0.0068
 0.8950	 1.0001	 0.0068
 0.9000	 0.9965	 0.0068
 0.9050	 0.9945	 0.0067
 0.9100	 1.0048	 0.0067
 0.9150	 1.0092	 0.0066
 0.9200	 1.0031	 0.0066
 0.9250	 1.0010	 0.0066
 0.9300	 0.9999	 0.0066
 0.9350	 0.9948	 0.0068
 0.9400	 0.9928	 0.0068
 0.9450	 0.9863	 0.0068
 0.9500	 0.9791	 0.0065
 0.9550	 0.9837	 0.0065
 0.9600	 0.9940	 0.0066
 0.9650	 1.0017	 0.0064
 0.9700	 0.9949	 0.0060
 0.9750	 0.9968	 0.0059
 0.9800	 0.9967	 0.0058
 0.9850	 0.9894	 0.0057
 0.9900	 0.9919	 0.0057
 0.9950	 0.9901	 0.0056
 1.0000	 0.9994	 0.0056
 1.0050	 0.9913	 0.0055
 1.0100	 0.9907	 0.0055
 1.0150	 0.9937	 0.0055
 1.0200	 0.9992	 0.0054
 1.0250	 0.9946	 0.0054
 1.0300	 0.9965	 0.0054
 1.0350	 1.0013	 0.0053
 1.0400	 1.0072	 0.0053
 1.0450	 0.9943	 0.0053
 1.0500	 0.9951	 0.0052
 1.0550	 1.0065	 0.0052
 1.0600	 1.0071	 0.0052
 1.0650	 1.0008	 0.0051
 1.0700	 1.0005	 0.0051
 1.0750	 1.0095	 0.0052
 1.0800	 1.0186	 0.0052
 1.0850	 1.0222	 0.0051
 1.0900	 1.0212	 0.0051
 1.0950	 1.0149	 0.0051
 1.1000	 1.0247	 0.0051
 1.1050	 1.0285	 0.0052
 1.1100	 1.0224	 0.0052
 1.1150	 1.0223	 0.0053
 1.1200	 1.0228	 0.0054
 1.1250	 1.0323	 0.0056
 1.1300	 1.0414	 0.0057
 1.1350	 1.0425	 0.0056
 1.1400	 1.0488	 0.0056
 1.1450	 1.0395	 0.0054
 1.1500	 1.0359	 0.0053
 1.1550	 1.0441	 0.0052
 1.1600	 1.0479	 0.0051
 1.1650	 1.0528	 0.0050
 1.1700	 1.0519	 0.0049
 1.1750	 1.0506	 0.0049
 1.1800	 1.0546	 0.0049
 1.1850	 1.0563	 0.0048
 1.1900	 1.0556	 0.0049
 1.1950	 1.0508	 0.0048
 1.2000	 1.0563	 0.0048
 1.2050	 1.0663	 0.0049
 1.2100	 1.0578	 0.0048
 1.2150	 1.0664	 0.0048
 1.2200	 1.0622	 0.0048
 1.2250	 1.0514	 0.0047
 1.2300	 1.0593	 0.0047
 1.2350	 1.0689	 0.0047
 1.2400	 1.0776	 0.0048
 1.2450	 1.0776	 0.0048
 1.2500	 1.0757	 0.0048
 1.2550	 1.0746	 0.0049
 1.2600	 1.0754	 0.0050
 1.2650	 1.0709	 0.0050
 1.2700	 1.0706	 0.0049
 1.2750	 1.0650	 0.0049
 1.2800	 1.0609	 0.0049
 1.2850	 1.0672	 0.0048
 1.2900	 1.0818	 0.0049
 1.2950	 1.0803	 0.0049
 1.3000	 1.0757	 0.0049
 1.3050	 1.0769	 0.0050
 1.3100	 1.0738	 0.0050
 1.3150	 1.0848	 0.0051
 1.3200	 1.0866	 0.0051
 1.3250	 1.0943	 0.0052
 1.3300	 1.0965	 0.0053
 1.3350	 1.0888	 0.0054
 1.3400	 1.0930	 0.0058
 1.3450	 1.0810	 0.0067
 1.3500	 1.1057	 0.0087
 1.3550	 1.0811	 0.0098
 1.3600	 1.0854	 0.0101
 1.3650	 1.0942	 0.0115
 1.3700	 1.0796	 0.0116
 1.3750	 1.0771	 0.0117
 1.3800	 1.0974	 0.0103
 1.3850	 1.1052	 0.0100
 1.3900	 1.0924	 0.0097
 1.4000	 1.0990	 0.0088
 1.4050	 1.0994	 0.0083
 1.4100	 1.0996	 0.0078
 1.4150	 1.0912	 0.0071
 1.4200	 1.1060	 0.0072
 1.4250	 1.1077	 0.0070
 1.4300	 1.1165	 0.0069
 1.4350	 1.1207	 0.0068
 1.4400	 1.1137	 0.0069
 1.4450	 1.1388	 0.0071
 1.4500	 1.1135	 0.0065
 1.4550	 1.1127	 0.0062
 1.4600	 1.1237	 0.0062
 1.4650	 1.1214	 0.0063
 1.4700	 1.1238	 0.0063
 1.4750	 1.1233	 0.0063
 1.4800	 1.1217	 0.0061
 1.4850	 1.1339	 0.0061
 1.4900	 1.1321	 0.0060
 1.4950	 1.1228	 0.0060
 1.5000	 1.1263	 0.0059
 1.5050	 1.1252	 0.0059
 1.5100	 1.1209	 0.0059
 1.5150	 1.1309	 0.0059
 1.5200	 1.1240	 0.0059
 1.5250	 1.1204	 0.0058
 1.5300	 1.1290	 0.0060
 1.5350	 1.1318	 0.0060
 1.5400	 1.1367	 0.0061
 1.5450	 1.1306	 0.0060
 1.5500	 1.1410	 0.0060
 1.5550	 1.1350	 0.0061
 1.5600	 1.1338	 0.0061
 1.5650	 1.1407	 0.0063
 1.5700	 1.1387	 0.0063
 1.5750	 1.1360	 0.0065
 1.5800	 1.1268	 0.0063
 1.5850	 1.1292	 0.0063
 1.5900	 1.1406	 0.0065
 1.5950	 1.1517	 0.0065
 1.6000	 1.1494	 0.0065
 1.6050	 1.1221	 0.0066
 1.6100	 1.1207	 0.0065
 1.6150	 1.1474	 0.0066
 1.6200	 1.1415	 0.0065
 1.6250	 1.1413	 0.0065
 1.6300	 1.1314	 0.0066
 1.6350	 1.1302	 0.0066
 1.6400	 1.1338	 0.0067
 1.6450	 1.1412	 0.0067
 1.6500	 1.1457	 0.0068
 1.6550	 1.1560	 0.0068
 1.6600	 1.1489	 0.0068
 1.6650	 1.1462	 0.0068
 1.6700	 1.1520	 0.0069
 1.6750	 1.1440	 0.0069
 1.6800	 1.1439	 0.0069
 1.6850	 1.1408	 0.0069
 1.6900	 1.1326	 0.0069
 1.6950	 1.1208	 0.0071
 1.7000	 1.1296	 0.0072
 1.7050	 1.1360	 0.0072
 1.7100	 1.1420	 0.0072
 1.7150	 1.1416	 0.0072
 1.7200	 1.1467	 0.0074
 1.7250	 1.1461	 0.0074
 1.7300	 1.1527	 0.0076
 1.7350	 1.1471	 0.0076
 1.7400	 1.1319	 0.0075
 1.7450	 1.1470	 0.0076
 1.7500	 1.1454	 0.0077
 1.7550	 1.1291	 0.0077
 1.7600	 1.1246	 0.0078
 1.7650	 1.1559	 0.0079
 1.7700	 1.1548	 0.0081
 1.7750	 1.1292	 0.0081
 1.7800	 1.1358	 0.0082
 1.7850	 1.1560	 0.0084
 1.7900	 1.1405	 0.0085
 1.7950	 1.1356	 0.0089
 1.8000	 1.1327	 0.0094
 1.8050	 1.1321	 0.0100
 1.8100	 1.1284	 0.0107
 1.8150	 1.1413	 0.0116
 1.8200	 1.1197	 0.0126
 1.8250	 1.1523	 0.0147
 1.8350	 1.1358	 0.0180
 1.8400	 1.1383	 0.0196
 1.8500	 1.1352	 0.0220
 1.8550	 1.1580	 0.0221
 1.8600	 1.1399	 0.0207
 1.8650	 1.1271	 0.0222
 1.8700	 1.1301	 0.0242
 1.8750	 1.1255	 0.0225
 1.8800	 1.1389	 0.0213
 1.8850	 1.1080	 0.0177
 1.8900	 1.1256	 0.0162
 1.8950	 1.1361	 0.0172
 1.9000	 1.1442	 0.0188
 1.9050	 1.1342	 0.0195
 1.9100	 1.1237	 0.0210
 1.9150	 1.1476	 0.0229
 1.9200	 1.1114	 0.0172
 1.9250	 1.1170	 0.0157
 1.9300	 1.1236	 0.0147
 1.9350	 1.1250	 0.0139
 1.9400	 1.1515	 0.0137
 1.9450	 1.1405	 0.0135
 1.9500	 1.1330	 0.0136
 1.9550	 1.1348	 0.0137
 1.9600	 1.1269	 0.0137
 1.9650	 1.1382	 0.0132
 1.9700	 1.1369	 0.0126
 1.9750	 1.1220	 0.0116
 1.9800	 1.1326	 0.0111
 1.9850	 1.1275	 0.0106
 1.9900	 1.1178	 0.0106
 1.9950	 1.1122	 0.0113
 2.0000	 1.1074	 0.0131
 2.0050	 1.1119	 0.0154
 2.0100	 1.1274	 0.0176
 2.0150	 1.1156	 0.0171
 2.0200	 1.1054	 0.0150
 2.0250	 1.1313	 0.0134
 2.0300	 1.1239	 0.0122
 2.0350	 1.1196	 0.0115
 2.0400	 1.1324	 0.0115
 2.0450	 1.1254	 0.0115
 2.0500	 1.1093	 0.0121
 2.0550	 1.1421	 0.0130
 2.0600	 1.1310	 0.0134
 2.0650	 1.1235	 0.0133
 2.0700	 1.1327	 0.0130
 2.0750	 1.1223	 0.0126
 2.0800	 1.1087	 0.0120
 2.0850	 1.1200	 0.0118
 2.0900	 1.1327	 0.0119
 2.0950	 1.1269	 0.0118
 2.1000	 1.1265	 0.0118
 2.1050	 1.1359	 0.0119
 2.1100	 1.1476	 0.0121
 2.1150	 1.1460	 0.0122
 2.1200	 1.1443	 0.0124
 2.1250	 1.1371	 0.0122
 2.1300	 1.1524	 0.0124
 2.1350	 1.1362	 0.0123
 2.1400	 1.1569	 0.0125
 2.1450	 1.1404	 0.0126
 2.1500	 1.1219	 0.0125
 2.1550	 1.1254	 0.0127
 2.1600	 1.1215	 0.0129
 2.1650	 1.1303	 0.0133
 2.1700	 1.1452	 0.0133
 2.1750	 1.1315	 0.0132
 2.1800	 1.1120	 0.0128
 2.1850	 1.1600	 0.0137
 2.1900	 1.1448	 0.0135
 2.1950	 1.1539	 0.0137
 2.2000	 1.1629	 0.0140
 2.2050	 1.1453	 0.0139
 2.2100	 1.1541	 0.0139
 2.2150	 1.1408	 0.0139
 2.2200	 1.1418	 0.0140
 2.2250	 1.1286	 0.0140
 2.2300	 1.1513	 0.0142
 2.2350	 1.1374	 0.0143
 2.2400	 1.1197	 0.0143
 2.2450	 1.1440	 0.0147
 2.2500	 1.1427	 0.0148
 2.2600	 1.1736	 0.0155
 2.2650	 1.1342	 0.0153
 2.2700	 1.1426	 0.0156
 2.2750	 1.1305	 0.0156
 2.2800	 1.1385	 0.0158
 2.2850	 1.1235	 0.0158
 2.2900	 1.1503	 0.0163
 2.2950	 1.1526	 0.0166
 2.3000	 1.1316	 0.0163
 2.3050	 1.1369	 0.0164
 2.3100	 1.1385	 0.0166
 2.3150	 1.1400	 0.0171
 2.3200	 1.1293	 0.0168
 2.3250	 1.1595	 0.0172
 2.3300	 1.1482	 0.0174
 2.3350	 1.1342	 0.0174
 2.3400	 1.1172	 0.0177
 2.3450	 1.1576	 0.0184
 2.3500	 1.1407	 0.0183
 2.3550	 1.1285	 0.0180
 2.3600	 1.1407	 0.0184
 2.3650	 1.1508	 0.0192
 2.3700	 1.1380	 0.0192
 2.3750	 1.1218	 0.0189
 2.3800	 1.1443	 0.0192
 2.3900	 1.1553	 0.0196
 2.4000	 1.1263	 0.0192
 2.4050	 1.1509	 0.0199
 2.4100	 1.1405	 0.0213
 2.4250	 1.1332	 0.0201
 2.4400	 1.1535	 0.0223
 2.4450	 1.1674	 0.0239
 2.4500	 1.1400	 0.1000
