 0.8200	 0.9031	 0.0416
 0.8250	 0.9391	 0.0442
 0.8300	 0.9473	 0.0426
 0.8350	 0.9667	 0.0430
 0.8400	 0.9293	 0.0426
 0.8450	 0.9599	 0.0408
 0.8500	 0.9665	 0.0415
 0.8550	 0.9580	 0.0429
 0.8600	 0.9765	 0.0443
 0.8650	 0.9640	 0.0442
 0.8700	 0.9445	 0.0441
 0.8750	 0.9234	 0.0423
 0.8800	 0.9619	 0.0405
 0.8850	 0.9345	 0.0405
 0.8900	 0.9185	 0.0395
 0.8950	 0.9437	 0.0390
 0.9000	 0.9571	 0.0374
 0.9050	 0.9549	 0.0358
 0.9100	 0.9772	 0.0359
 0.9150	 0.9166	 0.0343
 0.9200	 0.8959	 0.0350
 0.9250	 0.9281	 0.0353
 0.9300	 0.9988	 0.0364
 0.9350	 1.0186	 0.0384
 0.9400	 0.9972	 0.0397
 0.9450	 0.9892	 0.0402
 0.9500	 1.0289	 0.0426
 0.9550	 1.0153	 0.0367
 0.9600	 1.0018	 0.0377
 0.9650	 0.9979	 0.0353
 0.9700	 0.9681	 0.0331
 0.9750	 0.9391	 0.0322
 0.9800	 0.9691	 0.0302
 0.9850	 0.9669	 0.0292
 0.9900	 0.9613	 0.0296
 0.9950	 0.9821	 0.0308
 1.0000	 0.9935	 0.0291
 1.0050	 0.9448	 0.0276
 1.0100	 0.9427	 0.0296
 1.0150	 0.9699	 0.0297
 1.0200	 0.9959	 0.0326
 1.0250	 0.9794	 0.0271
 1.0300	 0.9465	 0.0272
 1.0350	 0.9629	 0.0292
 1.0400	 0.9839	 0.0281
 1.0450	 0.9725	 0.0273
 1.0500	 1.0183	 0.0290
 1.0550	 1.0738	 0.0352
 1.0600	 1.0522	 0.0295
 1.0650	 1.0388	 0.0281
 1.0700	 1.0213	 0.0275
 1.0750	 0.9791	 0.0283
 1.0800	 0.9776	 0.0289
 1.0850	 1.0164	 0.0279
 1.0900	 1.0217	 0.0298
 1.0950	 0.9882	 0.0312
 1.1000	 1.0044	 0.0296
 1.1050	 1.0017	 0.0282
 1.1100	 1.0341	 0.0289
 1.1150	 1.0726	 0.0300
 1.1200	 1.0314	 0.0287
 1.1250	 1.0213	 0.0317
 1.1300	 0.9677	 0.0381
 1.1350	 0.9587	 0.0343
 1.1400	 1.0162	 0.0337
 1.1450	 1.0880	 0.0354
 1.1500	 1.0299	 0.0315
 1.1550	 0.9799	 0.0306
 1.1600	 1.0482	 0.0288
 1.1650	 1.1101	 0.0300
 1.1700	 1.1222	 0.0293
 1.1750	 1.0872	 0.0283
 1.1800	 1.0160	 0.0264
 1.1850	 1.0061	 0.0266
 1.1900	 1.0230	 0.0246
 1.1950	 1.0720	 0.0282
 1.2000	 1.0810	 0.0289
 1.2050	 1.0099	 0.0250
 1.2100	 1.0350	 0.0251
 1.2150	 1.0371	 0.0243
 1.2200	 1.0199	 0.0256
 1.2250	 1.0489	 0.0271
 1.2300	 1.0587	 0.0245
 1.2350	 1.0833	 0.0264
 1.2400	 1.0598	 0.0259
 1.2450	 1.0666	 0.0264
 1.2500	 1.0686	 0.0273
 1.2550	 1.0406	 0.0266
 1.2600	 1.0150	 0.0264
 1.2650	 1.0182	 0.0243
 1.2700	 1.0554	 0.0265
 1.2750	 1.0232	 0.0281
 1.2800	 1.0694	 0.0263
 1.2850	 1.1402	 0.0269
 1.2900	 1.1426	 0.0266
 1.2950	 1.1784	 0.0267
 1.3000	 1.1512	 0.0279
 1.3050	 1.0956	 0.0297
 1.3100	 1.1521	 0.0304
 1.3150	 1.1453	 0.0291
 1.3200	 1.0854	 0.0284
 1.3250	 1.0924	 0.0297
 1.3300	 1.1892	 0.0315
 1.3350	 1.1798	 0.0302
 1.3400	 1.1606	 0.0335
 1.3450	 1.1462	 0.0390
 1.3500	 1.1832	 0.0510
 1.3550	 1.1406	 0.0771
 1.3600	 1.2330	 0.1045
 1.3650	 1.2005	 0.1305
 1.3700	 1.2573	 0.0734
 1.3750	 1.0887	 0.1253
 1.3800	 1.0834	 0.0961
 1.3850	 1.1543	 0.0955
 1.3900	 1.0440	 0.0905
 1.4000	 1.0766	 0.0638
 1.4050	 1.2220	 0.1058
 1.4100	 1.1385	 0.0585
 1.4150	 1.1831	 0.0564
 1.4200	 1.1004	 0.0550
 1.4250	 1.1444	 0.0426
 1.4300	 1.2489	 0.0441
 1.4350	 1.1856	 0.0405
 1.4400	 1.1532	 0.0430
 1.4450	 1.1905	 0.0398
 1.4500	 1.1100	 0.0359
 1.4550	 1.0578	 0.0363
 1.4600	 1.2379	 0.0417
 1.4650	 1.1312	 0.0405
 1.4750	 1.1919	 0.0350
 1.4800	 1.2766	 0.0385
 1.4850	 1.2557	 0.0374
 1.4900	 1.2403	 0.0383
 1.4950	 1.1500	 0.0331
 1.5000	 1.1348	 0.0322
 1.5050	 1.2305	 0.0362
 1.5100	 1.1614	 0.0319
 1.5150	 1.1748	 0.0327
 1.5200	 1.1929	 0.0333
 1.5250	 1.2043	 0.0353
 1.5300	 1.2323	 0.0387
 1.5350	 1.2173	 0.0370
 1.5400	 1.1469	 0.0319
 1.5450	 1.2353	 0.0343
 1.5500	 1.2741	 0.0364
 1.5550	 1.1573	 0.0352
 1.5600	 1.1493	 0.0327
 1.5650	 1.2090	 0.0365
 1.5700	 1.1811	 0.0357
 1.5750	 1.1097	 0.0328
 1.5800	 1.0451	 0.0356
 1.5850	 1.0751	 0.0362
 1.5900	 1.1820	 0.0347
 1.5950	 1.2405	 0.0365
 1.6000	 1.1785	 0.0351
 1.6050	 1.2559	 0.0374
 1.6100	 1.3260	 0.0426
 1.6150	 1.2715	 0.0363
 1.6200	 1.2345	 0.0373
 1.6250	 1.2388	 0.0359
 1.6300	 1.2523	 0.0373
 1.6350	 1.2929	 0.0378
 1.6400	 1.3558	 0.0431
 1.6450	 1.3197	 0.0425
 1.6500	 1.2476	 0.0389
 1.6550	 1.2307	 0.0390
 1.6600	 1.2327	 0.0382
 1.6650	 1.1853	 0.0374
 1.6700	 1.1156	 0.0391
 1.6750	 1.2172	 0.0389
 1.6800	 1.3832	 0.0469
 1.6850	 1.2780	 0.0412
 1.6900	 1.2718	 0.0416
 1.6950	 1.2754	 0.0429
 1.7000	 1.2208	 0.0409
 1.7050	 1.2028	 0.0405
 1.7100	 1.1634	 0.0432
 1.7150	 1.1437	 0.0388
 1.7200	 1.1732	 0.0401
 1.7250	 1.1380	 0.0408
 1.7300	 1.1036	 0.0406
 1.7350	 1.2944	 0.0445
 1.7400	 1.3583	 0.0472
 1.7450	 1.2957	 0.0469
 1.7500	 1.2476	 0.0484
 1.7550	 1.3169	 0.0442
 1.7600	 1.4728	 0.0552
 1.7650	 1.4383	 0.0525
 1.7700	 1.3235	 0.0473
 1.7750	 1.3608	 0.0489
 1.7800	 1.4290	 0.0550
 1.7850	 1.2792	 0.0533
 1.7900	 1.1910	 0.0513
 1.7950	 1.2889	 0.0552
 1.8000	 1.2303	 0.0659
 1.8050	 1.2964	 0.0623
 1.8150	 1.3468	 0.0907
 1.8200	 1.2919	 0.0975
 1.8250	 1.3039	 0.1136
 1.8350	 1.2513	 0.1994
 1.8400	 1.2452	 0.2940
 1.8450	 1.2531	 0.3611
 1.8500	 1.4683	 0.3462
 1.8550	 1.2572	 0.3503
 1.8750	 1.2237	 0.3891
 1.8850	 1.2971	 0.1618
 1.8900	 1.2343	 0.1973
 1.8950	 1.1465	 0.1659
 1.9000	 1.2314	 0.2291
 1.9050	 1.2461	 0.2486
 1.9100	 1.1978	 0.4213
 1.9150	 1.4864	 0.3129
 1.9200	 1.1546	 0.1768
 1.9350	 1.2451	 0.1426
 1.9400	 1.2743	 0.1198
 1.9450	 1.4648	 0.1148
 1.9500	 1.5072	 0.1231
 1.9550	 1.2516	 0.0861
 1.9650	 1.4353	 0.1039
 1.9700	 1.4342	 0.0875
 1.9850	 1.3582	 0.0756
 1.9900	 1.2876	 0.0705
 1.9950	 1.3050	 0.0784
 2.0000	 1.4836	 0.0930
 2.0050	 1.5532	 0.1237
 2.0150	 1.3254	 0.1084
 2.0200	 1.3743	 0.0998
 2.0250	 1.4984	 0.0927
 2.0300	 1.3754	 0.0836
 2.0350	 1.4004	 0.0816
 2.0400	 1.4762	 0.0876
 2.0450	 1.3346	 0.0689
 2.0500	 1.3408	 0.0825
 2.0550	 1.3158	 0.0869
 2.0600	 1.4587	 0.0848
 2.0650	 1.5633	 0.0932
 2.0700	 1.4968	 0.0986
 2.0750	 1.3818	 0.0825
 2.0800	 1.3339	 0.0783
 2.0850	 1.3305	 0.0757
 2.0900	 1.4419	 0.0726
 2.0950	 1.4996	 0.0832
 2.1000	 1.4190	 0.0736
 2.1050	 1.4503	 0.0789
 2.1100	 1.5640	 0.0831
 2.1150	 1.4797	 0.0829
 2.1200	 1.2293	 0.0725
 2.1250	 1.2374	 0.0744
 2.1300	 1.3611	 0.0810
 2.1350	 1.4172	 0.0855
 2.1400	 1.3405	 0.0829
 2.1450	 1.3677	 0.0763
 2.1500	 1.4192	 0.0858
 2.1550	 1.2013	 0.0762
 2.1600	 1.2021	 0.0696
 2.1650	 1.4663	 0.0874
 2.1700	 1.5028	 0.0915
 2.1750	 1.4221	 0.0893
 2.1800	 1.3081	 0.0926
 2.1850	 1.3228	 0.0831
 2.1900	 1.3811	 0.0872
 2.1950	 1.3112	 0.0884
 2.2000	 1.2244	 0.0918
 2.2150	 1.4512	 0.1003
 2.2200	 1.3607	 0.1012
 2.2400	 1.2878	 0.1014
 2.2450	 1.2334	 0.0894
 2.2500	 1.3301	 0.0913
 2.2550	 1.3686	 0.1009
 2.2600	 1.3418	 0.0985
 2.2650	 1.2794	 0.1057
 2.2700	 1.2500	 0.0962
 2.2750	 1.4660	 0.1072
 2.2800	 1.4519	 0.1082
 2.2850	 1.3386	 0.1100
 2.2900	 1.3009	 0.1048
 2.2950	 1.3179	 0.1031
 2.3000	 1.2930	 0.1093
 2.3050	 1.2262	 0.1007
 2.3100	 1.3469	 0.1081
 2.3150	 1.4775	 0.1294
 2.3200	 1.5196	 0.1152
 2.3250	 1.6719	 0.1274
 2.3300	 1.6501	 0.1464
 2.3500	 1.3322	 0.1284
 2.3550	 1.4574	 0.1370
 2.3600	 1.5724	 0.1431
 2.3650	 1.5674	 0.1550
 2.3700	 1.3736	 0.1329
 2.3750	 1.4198	 0.1252
 2.3800	 1.3987	 0.1457
 2.3850	 1.2832	 0.1281
 2.3900	 1.2734	 0.1369
 2.4000	 1.2596	 0.1203
 2.4050	 1.5936	 0.1976
 2.4100	 1.3652	 0.1557
 2.4200	 1.3494	 0.1456
 2.4250	 1.4341	 0.1400
 2.4500	 1.4000	 0.1000
 	 	 
