 0.8000	 1.0711	 0.0419
 0.8050	 1.0877	 0.0394
 0.8100	 1.0588	 0.0366
 0.8150	 1.0223	 0.0331
 0.8200	 1.0261	 0.0296
 0.8250	 1.0255	 0.0299
 0.8300	 1.0281	 0.0289
 0.8350	 1.0125	 0.0286
 0.8400	 1.0139	 0.0294
 0.8450	 1.0293	 0.0283
 0.8500	 1.0014	 0.0277
 0.8550	 0.9560	 0.0280
 0.8600	 0.9562	 0.0286
 0.8650	 0.9380	 0.0286
 0.8700	 0.9089	 0.0270
 0.8750	 0.9139	 0.0319
 0.8800	 0.9100	 0.0304
 0.8850	 0.9211	 0.0274
 0.8900	 0.9285	 0.0232
 0.8950	 0.9183	 0.0232
 0.9000	 0.8771	 0.0238
 0.9050	 0.8739	 0.0221
 0.9100	 0.8809	 0.0223
 0.9150	 0.8654	 0.0215
 0.9200	 0.8444	 0.0204
 0.9250	 0.8361	 0.0207
 0.9300	 0.8390	 0.0221
 0.9350	 0.8500	 0.0244
 0.9400	 0.8299	 0.0234
 0.9500	 0.8395	 0.0240
 0.9550	 0.8758	 0.0225
 0.9600	 0.8998	 0.0246
 0.9650	 0.8794	 0.0254
 0.9700	 0.8336	 0.0217
 0.9750	 0.8373	 0.0200
 0.9800	 0.8485	 0.0189
 0.9850	 0.8364	 0.0187
 0.9900	 0.8550	 0.0189
 0.9950	 0.8593	 0.0182
 1.0000	 0.8538	 0.0184
 1.0050	 0.8511	 0.0173
 1.0100	 0.8528	 0.0186
 1.0150	 0.8624	 0.0181
 1.0200	 0.8641	 0.0182
 1.0250	 0.8472	 0.0188
 1.0300	 0.8699	 0.0165
 1.0350	 0.8643	 0.0194
 1.0400	 0.8424	 0.0195
 1.0450	 0.8612	 0.0172
 1.0500	 0.8790	 0.0185
 1.0550	 0.8779	 0.0173
 1.0600	 0.8951	 0.0176
 1.0650	 0.8807	 0.0188
 1.0700	 0.8721	 0.0180
 1.0750	 0.9027	 0.0180
 1.0800	 0.9014	 0.0180
 1.0850	 0.9125	 0.0178
 1.0900	 0.9230	 0.0194
 1.0950	 0.8915	 0.0206
 1.1000	 0.8700	 0.0203
 1.1050	 0.8857	 0.0189
 1.1100	 0.8977	 0.0189
 1.1150	 0.9193	 0.0215
 1.1200	 0.9722	 0.0243
 1.1250	 0.9822	 0.0247
 1.1300	 0.9275	 0.0271
 1.1350	 0.9541	 0.0250
 1.1400	 1.0070	 0.0268
 1.1450	 0.9958	 0.0275
 1.1500	 0.9394	 0.0252
 1.1550	 0.9298	 0.0249
 1.1600	 0.9434	 0.0246
 1.1650	 0.9778	 0.0246
 1.1700	 0.9997	 0.0252
 1.1750	 1.0102	 0.0221
 1.1800	 1.0092	 0.0217
 1.1850	 0.9948	 0.0221
 1.1900	 0.9749	 0.0212
 1.1950	 0.9711	 0.0210
 1.2000	 0.9585	 0.0210
 1.2050	 0.9927	 0.0196
 1.2100	 1.0339	 0.0263
 1.2150	 1.0307	 0.0226
 1.2200	 1.0542	 0.0246
 1.2250	 1.0014	 0.0249
 1.2300	 0.9992	 0.0225
 1.2350	 1.0614	 0.0247
 1.2400	 1.0707	 0.0264
 1.2450	 1.0173	 0.0234
 1.2500	 1.0287	 0.0230
 1.2550	 1.0481	 0.0245
 1.2600	 1.0523	 0.0251
 1.2650	 1.0917	 0.0258
 1.2700	 1.0903	 0.0296
 1.2750	 1.0330	 0.0271
 1.2800	 1.0836	 0.0240
 1.2850	 1.0737	 0.0274
 1.2900	 1.0247	 0.0256
 1.2950	 1.0512	 0.0244
 1.3000	 1.0892	 0.0243
 1.3050	 1.0934	 0.0278
 1.3100	 1.0127	 0.0241
 1.3150	 1.0254	 0.0235
 1.3200	 1.0562	 0.0251
 1.3250	 1.0190	 0.0251
 1.3300	 1.0371	 0.0261
 1.3350	 1.0789	 0.0281
 1.3400	 1.0786	 0.0318
 1.3450	 1.0404	 0.0341
 1.3550	 1.0674	 0.0763
 1.3600	 1.0343	 0.0982
 1.3650	 1.0703	 0.1092
 1.3700	 1.1155	 0.1087
 1.3750	 1.1290	 0.1032
 1.3800	 1.1608	 0.0852
 1.3850	 1.1827	 0.0900
 1.3950	 1.1966	 0.0783
 1.4000	 1.1564	 0.0659
 1.4050	 1.1460	 0.0626
 1.4100	 1.1060	 0.0554
 1.4150	 1.2240	 0.0468
 1.4200	 1.2173	 0.0439
 1.4250	 1.1873	 0.0429
 1.4300	 1.1909	 0.0411
 1.4350	 1.1442	 0.0364
 1.4400	 1.1165	 0.0388
 1.4450	 1.1485	 0.0370
 1.4500	 1.2398	 0.0418
 1.4550	 1.2195	 0.0363
 1.4600	 1.1649	 0.0355
 1.4650	 1.1897	 0.0347
 1.4700	 1.1655	 0.0355
 1.4750	 1.1328	 0.0358
 1.4800	 1.1182	 0.0407
 1.4850	 1.1710	 0.0340
 1.4900	 1.2688	 0.0351
 1.4950	 1.2341	 0.0353
 1.5000	 1.1852	 0.0308
 1.5050	 1.2715	 0.0302
 1.5150	 1.2888	 0.0352
 1.5200	 1.2449	 0.0312
 1.5250	 1.2334	 0.0306
 1.5300	 1.2340	 0.0315
 1.5350	 1.2911	 0.0314
 1.5400	 1.1587	 0.0297
 1.5450	 1.2013	 0.0310
 1.5500	 1.3033	 0.0289
 1.5550	 1.2188	 0.0297
 1.5600	 1.2723	 0.0337
 1.5650	 1.3208	 0.0326
 1.5700	 1.2797	 0.0336
 1.5750	 1.2258	 0.0300
 1.5800	 1.1721	 0.0333
 1.5850	 1.2637	 0.0325
 1.5900	 1.2462	 0.0335
 1.5950	 1.2385	 0.0306
 1.6000	 1.3128	 0.0321
 1.6050	 1.1797	 0.0344
 1.6150	 1.2642	 0.0321
 1.6200	 1.2032	 0.0366
 1.6250	 1.1448	 0.0310
 1.6300	 1.3069	 0.0311
 1.6350	 1.3003	 0.0328
 1.6400	 1.2758	 0.0322
 1.6450	 1.2777	 0.0315
 1.6500	 1.2527	 0.0372
 1.6550	 1.2137	 0.0348
 1.6600	 1.2407	 0.0331
 1.6650	 1.2311	 0.0343
 1.6750	 1.1798	 0.0348
 1.6800	 1.2345	 0.0328
 1.6850	 1.2143	 0.0329
 1.6900	 1.2105	 0.0370
 1.6950	 1.1993	 0.0343
 1.7000	 1.1889	 0.0339
 1.7050	 1.1631	 0.0358
 1.7100	 1.2041	 0.0342
 1.7150	 1.2617	 0.0343
 1.7200	 1.2123	 0.0350
 1.7250	 1.1436	 0.0352
 1.7300	 1.1674	 0.0405
 1.7350	 1.1743	 0.0384
 1.7450	 1.1350	 0.0363
 1.7500	 1.2425	 0.0400
 1.7550	 1.2914	 0.0393
 1.7600	 1.1958	 0.0388
 1.7650	 1.2060	 0.0354
 1.7700	 1.2821	 0.0416
 1.7750	 1.2614	 0.0384
 1.7800	 1.1749	 0.0423
 1.7900	 1.1671	 0.0486
 1.7950	 1.2128	 0.0481
 1.8000	 1.2105	 0.0500
 1.8050	 1.1397	 0.0579
 1.8150	 1.1884	 0.0671
 1.8200	 1.2598	 0.0866
 1.8250	 1.2235	 0.0912
 1.8300	 1.1831	 0.1325
 1.8350	 1.2254	 0.1434
 1.8400	 1.2160	 0.2513
 1.8650	 1.3339	 0.2040
 1.8700	 1.2934	 0.2308
 1.8850	 1.2177	 0.1456
 1.8900	 1.2782	 0.1182
 1.8950	 1.2291	 0.1381
 1.9150	 1.2148	 0.1455
 1.9200	 1.3240	 0.1326
 1.9300	 1.1897	 0.1152
 1.9450	 1.1588	 0.0843
 1.9500	 1.2004	 0.0849
 1.9600	 1.1707	 0.0766
 1.9750	 1.1713	 0.0627
 1.9900	 1.2741	 0.0511
 2.0000	 1.2606	 0.0837
 2.0100	 1.1793	 0.0961
 2.0150	 1.1674	 0.0829
 2.0250	 1.1648	 0.0720
 2.0300	 1.2452	 0.0602
 2.0400	 1.1563	 0.0611
 2.0450	 1.3326	 0.0547
 2.0500	 1.3454	 0.0598
 2.0550	 1.1549	 0.0622
 2.0600	 1.2020	 0.0660
 2.0650	 1.2945	 0.0683
 2.0700	 1.1983	 0.0600
 2.0750	 1.2617	 0.0570
 2.0800	 1.3181	 0.0600
 2.0850	 1.2133	 0.0535
 2.0900	 1.1670	 0.0549
 2.0950	 1.2448	 0.0513
 2.1000	 1.2837	 0.0535
 2.1050	 1.2564	 0.0576
 2.1100	 1.2648	 0.0574
 2.1150	 1.3059	 0.0582
 2.1200	 1.2841	 0.0573
 2.1250	 1.2780	 0.0566
 2.1300	 1.2670	 0.0588
 2.1350	 1.2156	 0.0584
 2.1400	 1.2012	 0.0540
 2.1450	 1.2758	 0.0606
 2.1500	 1.2161	 0.0682
 2.1550	 1.1682	 0.0599
 2.1600	 1.1990	 0.0614
 2.1650	 1.2062	 0.0663
 2.1700	 1.2463	 0.0627
 2.1750	 1.2365	 0.0627
 2.1800	 1.1901	 0.0619
 2.1850	 1.3313	 0.0686
 2.1900	 1.3083	 0.0734
 2.1950	 1.2378	 0.0661
 2.2000	 1.3001	 0.0704
 2.2050	 1.2882	 0.0777
 2.2100	 1.3092	 0.0756
 2.2150	 1.2371	 0.0717
 2.2200	 1.3398	 0.0647
 2.2250	 1.3151	 0.0784
 2.2300	 1.2163	 0.0686
 2.2350	 1.2502	 0.0724
 2.2400	 1.2591	 0.0779
 2.2450	 1.2146	 0.0762
 2.2500	 1.2178	 0.0692
 2.2550	 1.1819	 0.0740
 2.2600	 1.2231	 0.0724
 2.2650	 1.2417	 0.0779
 2.2700	 1.1584	 0.0759
 2.2750	 1.2363	 0.0745
 2.2800	 1.2077	 0.0805
 2.2850	 1.2017	 0.0755
 2.2900	 1.3154	 0.0778
 2.2950	 1.1753	 0.0799
 2.3050	 1.1650	 0.0778
 2.3100	 1.2235	 0.0803
 2.3150	 1.3303	 0.0883
 2.3200	 1.2279	 0.0843
 2.3250	 1.1699	 0.0874
 2.3300	 1.2041	 0.0791
 2.3350	 1.2334	 0.0936
 2.3400	 1.2088	 0.0867
 2.3550	 1.3039	 0.0825
 2.3600	 1.2341	 0.1071
 2.3700	 1.1552	 0.1023
 2.3850	 1.2721	 0.1039
 2.3900	 1.2043	 0.1031
 2.3950	 1.2878	 0.1031
 2.4100	 1.3019	 0.1159
 2.4400	 1.2204	 0.1206
 2.4450	 1.3280	 0.1515
 2.4500	 1.2594	 0.1000
