 0.8200	 0.9382	 0.0188
 0.8250	 0.9273	 0.0180
 0.8300	 0.9103	 0.0176
 0.8350	 0.9007	 0.0173
 0.8400	 0.8786	 0.0168
 0.8450	 0.8898	 0.0169
 0.8500	 0.8763	 0.0168
 0.8550	 0.8648	 0.0170
 0.8600	 0.8592	 0.0173
 0.8650	 0.8641	 0.0174
 0.8700	 0.8622	 0.0173
 0.8750	 0.8569	 0.0170
 0.8800	 0.8477	 0.0162
 0.8850	 0.8492	 0.0155
 0.8900	 0.8643	 0.0144
 0.8950	 0.8406	 0.0144
 0.9050	 0.8203	 0.0137
 0.9100	 0.8260	 0.0137
 0.9150	 0.8224	 0.0135
 0.9200	 0.8196	 0.0135
 0.9250	 0.8195	 0.0137
 0.9300	 0.8190	 0.0140
 0.9350	 0.8181	 0.0143
 0.9400	 0.8315	 0.0148
 0.9450	 0.8410	 0.0149
 0.9500	 0.8313	 0.0144
 0.9550	 0.8441	 0.0139
 0.9600	 0.8589	 0.0136
 0.9650	 0.8499	 0.0129
 0.9700	 0.8561	 0.0125
 0.9750	 0.8543	 0.0122
 0.9800	 0.8575	 0.0120
 0.9850	 0.8597	 0.0119
 0.9900	 0.8660	 0.0118
 0.9950	 0.8725	 0.0116
 1.0000	 0.8874	 0.0115
 1.0050	 0.8839	 0.0113
 1.0100	 0.8932	 0.0113
 1.0150	 0.8960	 0.0112
 1.0200	 0.8847	 0.0110
 1.0250	 0.8748	 0.0108
 1.0300	 0.8850	 0.0109
 1.0350	 0.9036	 0.0110
 1.0400	 0.9012	 0.0110
 1.0450	 0.9057	 0.0110
 1.0500	 0.9091	 0.0109
 1.0550	 0.9192	 0.0109
 1.0600	 0.9085	 0.0109
 1.0650	 0.9192	 0.0109
 1.0700	 0.9207	 0.0108
 1.0750	 0.9281	 0.0109
 1.0800	 0.9205	 0.0106
 1.0850	 0.9207	 0.0106
 1.0900	 0.9317	 0.0106
 1.0950	 0.9400	 0.0106
 1.1000	 0.9570	 0.0107
 1.1050	 0.9699	 0.0108
 1.1100	 0.9560	 0.0109
 1.1150	 0.9657	 0.0114
 1.1200	 0.9494	 0.0117
 1.1250	 0.9445	 0.0120
 1.1300	 0.9607	 0.0129
 1.1350	 0.9931	 0.0131
 1.1400	 0.9944	 0.0128
 1.1450	 0.9764	 0.0125
 1.1500	 0.9688	 0.0120
 1.1550	 0.9625	 0.0113
 1.1600	 0.9911	 0.0111
 1.1650	 1.0060	 0.0107
 1.1700	 1.0007	 0.0104
 1.1750	 1.0000	 0.0102
 1.1800	 1.0027	 0.0101
 1.1850	 0.9916	 0.0100
 1.1900	 1.0149	 0.0101
 1.1950	 1.0138	 0.0101
 1.2000	 1.0062	 0.0101
 1.2050	 1.0072	 0.0101
 1.2100	 1.0142	 0.0101
 1.2150	 1.0052	 0.0100
 1.2200	 0.9900	 0.0101
 1.2250	 1.0243	 0.0101
 1.2300	 1.0376	 0.0101
 1.2350	 1.0466	 0.0101
 1.2400	 1.0483	 0.0103
 1.2450	 1.0375	 0.0102
 1.2500	 1.0255	 0.0101
 1.2550	 1.0212	 0.0109
 1.2600	 1.0418	 0.0112
 1.2650	 1.0075	 0.0102
 1.2700	 1.0199	 0.0103
 1.2750	 1.0366	 0.0105
 1.2800	 1.0104	 0.0102
 1.2850	 1.0215	 0.0101
 1.2900	 1.0319	 0.0101
 1.2950	 1.0397	 0.0101
 1.3000	 1.0411	 0.0102
 1.3050	 1.0361	 0.0103
 1.3100	 1.0475	 0.0105
 1.3150	 1.0602	 0.0108
 1.3200	 1.0512	 0.0109
 1.3250	 1.0562	 0.0112
 1.3300	 1.0610	 0.0114
 1.3350	 1.0652	 0.0120
 1.3400	 1.0664	 0.0130
 1.3450	 1.0771	 0.0163
 1.3500	 1.0725	 0.0189
 1.3550	 1.0524	 0.0195
 1.3600	 1.0633	 0.0288
 1.3650	 1.0476	 0.0328
 1.3700	 1.0487	 0.0387
 1.3750	 1.0697	 0.0352
 1.3800	 1.0735	 0.0341
 1.3850	 1.0699	 0.0339
 1.3900	 1.0830	 0.0251
 1.3950	 1.0977	 0.0263
 1.4000	 1.0789	 0.0260
 1.4050	 1.0789	 0.0237
 1.4100	 1.1070	 0.0172
 1.4150	 1.0949	 0.0179
 1.4200	 1.0938	 0.0167
 1.4250	 1.1074	 0.0175
 1.4300	 1.0830	 0.0167
 1.4350	 1.0774	 0.0162
 1.4400	 1.0821	 0.0156
 1.4450	 1.1109	 0.0153
 1.4500	 1.1080	 0.0146
 1.4550	 1.1199	 0.0119
 1.4650	 1.0971	 0.0143
 1.4700	 1.0845	 0.0145
 1.4750	 1.1234	 0.0148
 1.4850	 1.1130	 0.0138
 1.4900	 1.0954	 0.0134
 1.4950	 1.0874	 0.0132
 1.5000	 1.0896	 0.0130
 1.5050	 1.0800	 0.0129
 1.5100	 1.0703	 0.0131
 1.5150	 1.0962	 0.0129
 1.5200	 1.0882	 0.0128
 1.5250	 1.0796	 0.0128
 1.5300	 1.0739	 0.0127
 1.5350	 1.0809	 0.0128
 1.5400	 1.0886	 0.0128
 1.5450	 1.1164	 0.0132
 1.5500	 1.0912	 0.0131
 1.5550	 1.0876	 0.0131
 1.5600	 1.1027	 0.0133
 1.5650	 1.0924	 0.0133
 1.5700	 1.0723	 0.0133
 1.5750	 1.0613	 0.0133
 1.5800	 1.0570	 0.0135
 1.5850	 1.0559	 0.0133
 1.5900	 1.0656	 0.0134
 1.5950	 1.0670	 0.0135
 1.6000	 1.0709	 0.0137
 1.6050	 1.0557	 0.0137
 1.6100	 1.0601	 0.0137
 1.6150	 1.0627	 0.0140
 1.6200	 1.0581	 0.0139
 1.6250	 1.0733	 0.0137
 1.6300	 1.0790	 0.0141
 1.6350	 1.0467	 0.0139
 1.6400	 1.0672	 0.0144
 1.6450	 1.0447	 0.0143
 1.6500	 1.0633	 0.0144
 1.6550	 1.0737	 0.0146
 1.6600	 1.0675	 0.0147
 1.6650	 1.0715	 0.0148
 1.6700	 1.0346	 0.0148
 1.6750	 1.0262	 0.0149
 1.6800	 1.0463	 0.0151
 1.6850	 1.0411	 0.0151
 1.6900	 1.0281	 0.0151
 1.6950	 1.0314	 0.0153
 1.7000	 1.0207	 0.0152
 1.7050	 1.0418	 0.0156
 1.7100	 1.0387	 0.0156
 1.7150	 1.0108	 0.0156
 1.7200	 1.0089	 0.0157
 1.7250	 1.0151	 0.0150
 1.7300	 1.0183	 0.0165
 1.7350	 1.0335	 0.0173
 1.7400	 1.0230	 0.0163
 1.7450	 1.0256	 0.0165
 1.7500	 1.0037	 0.0163
 1.7550	 0.9881	 0.0161
 1.7600	 1.0145	 0.0165
 1.7650	 1.0173	 0.0167
 1.7700	 1.0360	 0.0174
 1.7750	 0.9944	 0.0174
 1.7850	 0.9696	 0.0175
 1.7900	 1.0130	 0.0185
 1.7950	 0.9976	 0.0198
 1.8150	 0.9760	 0.0281
 1.8250	 0.9787	 0.0363
 1.8300	 1.0397	 0.0471
 1.8450	 1.0231	 0.0857
 1.8500	 1.0405	 0.0857
 1.8550	 1.0019	 0.0771
 1.8600	 1.0042	 0.0734
 1.8650	 1.0217	 0.0665
 1.8700	 0.9989	 0.0909
 1.8950	 1.0509	 0.0437
 1.9000	 1.0288	 0.0654
 1.9050	 0.9708	 0.0716
 1.9100	 1.0004	 0.0757
 1.9200	 1.0476	 0.0562
 1.9250	 1.0264	 0.0490
 1.9300	 1.0180	 0.0429
 1.9350	 1.0359	 0.0402
 1.9400	 1.0494	 0.0386
 1.9450	 1.0061	 0.0361
 1.9500	 0.9948	 0.0356
 1.9550	 0.9945	 0.0356
 1.9700	 0.9684	 0.0295
 1.9750	 0.9907	 0.0273
 1.9800	 0.9911	 0.0253
 1.9850	 0.9973	 0.0245
 1.9900	 0.9857	 0.0241
 1.9950	 1.0272	 0.0258
 2.0050	 0.9852	 0.0370
 2.0150	 0.9936	 0.0413
 2.0250	 0.9760	 0.0304
 2.0300	 1.0302	 0.0279
 2.0350	 0.9901	 0.0255
 2.0400	 0.9969	 0.0247
 2.0450	 1.0099	 0.0258
 2.0500	 0.9751	 0.0270
 2.0550	 0.9788	 0.0292
 2.1550	 0.9893	 0.0289
 2.1600	 1.0169	 0.0300
 2.1650	 1.0163	 0.0305
 2.1800	 0.9712	 0.0300
 2.1850	 1.0214	 0.0308
 2.1950	 1.0084	 0.0321
 2.2000	 0.9892	 0.0320
 2.2150	 1.0117	 0.0328
 2.2200	 0.9772	 0.0332
 2.2300	 0.9841	 0.0330
 2.2350	 0.9892	 0.0334
 2.2400	 0.9754	 0.0343
 2.2500	 0.9640	 0.0349
 2.2600	 0.9964	 0.0357
 2.2650	 1.0284	 0.0372
 2.2700	 0.9848	 0.0370
 2.2750	 0.9653	 0.0371
 2.3000	 0.9866	 0.0391
 2.3050	 0.9857	 0.0387
 2.3100	 0.9755	 0.0404
 2.3200	 0.9572	 0.0400
 2.3250	 0.9884	 0.0402
 2.3300	 0.9964	 0.0412
 2.3350	 1.0004	 0.0422
 2.3400	 0.9966	 0.0442
 2.3450	 0.9509	 0.0435
 2.3500	 0.9690	 0.0437
 2.3550	 0.9716	 0.0435
 2.3600	 1.0266	 0.0447
 2.3750	 1.0113	 0.0473
 2.4050	 1.0139	 0.0460
 2.4500	 1.0392	 0.2000
