 0.8200	 0.7651	 0.0551
 0.8250	 0.7339	 0.0540
 0.8300	 0.7797	 0.0537
 0.8350	 0.7861	 0.0522
 0.8400	 0.7532	 0.0548
 0.8450	 0.6937	 0.0469
 0.8500	 0.7306	 0.0588
 0.8550	 0.7948	 0.0574
 0.8600	 0.7240	 0.0524
 0.8650	 0.6745	 0.0519
 0.8700	 0.7140	 0.0550
 0.8750	 0.7242	 0.0494
 0.8800	 0.6783	 0.0474
 0.8850	 0.6419	 0.0466
 0.8900	 0.6063	 0.0471
 0.8950	 0.6700	 0.0460
 0.9000	 0.6347	 0.0431
 0.9050	 0.5767	 0.0391
 0.9100	 0.5993	 0.0416
 0.9150	 0.5843	 0.0417
 0.9200	 0.5951	 0.0416
 0.9250	 0.6371	 0.0459
 0.9300	 0.6671	 0.0438
 0.9350	 0.6120	 0.0457
 0.9400	 0.5802	 0.0439
 0.9450	 0.6368	 0.0512
 0.9500	 0.6501	 0.0449
 0.9550	 0.6255	 0.0412
 0.9600	 0.6588	 0.0449
 0.9650	 0.6380	 0.0373
 0.9700	 0.6074	 0.0389
 0.9750	 0.6327	 0.0411
 0.9950	 0.7660	 0.0385
 1.0000	 0.7434	 0.0403
 1.0050	 0.7148	 0.0416
 1.0100	 0.6981	 0.0388
 1.0150	 0.7124	 0.0364
 1.0200	 0.7583	 0.0386
 1.0250	 0.8177	 0.0384
 1.0300	 0.8500	 0.0426
 1.0350	 0.8153	 0.0433
 1.0400	 0.7995	 0.0371
 1.0450	 0.7738	 0.0388
 1.0500	 0.8236	 0.0392
 1.0550	 0.8873	 0.0357
 1.0600	 0.8937	 0.0410
 1.0650	 0.9196	 0.0410
 1.0700	 0.8833	 0.0364
 1.0750	 0.8589	 0.0386
 1.0800	 0.9164	 0.0384
 1.0850	 0.9149	 0.0359
 1.0900	 0.9010	 0.0369
 1.0950	 0.9490	 0.0399
 1.1000	 0.9749	 0.0401
 1.1050	 0.9073	 0.0381
 1.1100	 0.9141	 0.0383
 1.1150	 0.9516	 0.0383
 1.1200	 0.9445	 0.0463
 1.1250	 0.9277	 0.0466
 1.1300	 0.9373	 0.0484
 1.1350	 0.9068	 0.0438
 1.1400	 0.9114	 0.0421
 1.1450	 1.0180	 0.0499
 1.1500	 1.0064	 0.0433
 1.1550	 0.9755	 0.0440
 1.1600	 0.9913	 0.0413
 1.1650	 0.9953	 0.0392
 1.1700	 0.9784	 0.0365
 1.1750	 0.9598	 0.0379
 1.1800	 0.9676	 0.0439
 1.1850	 0.9548	 0.0362
 1.1900	 0.9611	 0.0358
 1.1950	 0.9703	 0.0380
 1.2000	 0.9916	 0.0381
 1.2050	 1.0260	 0.0415
 1.2100	 1.0069	 0.0371
 1.2150	 1.0245	 0.0377
 1.2200	 1.0520	 0.0373
 1.2250	 1.0076	 0.0411
 1.2300	 0.9654	 0.0419
 1.2350	 0.9650	 0.0360
 1.2400	 1.0004	 0.0345
 1.2450	 1.0236	 0.0346
 1.2500	 1.0153	 0.0348
 1.2550	 1.0510	 0.0394
 1.2600	 0.9716	 0.0362
 1.2650	 0.9506	 0.0449
 1.2700	 1.0544	 0.0423
 1.2750	 1.0349	 0.0420
 1.2800	 0.9863	 0.0391
 1.2850	 1.0311	 0.0448
 1.2900	 1.0554	 0.0356
 1.2950	 0.9809	 0.0415
 1.3000	 1.0432	 0.0440
 1.3050	 1.0890	 0.0409
 1.3100	 1.0167	 0.0406
 1.3150	 0.9972	 0.0436
 1.3200	 1.0221	 0.0399
 1.3250	 1.0784	 0.0395
 1.3300	 1.0299	 0.0397
 1.3350	 1.0019	 0.0425
 1.3400	 1.0772	 0.0447
 1.3450	 1.0556	 0.0541
 1.3500	 0.9900	 0.0647
 1.3550	 0.9928	 0.0882
 1.3600	 1.0201	 0.1163
 1.3650	 1.0911	 0.1373
 1.3700	 1.1043	 0.1403
 1.3750	 1.1194	 0.1281
 1.3800	 1.1049	 0.1225
 1.3850	 1.0452	 0.0961
 1.3900	 1.0278	 0.0962
 1.4050	 1.1615	 0.0870
 1.4100	 1.1667	 0.0735
 1.4300	 1.1425	 0.0709
 1.4350	 1.1960	 0.0637
 1.4400	 1.1763	 0.0706
 1.4450	 1.0603	 0.0589
 1.4500	 1.0318	 0.0649
 1.4550	 1.1146	 0.0621
 1.4600	 1.1548	 0.0587
 1.4650	 1.1808	 0.0581
 1.4700	 1.1353	 0.0587
 1.4750	 1.1031	 0.0630
 1.4800	 1.1248	 0.0647
 1.4850	 1.0675	 0.0550
 1.4900	 1.0422	 0.0585
 1.4950	 1.1833	 0.0581
 1.5050	 1.1562	 0.0530
 1.5100	 1.1437	 0.0550
 1.5150	 1.1833	 0.0561
 1.5350	 1.1655	 0.0574
 1.5400	 1.1185	 0.0572
 1.5450	 1.0954	 0.0634
 1.5500	 0.9845	 0.0521
 1.5550	 0.9129	 0.0516
 1.5600	 1.0172	 0.0549
 1.5650	 1.0218	 0.0539
 1.5700	 0.9513	 0.0526
 1.5750	 1.0094	 0.0553
 1.5800	 1.0499	 0.0537
 1.5850	 0.9515	 0.0499
 1.5900	 1.0850	 0.0645
 1.6000	 1.1025	 0.0592
 1.6050	 0.8699	 0.0541
 1.6100	 0.9044	 0.0529
 1.6150	 0.9797	 0.0507
 1.6200	 0.8289	 0.0520
 1.6250	 0.9053	 0.0595
 1.6300	 1.1225	 0.0653
 1.6350	 1.0758	 0.0551
 1.6400	 0.9659	 0.0567
 1.6450	 1.0090	 0.0639
 1.6500	 0.8627	 0.0574
 1.6550	 0.7488	 0.0699
 1.6600	 1.0088	 0.0613
 1.6650	 1.0724	 0.0537
 1.6700	 0.9241	 0.0685
 1.6750	 1.0127	 0.0591
 1.6800	 0.8248	 0.0493
 1.6850	 0.7487	 0.0663
 1.6900	 0.9732	 0.0708
 1.6950	 0.9446	 0.0546
 1.7000	 0.8061	 0.0541
 1.7050	 0.7247	 0.0522
 1.7100	 0.8336	 0.0611
 1.7150	 0.8504	 0.0592
 1.7200	 0.7233	 0.0525
 1.7250	 0.7469	 0.0585
 1.7300	 0.6790	 0.0523
 1.7350	 0.6650	 0.0590
 1.7400	 0.8285	 0.0538
 1.7450	 0.8350	 0.0546
 1.7500	 0.7567	 0.0571
 1.7550	 0.7457	 0.0616
 1.7600	 0.8831	 0.0749
 1.7650	 0.8513	 0.0598
 1.7700	 0.8620	 0.0670
 1.7800	 0.9248	 0.0572
 1.7850	 0.7909	 0.0714
 1.7900	 0.6991	 0.0505
 1.7950	 0.6060	 0.0668
 1.8000	 0.8598	 0.0791
 1.8050	 0.7955	 0.0948
 1.8100	 0.5084	 0.0773
 1.8150	 0.6599	 0.0948
 1.8200	 0.8066	 0.0944
 1.8250	 0.6477	 0.0886
 1.8300	 0.4867	 0.1273
 1.8350	 0.5746	 0.1557
 1.8400	 0.5172	 0.1545
 1.8500	 0.6866	 0.2704
 1.8600	 0.7322	 0.1669
 1.8750	 0.5509	 0.2422
 1.8800	 0.7951	 0.2354
 1.8850	 0.7526	 0.1688
 1.8900	 0.5807	 0.1394
 1.8950	 0.5701	 0.1249
 1.9000	 0.5519	 0.1406
 1.9100	 0.6167	 0.2118
 1.9150	 0.7187	 0.1725
 1.9300	 0.5711	 0.1341
 1.9350	 0.6091	 0.1236
 1.9400	 0.7023	 0.1110
 1.9450	 0.7247	 0.1037
 1.9500	 0.5585	 0.0928
 1.9550	 0.6222	 0.1186
 1.9600	 0.8372	 0.1166
 1.9650	 0.7843	 0.0980
 1.9700	 0.6337	 0.0908
 1.9750	 0.6660	 0.0818
 1.9800	 0.5583	 0.0707
 1.9850	 0.5605	 0.0652
 1.9900	 0.7314	 0.0706
 1.9950	 0.4909	 0.0765
 2.0150	 0.7409	 0.1523
 2.0200	 0.5320	 0.1113
 2.0300	 0.5908	 0.0955
 2.0400	 0.7882	 0.0719
 2.0450	 0.7440	 0.0878
 2.0550	 0.7460	 0.0928
 2.0600	 0.5143	 0.0909
 2.0650	 0.5974	 0.0947
 2.0700	 0.7644	 0.0914
 2.0750	 0.7882	 0.0858
 2.0800	 0.7522	 0.0938
 2.0850	 0.7351	 0.0795
 2.0900	 0.6859	 0.0778
 2.0950	 0.7126	 0.0834
 2.1000	 0.7590	 0.0900
 2.1050	 0.7453	 0.0799
 2.1100	 0.6425	 0.0875
 2.1150	 0.6423	 0.0860
 2.1200	 0.7097	 0.0910
 2.1250	 0.7991	 0.1051
 2.1300	 0.7825	 0.0960
 2.1350	 0.7349	 0.0839
 2.1400	 0.7949	 0.0933
 2.1450	 0.7540	 0.0910
 2.1500	 0.7768	 0.0945
 2.1550	 0.7314	 0.1019
 2.1600	 0.8157	 0.1025
 2.1650	 0.8657	 0.0937
 2.1700	 0.7343	 0.0946
 2.1750	 0.7132	 0.1038
 2.1800	 0.7672	 0.1057
 2.1850	 0.7133	 0.1005
 2.1900	 0.6464	 0.0983
 2.1950	 0.7392	 0.1132
 2.2000	 0.8965	 0.1138
 2.2100	 0.8800	 0.0960
 2.2150	 0.7184	 0.0985
 2.2200	 0.6505	 0.1107
 2.2300	 0.6535	 0.1169
 2.2350	 0.7051	 0.1181
 2.2400	 0.7849	 0.1127
 2.2450	 0.8849	 0.1167
 2.2500	 0.8589	 0.1151
 2.2550	 0.7935	 0.1356
 2.2600	 0.6998	 0.1359
 2.2650	 0.7165	 0.1172
 2.2700	 0.7285	 0.1220
 2.2750	 0.8297	 0.1452
 2.2800	 0.7555	 0.1096
 2.2850	 0.7215	 0.1358
 2.2950	 0.8676	 0.1258
 2.3000	 0.7473	 0.1397
 2.3050	 0.8111	 0.1700
 2.3100	 0.7600	 0.1251
 2.3250	 0.7303	 0.1585
 2.3400	 0.7371	 0.1651
 2.3500	 0.7599	 0.1672
 2.3600	 0.7913	 0.1965
 2.3750	 0.7236	 0.2046
 2.3950	 0.8563	 0.2074
 2.4500	 0.8537	 0.1000
