 0.8150	 0.8229	 0.0592
 0.8200	 0.8274	 0.0576
 0.8250	 0.8327	 0.0539
 0.8300	 0.8216	 0.0534
 0.8350	 0.8024	 0.0529
 0.8400	 0.8031	 0.0496
 0.8450	 0.7930	 0.0490
 0.8500	 0.7851	 0.0477
 0.8550	 0.8423	 0.0485
 0.8600	 0.8139	 0.0439
 0.8650	 0.8013	 0.0450
 0.8700	 0.8060	 0.0448
 0.8750	 0.7673	 0.0412
 0.8800	 0.7792	 0.0437
 0.8850	 0.8026	 0.0427
 0.8900	 0.8150	 0.0411
 0.8950	 0.7896	 0.0403
 0.9000	 0.8064	 0.0390
 0.9050	 0.8137	 0.0371
 0.9100	 0.7681	 0.0353
 0.9150	 0.7682	 0.0342
 0.9200	 0.7997	 0.0332
 0.9250	 0.8294	 0.0333
 0.9300	 0.7772	 0.0331
 0.9350	 0.8103	 0.0411
 0.9400	 0.7929	 0.0403
 0.9450	 0.7673	 0.0382
 0.9500	 0.7754	 0.0374
 0.9550	 0.7690	 0.0346
 0.9600	 0.7974	 0.0318
 0.9650	 0.7844	 0.0295
 0.9700	 0.7970	 0.0299
 0.9750	 0.8374	 0.0292
 0.9800	 0.8078	 0.0296
 0.9850	 0.8278	 0.0276
 0.9900	 0.8125	 0.0290
 0.9950	 0.7725	 0.0318
 1.0000	 0.8066	 0.0307
 1.0050	 0.8226	 0.0307
 1.0100	 0.8413	 0.0289
 1.0150	 0.8395	 0.0289
 1.0200	 0.8321	 0.0317
 1.0250	 0.8459	 0.0292
 1.0300	 0.8365	 0.0323
 1.0350	 0.8495	 0.0274
 1.0400	 0.8538	 0.0299
 1.0450	 0.8361	 0.0300
 1.0500	 0.8481	 0.0267
 1.0550	 0.8630	 0.0243
 1.0600	 0.8616	 0.0220
 1.0650	 0.8527	 0.0209
 1.0700	 0.8739	 0.0227
 1.0750	 0.8705	 0.0299
 1.0800	 0.8017	 0.0258
 1.0850	 0.8366	 0.0313
 1.0900	 0.9050	 0.0275
 1.0950	 0.8958	 0.0299
 1.1000	 0.9329	 0.0316
 1.1050	 0.9199	 0.0285
 1.1100	 0.9138	 0.0244
 1.1150	 0.9054	 0.0218
 1.1200	 0.9200	 0.0221
 1.1250	 0.9307	 0.0218
 1.1300	 0.9313	 0.0248
 1.1350	 0.9288	 0.0337
 1.1400	 0.9484	 0.0294
 1.1450	 0.8996	 0.0303
 1.1500	 0.9345	 0.0329
 1.1550	 0.9790	 0.0281
 1.1600	 0.9605	 0.0320
 1.1650	 0.9573	 0.0298
 1.1700	 0.9634	 0.0261
 1.1750	 0.9683	 0.0232
 1.1800	 0.9834	 0.0204
 1.1850	 0.9637	 0.0187
 1.1900	 0.9486	 0.0182
 1.1950	 0.9661	 0.0176
 1.2000	 1.0626	 0.0252
 1.2050	 1.0091	 0.0317
 1.2100	 0.9766	 0.0239
 1.2150	 1.0027	 0.0319
 1.2200	 1.0000	 0.0272
 1.2250	 0.9712	 0.0273
 1.2300	 0.9919	 0.0305
 1.2350	 0.9896	 0.0284
 1.2400	 1.0057	 0.0261
 1.2450	 1.0084	 0.0232
 1.2500	 1.0131	 0.0207
 1.2550	 1.0374	 0.0201
 1.2600	 0.9977	 0.0198
 1.2650	 1.0244	 0.0243
 1.2700	 1.0647	 0.0317
 1.2750	 1.0662	 0.0379
 1.2800	 1.0271	 0.0412
 1.2850	 0.9886	 0.0376
 1.2900	 1.0172	 0.0273
 1.2950	 1.0797	 0.0353
 1.3000	 1.0444	 0.0273
 1.3050	 1.0507	 0.0290
 1.3100	 1.0535	 0.0324
 1.3150	 1.1188	 0.0308
 1.3200	 1.0959	 0.0282
 1.3250	 1.0460	 0.0251
 1.3300	 0.9963	 0.0232
 1.3350	 1.0215	 0.0201
 1.3400	 1.0547	 0.0186
 1.3450	 1.0655	 0.0181
 1.3500	 1.0673	 0.0176
 1.3550	 1.0916	 0.0187
 1.3600	 1.0809	 0.0233
 1.3650	 1.0726	 0.0301
 1.3700	 1.1037	 0.0500
 1.3750	 1.0999	 0.0523
 1.3800	 1.1024	 0.0357
 1.3850	 1.1046	 0.0363
 1.3900	 1.1845	 0.0519
 1.3950	 1.1398	 0.0391
 1.4000	 1.0751	 0.0360
 1.4050	 1.1234	 0.0511
 1.4100	 1.2125	 0.0519
 1.4150	 1.1034	 0.0508
 1.4200	 1.1600	 0.0515
 1.4250	 1.1486	 0.0444
 1.4300	 1.1486	 0.0296
 1.4350	 1.1327	 0.0277
 1.4400	 1.1466	 0.0366
 1.4450	 1.0964	 0.0326
 1.4500	 1.1355	 0.0236
 1.4550	 1.1577	 0.0360
 1.4600	 1.1444	 0.0412
 1.4650	 1.2032	 0.0392
 1.4700	 1.2025	 0.0369
 1.4750	 1.2169	 0.0361
 1.4800	 1.1914	 0.0356
 1.4850	 1.1653	 0.0388
 1.4900	 1.1628	 0.0417
 1.4950	 1.1141	 0.0403
 1.5000	 1.1301	 0.0309
 1.5050	 1.1688	 0.0234
 1.5100	 1.2086	 0.0479
 1.5150	 1.2160	 0.0513
 1.5200	 1.2138	 0.0291
 1.5250	 1.2280	 0.0298
 1.5300	 1.1919	 0.0410
 1.5350	 1.1956	 0.0442
 1.5400	 1.1864	 0.0430
 1.5450	 1.1699	 0.0408
 1.5500	 1.1983	 0.0383
 1.5550	 1.2276	 0.0359
 1.5600	 1.1819	 0.0372
 1.5650	 1.2143	 0.0404
 1.5700	 1.2461	 0.0418
 1.5750	 1.2083	 0.0379
 1.5800	 1.1856	 0.0270
 1.5850	 1.2128	 0.0362
 1.5900	 1.2089	 0.0574
 1.5950	 1.2145	 0.0509
 1.6000	 1.2473	 0.0290
 1.6050	 1.2309	 0.0345
 1.6100	 1.1726	 0.0460
 1.6150	 1.1380	 0.0504
 1.6200	 1.1495	 0.0489
 1.6250	 1.1723	 0.0461
 1.6300	 1.1980	 0.0430
 1.6350	 1.2182	 0.0389
 1.6400	 1.2598	 0.0376
 1.6450	 1.2340	 0.0411
 1.6500	 1.2626	 0.0432
 1.6550	 1.2182	 0.0454
 1.6600	 1.1717	 0.0389
 1.6650	 1.1758	 0.0272
 1.6700	 1.1624	 0.0293
 1.6750	 1.1610	 0.0526
 1.6800	 1.1427	 0.0551
 1.6850	 1.1530	 0.0332
 1.6900	 1.2013	 0.0284
 1.6950	 1.2411	 0.0430
 1.7000	 1.2535	 0.0475
 1.7050	 1.2195	 0.0488
 1.7100	 1.2500	 0.0473
 1.7150	 1.2299	 0.0450
 1.7200	 1.2172	 0.0433
 1.7250	 1.2119	 0.0392
 1.7300	 1.1885	 0.0390
 1.7350	 1.1336	 0.0399
 1.7400	 1.0955	 0.0410
 1.7450	 1.1290	 0.0463
 1.7500	 1.1531	 0.0464
 1.7550	 1.1352	 0.0398
 1.7600	 1.1677	 0.0298
 1.7650	 1.1772	 0.0294
 1.7700	 1.1966	 0.0528
 1.7750	 1.2372	 0.0588
 1.7800	 1.1601	 0.0409
 1.7850	 1.1343	 0.0293
 1.7900	 1.1890	 0.0416
 1.7950	 1.1679	 0.0476
 1.8000	 1.1189	 0.0479
 1.8050	 1.1318	 0.0541
 1.8100	 1.1010	 0.0613
 1.8150	 1.1243	 0.0602
 1.8200	 1.1620	 0.0600
 1.8250	 1.2111	 0.0560
 1.8300	 1.1485	 0.0571
 1.8350	 1.2007	 0.0615
 1.8400	 1.1406	 0.0514
 1.8450	 1.0608	 0.0609
 1.8500	 1.1031	 0.0887
 1.8550	 1.1486	 0.0995
 1.8600	 1.2093	 0.0939
 1.8650	 1.1159	 0.0787
 1.8700	 1.1221	 0.0572
 1.8750	 1.1714	 0.0766
 1.8800	 1.1445	 0.1404
 1.8850	 1.1406	 0.1138
 1.8900	 1.1437	 0.0600
 1.8950	 1.1386	 0.0493
 1.9000	 1.1618	 0.0476
 1.9050	 1.1381	 0.0535
 1.9100	 1.1726	 0.0676
 1.9150	 1.2037	 0.0707
 1.9200	 1.1494	 0.0631
 1.9250	 1.1391	 0.0745
 1.9300	 1.1030	 0.0818
 1.9350	 1.1454	 0.0740
 1.9400	 1.1051	 0.0569
 1.9450	 1.1448	 0.0512
 1.9500	 1.1653	 0.0427
 1.9550	 1.0884	 0.0445
 1.9600	 1.0990	 0.0569
 1.9650	 1.1438	 0.0662
 1.9700	 1.1443	 0.0686
 1.9750	 1.1398	 0.0655
 1.9800	 1.1575	 0.0626
 1.9850	 1.1725	 0.0535
 1.9900	 1.1836	 0.0415
 1.9950	 1.1120	 0.0333
 2.0000	 1.1522	 0.0368
 2.0050	 1.1403	 0.0644
 2.0100	 1.1302	 0.0995
 2.0150	 1.2001	 0.1093
 2.0200	 1.0831	 0.0813
 2.0250	 1.2263	 0.0698
 2.0300	 1.2141	 0.0690
 2.0350	 1.1370	 0.0642
 2.0400	 1.1946	 0.0602
 2.0450	 1.1601	 0.0616
 2.0500	 1.2302	 0.0594
 2.0550	 1.1361	 0.0577
 2.0600	 1.1583	 0.0645
 2.0650	 1.1577	 0.0712
 2.0700	 1.1571	 0.0616
 2.0750	 1.1394	 0.0529
 2.0800	 1.1049	 0.0584
 2.0850	 1.1196	 0.0529
 2.0900	 1.1230	 0.0445
 2.0950	 1.1915	 0.0469
 2.1000	 1.2378	 0.0464
 2.1050	 1.1872	 0.0414
 2.1100	 1.1744	 0.0415
 2.1150	 1.2337	 0.0501
 2.1200	 1.1932	 0.0550
 2.1250	 1.1368	 0.0562
 2.1300	 1.1096	 0.0559
 2.1350	 1.1554	 0.0541
 2.1400	 1.1113	 0.0525
 2.1450	 1.1375	 0.0467
 2.1500	 1.0723	 0.0433
 2.1550	 1.1758	 0.0485
 2.1600	 1.2550	 0.0665
 2.1650	 1.1310	 0.0732
 2.1700	 1.1752	 0.0628
 2.1750	 1.1788	 0.0527
 2.1800	 1.1943	 0.0530
 2.1850	 1.2130	 0.0561
 2.1900	 1.1264	 0.0651
 2.1950	 1.1591	 0.0674
 2.2000	 1.2216	 0.0668
 2.2050	 1.2166	 0.0683
 2.2100	 1.2329	 0.0728
 2.2150	 1.2383	 0.0755
 2.2200	 1.2378	 0.0721
 2.2250	 1.2068	 0.0764
 2.2300	 1.2218	 0.0746
 2.2350	 1.2147	 0.0710
 2.2400	 1.2060	 0.0679
 2.2450	 1.1549	 0.0764
 2.2500	 1.2472	 0.0789
 2.2550	 1.2000	 0.0779
 2.2600	 1.2297	 0.0735
 2.2650	 1.2548	 0.0770
 2.4500	 1.2548	 0.0770
