 0.8000	 1.0329	 0.0486
 0.8050	 1.0152	 0.0469
 0.8100	 1.0265	 0.0422
 0.8150	 1.0314	 0.0386
 0.8250	 1.0403	 0.0345
 0.8300	 1.0490	 0.0349
 0.8350	 1.0002	 0.0323
 0.8400	 1.0052	 0.0321
 0.8450	 0.9958	 0.0323
 0.8500	 0.9727	 0.0313
 0.8550	 0.9650	 0.0320
 0.8600	 0.9775	 0.0327
 0.8650	 0.9712	 0.0350
 0.8700	 1.0145	 0.0343
 0.8750	 1.0094	 0.0337
 0.8800	 0.9715	 0.0317
 0.8850	 0.9964	 0.0308
 0.8900	 1.0187	 0.0297
 0.8950	 1.0017	 0.0275
 0.9000	 0.9899	 0.0272
 0.9050	 0.9741	 0.0272
 0.9100	 0.9774	 0.0267
 0.9150	 0.9506	 0.0254
 0.9200	 0.9687	 0.0264
 0.9250	 0.9596	 0.0262
 0.9300	 0.9626	 0.0273
 0.9350	 0.9171	 0.0300
 0.9400	 0.9131	 0.0289
 0.9450	 0.9286	 0.0275
 0.9500	 0.9659	 0.0284
 0.9550	 0.9902	 0.0275
 0.9600	 0.9686	 0.0257
 0.9650	 0.9872	 0.0249
 0.9700	 0.9934	 0.0237
 0.9750	 0.9876	 0.0233
 0.9800	 1.0069	 0.0253
 0.9850	 0.9925	 0.0241
 0.9900	 0.9661	 0.0232
 0.9950	 0.9657	 0.0229
 1.0000	 0.9619	 0.0240
 1.0050	 0.9818	 0.0234
 1.0100	 0.9723	 0.0225
 1.0150	 0.9946	 0.0238
 1.0200	 0.9900	 0.0232
 1.0250	 1.0128	 0.0209
 1.0300	 1.0131	 0.0229
 1.0350	 1.0161	 0.0224
 1.0400	 0.9860	 0.0220
 1.0450	 0.9667	 0.0207
 1.0500	 1.0084	 0.0208
 1.0550	 0.9994	 0.0218
 1.0600	 0.9916	 0.0218
 1.0650	 0.9703	 0.0198
 1.0700	 1.0085	 0.0215
 1.0750	 1.0004	 0.0218
 1.0800	 0.9765	 0.0203
 1.0850	 0.9848	 0.0200
 1.0900	 0.9596	 0.0213
 1.0950	 0.9728	 0.0204
 1.1000	 0.9759	 0.0212
 1.1050	 0.9672	 0.0210
 1.1100	 0.9522	 0.0205
 1.1150	 0.9771	 0.0201
 1.1200	 0.9785	 0.0206
 1.1250	 0.9678	 0.0215
 1.1300	 0.9553	 0.0219
 1.1350	 0.9786	 0.0243
 1.1400	 0.9736	 0.0228
 1.1450	 0.9345	 0.0206
 1.1500	 0.9580	 0.0206
 1.1550	 0.9469	 0.0234
 1.1600	 0.9736	 0.0213
 1.1650	 1.0000	 0.0211
 1.1700	 0.9964	 0.0190
 1.1750	 0.9964	 0.0182
 1.1800	 0.9801	 0.0187
 1.1850	 0.9701	 0.0179
 1.1900	 0.9822	 0.0184
 1.1950	 1.0206	 0.0201
 1.2000	 0.9632	 0.0188
 1.2050	 0.9354	 0.0180
 1.2100	 0.9172	 0.0193
 1.2150	 0.9394	 0.0181
 1.2200	 0.9688	 0.0181
 1.2250	 0.9670	 0.0182
 1.2300	 0.9999	 0.0211
 1.2350	 0.9993	 0.0195
 1.2400	 0.9939	 0.0189
 1.2450	 0.9780	 0.0201
 1.2500	 0.9876	 0.0185
 1.2550	 0.9685	 0.0182
 1.2600	 0.9290	 0.0219
 1.2650	 0.9583	 0.0205
 1.2700	 1.0147	 0.0215
 1.2750	 1.0102	 0.0238
 1.2800	 0.9650	 0.0195
 1.2850	 0.9421	 0.0192
 1.2950	 1.0043	 0.0196
 1.3000	 0.9348	 0.0191
 1.3050	 0.9438	 0.0183
 1.3100	 0.9489	 0.0194
 1.3150	 0.9525	 0.0194
 1.3200	 0.9218	 0.0208
 1.3250	 0.9356	 0.0197
 1.3300	 0.9404	 0.0186
 1.3350	 0.9633	 0.0194
 1.3400	 0.9739	 0.0216
 1.3450	 0.9628	 0.0232
 1.3500	 0.9398	 0.0283
 1.3550	 0.9632	 0.0352
 1.3600	 0.9408	 0.0454
 1.3650	 0.9739	 0.0439
 1.3700	 1.0023	 0.0523
 1.3750	 0.9697	 0.0472
 1.3800	 1.0056	 0.0436
 1.3950	 0.9186	 0.0361
 1.4100	 0.9290	 0.0349
 1.4150	 1.0171	 0.0315
 1.4200	 1.0029	 0.0297
 1.4250	 1.0022	 0.0353
 1.4300	 1.0244	 0.0362
 1.4350	 0.9618	 0.0293
 1.4400	 1.0016	 0.0296
 1.4450	 0.9999	 0.0259
 1.4500	 1.0199	 0.0250
 1.4550	 1.0238	 0.0244
 1.4600	 0.9885	 0.0279
 1.4650	 0.9537	 0.0263
 1.4700	 0.9884	 0.0274
 1.4750	 0.9850	 0.0267
 1.4800	 1.0000	 0.0242
 1.4850	 1.0152	 0.0245
 1.4900	 0.9529	 0.0274
 1.4950	 1.0785	 0.0272
 1.5000	 1.0429	 0.0270
 1.5050	 1.0100	 0.0250
 1.5100	 0.9898	 0.0238
 1.5150	 0.9866	 0.0266
 1.5200	 1.0480	 0.0311
 1.5250	 0.9554	 0.0248
 1.5300	 0.9720	 0.0303
 1.5350	 0.9991	 0.0259
 1.5400	 0.9622	 0.0242
 1.5450	 0.9207	 0.0270
 1.5500	 0.9573	 0.0253
 1.5550	 1.0110	 0.0282
 1.5600	 0.9309	 0.0252
 1.5650	 0.9498	 0.0237
 1.5700	 0.9144	 0.0253
 1.5750	 0.7643	 0.0316
 1.5800	 0.8020	 0.0254
 1.5850	 0.8297	 0.0258
 1.5900	 0.8372	 0.0253
 1.5950	 0.8723	 0.0259
 1.6000	 0.9398	 0.0240
 1.6050	 0.9750	 0.0290
 1.6100	 0.9758	 0.0252
 1.6150	 1.0532	 0.0332
 1.6200	 1.0170	 0.0313
 1.6250	 0.9823	 0.0260
 1.6300	 1.0260	 0.0280
 1.6350	 0.9826	 0.0255
 1.6400	 0.9763	 0.0275
 1.6450	 0.9510	 0.0311
 1.6500	 0.9535	 0.0263
 1.6550	 0.9380	 0.0274
 1.6600	 0.9662	 0.0282
 1.6650	 1.0322	 0.0281
 1.6700	 1.0029	 0.0322
 1.6750	 0.9907	 0.0317
 1.6800	 0.9362	 0.0286
 1.6850	 0.9299	 0.0324
 1.6900	 0.9152	 0.0305
 1.6950	 0.9157	 0.0285
 1.7000	 0.9816	 0.0323
 1.7050	 0.9671	 0.0343
 1.7100	 0.8812	 0.0326
 1.7150	 0.8115	 0.0347
 1.7200	 0.8355	 0.0323
 1.7250	 1.0006	 0.0360
 1.7300	 0.9631	 0.0345
 1.7350	 0.9047	 0.0313
 1.7400	 0.9346	 0.0339
 1.7450	 1.0112	 0.0371
 1.7500	 0.9538	 0.0303
 1.7550	 0.9702	 0.0334
 1.7600	 0.9582	 0.0347
 1.7650	 0.9548	 0.0320
 1.7700	 0.8680	 0.0326
 1.7750	 0.8315	 0.0347
 1.7800	 0.7942	 0.0423
 1.7850	 0.8698	 0.0309
 1.7900	 0.9009	 0.0326
 1.7950	 0.9011	 0.0407
 1.8000	 0.7933	 0.0365
 1.8050	 0.8866	 0.0438
 1.8100	 1.0021	 0.0555
 1.8150	 0.8960	 0.0464
 1.8200	 0.8330	 0.0485
 1.8250	 0.8830	 0.0566
 1.8300	 0.8287	 0.0648
 1.8350	 0.7989	 0.0671
 1.8400	 0.9628	 0.0928
 1.8450	 1.0648	 0.0986
 1.8500	 1.0195	 0.1060
 1.8550	 0.8536	 0.0945
 1.8600	 0.8864	 0.0950
 1.8650	 0.9924	 0.1086
 1.8700	 0.9637	 0.1263
 1.8750	 0.8081	 0.1162
 1.8800	 0.7678	 0.0962
 1.8850	 0.8311	 0.0820
 1.8900	 0.9998	 0.0919
 1.8950	 0.9313	 0.0740
 1.9000	 1.0229	 0.0912
 1.9050	 0.9810	 0.0943
 1.9100	 0.9124	 0.0966
 1.9150	 0.9900	 0.0889
 1.9200	 0.9780	 0.0845
 1.9250	 0.8596	 0.0767
 1.9300	 0.9785	 0.0800
 1.9350	 0.8437	 0.0662
 1.9400	 0.9177	 0.0688
 1.9450	 0.9196	 0.0625
 1.9500	 1.0301	 0.0757
 1.9550	 1.0286	 0.0638
 1.9600	 1.0736	 0.0660
 1.9650	 1.1785	 0.0654
 1.9700	 1.1912	 0.0640
 1.9750	 1.0076	 0.0583
 1.9800	 0.8596	 0.0488
 1.9850	 0.8639	 0.0480
 1.9900	 0.9233	 0.0490
 1.9950	 0.9445	 0.0547
 2.0000	 1.0402	 0.0660
 2.0050	 1.0233	 0.0721
 2.0100	 0.8617	 0.0717
 2.0150	 1.0095	 0.0861
 2.0200	 0.9429	 0.0725
 2.0250	 0.8689	 0.0698
 2.0300	 0.8981	 0.0521
 2.0350	 1.0150	 0.0548
 2.0400	 1.0680	 0.0650
 2.0450	 0.9336	 0.0503
 2.0500	 0.9568	 0.0578
 2.0550	 0.9682	 0.0612
 2.0600	 0.9194	 0.0575
 2.0650	 0.9525	 0.0568
 2.0700	 0.9713	 0.0621
 2.0750	 0.9939	 0.0575
 2.0800	 1.0362	 0.0597
 2.0850	 0.9859	 0.0564
 2.0900	 1.0109	 0.0563
 2.0950	 1.0720	 0.0518
 2.1000	 1.0784	 0.0601
 2.1050	 0.8643	 0.0526
 2.1100	 0.7735	 0.0483
 2.1150	 0.8327	 0.0478
 2.1200	 0.9593	 0.0584
 2.1250	 0.9524	 0.0630
 2.1300	 0.9743	 0.0506
 2.1350	 0.9592	 0.0544
 2.1400	 0.9358	 0.0551
 2.1450	 0.9587	 0.0568
 2.1500	 0.9297	 0.0523
 2.1550	 0.9151	 0.0605
 2.1600	 0.9803	 0.0669
 2.1650	 0.9038	 0.0565
 2.1700	 0.8991	 0.0629
 2.1750	 0.9377	 0.0647
 2.1800	 0.7852	 0.0556
 2.1850	 0.7671	 0.0615
 2.1900	 0.7894	 0.0555
 2.1950	 1.0316	 0.0634
 2.2000	 1.0234	 0.0735
 2.2050	 0.8309	 0.0692
 2.2100	 0.8065	 0.0585
 2.2150	 0.9678	 0.0683
 2.2200	 0.9496	 0.0722
 2.2250	 1.0190	 0.0731
 2.2300	 1.0365	 0.0731
 2.2350	 1.0903	 0.0734
 2.2400	 1.0458	 0.0945
 2.2450	 0.9117	 0.0748
 2.2500	 0.9449	 0.0774
 2.2550	 0.8700	 0.0725
 2.2600	 0.7703	 0.0701
 2.2650	 0.7144	 0.0733
 2.2700	 0.7769	 0.0742
 2.2750	 0.8516	 0.0708
 2.2800	 0.8861	 0.0753
 2.2850	 0.7524	 0.0715
 2.2900	 0.9184	 0.0795
 2.2950	 0.9621	 0.0809
 2.3000	 1.0878	 0.0800
 2.3050	 1.0900	 0.0832
 2.3100	 1.0432	 0.0837
 2.3200	 0.8620	 0.0877
 2.3250	 1.0986	 0.0914
 2.3300	 1.2276	 0.1039
 2.3350	 1.2214	 0.0864
 2.3450	 1.0333	 0.1002
 2.3500	 1.0603	 0.0988
 2.3550	 0.9424	 0.0923
 2.3650	 0.9214	 0.0995
 2.3700	 1.2095	 0.1130
 2.3750	 1.1549	 0.1060
 2.3850	 1.0728	 0.1151
 2.3900	 1.1873	 0.1069
 2.3950	 1.0362	 0.0946
 2.4000	 1.0361	 0.1184
 2.4100	 1.0570	 0.1092
 2.4150	 1.2260	 0.1289
 2.4500	 0.8670	 0.1056
