 0.7900	 1.0883	 0.0105
 0.7950	 1.0833	 0.0102
 0.8000	 1.0686	 0.0093
 0.8050	 1.0557	 0.0097
 0.8100	 1.0487	 0.0100
 0.8150	 1.0333	 0.0092
 0.8200	 1.0328	 0.0076
 0.8250	 1.0204	 0.0076
 0.8300	 1.0205	 0.0087
 0.8350	 1.0127	 0.0086
 0.8400	 0.9950	 0.0082
 0.8450	 0.9865	 0.0084
 0.8500	 0.9770	 0.0082
 0.8550	 0.9645	 0.0077
 0.8600	 0.9599	 0.0082
 0.8650	 0.9481	 0.0081
 0.8700	 0.9410	 0.0079
 0.8750	 0.9361	 0.0081
 0.8800	 0.9312	 0.0077
 0.8850	 0.9291	 0.0076
 0.8900	 0.9200	 0.0076
 0.8950	 0.9164	 0.0076
 0.9000	 0.9179	 0.0072
 0.9050	 0.9183	 0.0069
 0.9100	 0.9164	 0.0071
 0.9150	 0.9231	 0.0073
 0.9200	 0.9052	 0.0070
 0.9250	 0.9079	 0.0073
 0.9300	 0.9031	 0.0071
 0.9350	 0.9043	 0.0062
 0.9400	 0.8984	 0.0068
 0.9450	 0.9005	 0.0077
 0.9500	 0.9023	 0.0068
 0.9550	 0.9195	 0.0067
 0.9600	 0.9219	 0.0069
 0.9650	 0.9221	 0.0076
 0.9700	 0.9215	 0.0063
 0.9750	 0.9338	 0.0064
 0.9800	 0.9286	 0.0058
 0.9850	 0.9296	 0.0063
 0.9900	 0.9361	 0.0062
 0.9950	 0.9398	 0.0060
 1.0000	 0.9539	 0.0061
 1.0050	 0.9603	 0.0061
 1.0100	 0.9643	 0.0061
 1.0150	 0.9710	 0.0058
 1.0200	 0.9696	 0.0059
 1.0250	 0.9759	 0.0060
 1.0300	 0.9842	 0.0060
 1.0350	 0.9856	 0.0049
 1.0400	 0.9956	 0.0059
 1.0450	 0.9987	 0.0061
 1.0500	 1.0040	 0.0058
 1.0550	 1.0162	 0.0057
 1.0600	 1.0208	 0.0059
 1.0650	 1.0160	 0.0058
 1.0700	 1.0218	 0.0057
 1.0750	 1.0243	 0.0059
 1.0800	 1.0326	 0.0059
 1.0850	 1.0382	 0.0055
 1.0900	 1.0404	 0.0057
 1.0950	 1.0433	 0.0057
 1.1000	 1.0435	 0.0056
 1.1050	 1.0510	 0.0056
 1.1100	 1.0609	 0.0062
 1.1150	 1.0684	 0.0057
 1.1200	 1.0717	 0.0064
 1.1250	 1.0729	 0.0061
 1.1300	 1.0853	 0.0063
 1.1350	 1.0884	 0.0060
 1.1400	 1.0826	 0.0058
 1.1450	 1.0905	 0.0061
 1.1500	 1.0955	 0.0066
 1.1550	 1.0956	 0.0058
 1.1600	 1.1071	 0.0056
 1.1650	 1.1132	 0.0054
 1.1700	 1.1117	 0.0053
 1.1750	 1.1243	 0.0054
 1.1800	 1.1255	 0.0055
 1.1850	 1.1295	 0.0053
 1.1900	 1.1306	 0.0052
 1.1950	 1.1334	 0.0053
 1.2000	 1.1332	 0.0053
 1.2050	 1.1326	 0.0054
 1.2100	 1.1397	 0.0056
 1.2150	 1.1354	 0.0057
 1.2200	 1.1373	 0.0053
 1.2250	 1.1360	 0.0057
 1.2300	 1.1374	 0.0059
 1.2350	 1.1524	 0.0055
 1.2400	 1.1624	 0.0057
 1.2450	 1.1606	 0.0057
 1.2500	 1.1616	 0.0056
 1.2550	 1.1548	 0.0056
 1.2600	 1.1628	 0.0059
 1.2650	 1.1684	 0.0058
 1.2700	 1.1638	 0.0056
 1.2750	 1.1614	 0.0055
 1.2800	 1.1620	 0.0056
 1.2850	 1.1664	 0.0057
 1.2900	 1.1711	 0.0056
 1.2950	 1.1684	 0.0053
 1.3000	 1.1691	 0.0057
 1.3050	 1.1776	 0.0056
 1.3100	 1.1839	 0.0054
 1.3150	 1.1834	 0.0058
 1.3200	 1.1928	 0.0062
 1.3250	 1.1981	 0.0059
 1.3300	 1.2030	 0.0062
 1.3350	 1.2093	 0.0061
 1.3400	 1.1938	 0.0067
 1.3450	 1.1989	 0.0078
 1.3500	 1.2202	 0.0099
 1.3550	 1.2004	 0.0100
 1.3600	 1.2080	 0.0081
 1.3650	 1.2016	 0.0083
 1.3700	 1.2011	 0.0072
 1.3750	 1.2025	 0.0084
 1.3800	 1.2167	 0.0083
 1.3850	 1.2055	 0.0080
 1.3900	 1.2027	 0.0080
 1.3950	 1.2104	 0.0076
 1.4000	 1.2161	 0.0074
 1.4050	 1.2169	 0.0080
 1.4100	 1.2286	 0.0075
 1.4150	 1.2146	 0.0075
 1.4200	 1.2201	 0.0071
 1.4250	 1.2274	 0.0068
 1.4300	 1.2239	 0.0072
 1.4350	 1.2255	 0.0073
 1.4400	 1.2399	 0.0069
 1.4450	 1.2459	 0.0066
 1.4500	 1.2379	 0.0066
 1.4550	 1.2434	 0.0067
 1.4600	 1.2240	 0.0073
 1.4650	 1.2275	 0.0071
 1.4700	 1.2411	 0.0065
 1.4750	 1.2426	 0.0065
 1.4800	 1.2446	 0.0065
 1.4850	 1.2382	 0.0066
 1.4900	 1.2350	 0.0063
 1.4950	 1.2354	 0.0065
 1.5000	 1.2337	 0.0065
 1.5050	 1.2318	 0.0064
 1.5100	 1.2331	 0.0063
 1.5150	 1.2395	 0.0064
 1.5200	 1.2368	 0.0064
 1.5250	 1.2429	 0.0064
 1.5300	 1.2501	 0.0062
 1.5350	 1.2404	 0.0064
 1.5400	 1.2359	 0.0067
 1.5450	 1.2284	 0.0066
 1.5500	 1.2266	 0.0067
 1.5550	 1.2338	 0.0071
 1.5600	 1.2282	 0.0069
 1.5650	 1.2306	 0.0068
 1.5700	 1.2267	 0.0066
 1.5750	 1.2231	 0.0071
 1.5800	 1.2226	 0.0069
 1.5850	 1.2076	 0.0067
 1.5900	 1.2088	 0.0066
 1.5950	 1.2182	 0.0068
 1.6000	 1.2160	 0.0072
 1.6050	 1.2132	 0.0073
 1.6100	 1.2057	 0.0072
 1.6150	 1.2085	 0.0069
 1.6200	 1.2117	 0.0068
 1.6250	 1.2152	 0.0067
 1.6300	 1.2085	 0.0074
 1.6350	 1.2036	 0.0072
 1.6400	 1.2117	 0.0068
 1.6450	 1.2173	 0.0068
 1.6500	 1.2062	 0.0068
 1.6550	 1.1989	 0.0070
 1.6600	 1.2016	 0.0073
 1.6650	 1.1941	 0.0073
 1.6700	 1.1929	 0.0070
 1.6750	 1.1792	 0.0069
 1.6800	 1.1815	 0.0070
 1.6850	 1.1980	 0.0076
 1.6900	 1.1718	 0.0075
 1.6950	 1.1805	 0.0072
 1.7000	 1.1674	 0.0071
 1.7050	 1.1638	 0.0072
 1.7100	 1.1673	 0.0070
 1.7150	 1.1703	 0.0070
 1.7200	 1.1586	 0.0073
 1.7250	 1.1686	 0.0080
 1.7300	 1.1661	 0.0076
 1.7350	 1.1716	 0.0069
 1.7400	 1.1641	 0.0076
 1.7450	 1.1553	 0.0074
 1.7500	 1.1534	 0.0074
 1.7550	 1.1579	 0.0076
 1.7600	 1.1430	 0.0075
 1.7650	 1.1341	 0.0073
 1.7700	 1.1280	 0.0074
 1.7750	 1.1441	 0.0077
 1.7800	 1.1512	 0.0077
 1.7850	 1.1488	 0.0078
 1.7900	 1.1366	 0.0081
 1.7950	 1.1291	 0.0083
 1.8000	 1.1318	 0.0087
 1.8050	 1.1331	 0.0091
 1.8100	 1.1253	 0.0088
 1.8150	 1.1396	 0.0089
 1.8200	 1.1432	 0.0094
 1.8250	 1.1298	 0.0101
 1.8300	 1.1318	 0.0111
 1.8350	 1.1310	 0.0119
 1.8400	 1.1161	 0.0116
 1.8450	 1.1094	 0.0122
 1.8500	 1.0892	 0.0127
 1.8550	 1.1190	 0.0116
 1.8600	 1.1237	 0.0119
 1.8650	 1.1128	 0.0120
 1.8700	 1.1316	 0.0113
 1.8750	 1.1257	 0.0114
 1.8800	 1.1055	 0.0108
 1.8850	 1.0986	 0.0110
 1.8900	 1.1169	 0.0107
 1.8950	 1.0914	 0.0113
 1.9000	 1.1336	 0.0108
 1.9050	 1.1142	 0.0112
 1.9100	 1.1214	 0.0125
 1.9150	 1.1271	 0.0111
 1.9200	 1.0893	 0.0116
 1.9250	 1.1158	 0.0107
 1.9300	 1.1187	 0.0101
 1.9350	 1.1198	 0.0101
 1.9400	 1.1284	 0.0101
 1.9450	 1.1065	 0.0102
 1.9500	 1.1128	 0.0105
 1.9550	 1.1234	 0.0109
 1.9600	 1.1262	 0.0112
 1.9650	 1.1169	 0.0109
 1.9700	 1.1168	 0.0098
 1.9750	 1.1201	 0.0099
 1.9800	 1.1087	 0.0095
 1.9850	 1.1097	 0.0092
 1.9900	 1.1222	 0.0099
 1.9950	 1.1266	 0.0103
 2.0000	 1.0916	 0.0128
 2.0050	 1.1265	 0.0137
 2.0100	 1.1249	 0.0147
 2.0150	 1.1255	 0.0129
 2.0200	 1.1371	 0.0128
 2.0250	 1.1254	 0.0118
 2.0300	 1.1176	 0.0108
 2.0350	 1.1247	 0.0098
 2.0400	 1.1306	 0.0101
 2.0450	 1.1230	 0.0101
 2.0650	 1.1273	 0.0110
 2.0700	 1.1349	 0.0111
 2.0750	 1.1427	 0.0109
 2.0800	 1.1362	 0.0111
 2.0850	 1.1307	 0.0104
 2.0900	 1.1368	 0.0100
 2.0950	 1.1297	 0.0104
 2.1000	 1.1478	 0.0113
 2.1050	 1.1621	 0.0106
 2.1100	 1.1468	 0.0102
 2.1150	 1.1474	 0.0099
 2.1200	 1.1527	 0.0107
 2.1250	 1.1489	 0.0110
 2.1300	 1.1548	 0.0104
 2.1350	 1.1590	 0.0106
 2.1400	 1.1500	 0.0105
 2.1450	 1.1653	 0.0117
 2.1500	 1.1542	 0.0112
 2.1600	 1.1550	 0.0109
 2.1650	 1.1610	 0.0115
 2.1700	 1.1656	 0.0118
 2.1750	 1.1663	 0.0121
 2.1800	 1.1772	 0.0117
 2.1850	 1.1722	 0.0116
 2.1900	 1.2081	 0.0107
 2.1950	 1.1804	 0.0122
 2.2000	 1.1759	 0.0121
 2.2050	 1.1776	 0.0116
 2.2100	 1.1783	 0.0122
 2.2150	 1.1927	 0.0127
 2.2200	 1.1794	 0.0122
 2.2250	 1.1791	 0.0121
 2.2300	 1.1875	 0.0123
 2.2350	 1.1743	 0.0124
 2.2400	 1.1939	 0.0125
 2.2450	 1.1888	 0.0131
 2.2500	 1.2010	 0.0139
 2.2550	 1.1882	 0.0124
 2.2600	 1.1937	 0.0127
 2.2650	 1.1943	 0.0130
 2.2700	 1.1953	 0.0133
 2.2750	 1.1897	 0.0130
 2.2800	 1.1958	 0.0131
 2.2850	 1.1900	 0.0126
 2.2900	 1.1971	 0.0133
 2.2950	 1.1905	 0.0139
 2.3000	 1.1961	 0.0131
 2.3050	 1.2065	 0.0131
 2.3100	 1.1883	 0.0148
 2.3150	 1.1917	 0.0142
 2.3200	 1.1941	 0.0142
 2.3300	 1.1965	 0.0137
 2.3500	 1.1962	 0.0146
 2.3700	 1.1926	 0.0149
 2.3950	 1.1918	 0.0140
 2.4050	 1.1937	 0.0148
 2.4100	 1.1926	 0.0149
 2.4150	 1.1983	 0.0156
 2.4250	 1.1899	 0.0167
 2.4400	 1.1744	 0.0171
 2.4450	 1.1830	 0.0156
 2.4500	 1.1794	 0.0162
 	 	 
