 0.8000	 0.9487	 0.0946
 0.8050	 0.8458	 0.0801
 0.8100	 0.8850	 0.0740
 0.8150	 0.9307	 0.0688
 0.8250	 0.9636	 0.0603
 0.8300	 0.9575	 0.0592
 0.8350	 0.9144	 0.0571
 0.8400	 0.8687	 0.0538
 0.8450	 0.9064	 0.0530
 0.8500	 0.9596	 0.0571
 0.8550	 0.9567	 0.0580
 0.8600	 0.9864	 0.0618
 0.8650	 0.9823	 0.0609
 0.8700	 0.9912	 0.0600
 0.8800	 0.9660	 0.0572
 0.8850	 0.8595	 0.0494
 0.8900	 0.9071	 0.0466
 0.8950	 0.9631	 0.0485
 0.9000	 0.9182	 0.0468
 0.9050	 0.8744	 0.0442
 0.9100	 0.9243	 0.0445
 0.9150	 0.9993	 0.0462
 0.9200	 0.9526	 0.0471
 0.9250	 0.9031	 0.0457
 0.9300	 0.8881	 0.0475
 0.9350	 0.8709	 0.0477
 0.9400	 0.9153	 0.0509
 0.9450	 1.0358	 0.0513
 0.9500	 1.0059	 0.0532
 0.9550	 0.9078	 0.0466
 0.9600	 0.9559	 0.0440
 0.9650	 0.9547	 0.0419
 0.9700	 0.9665	 0.0406
 0.9750	 0.9340	 0.0390
 0.9800	 0.8987	 0.0359
 0.9850	 0.9759	 0.0364
 0.9900	 1.0116	 0.0377
 0.9950	 0.9784	 0.0361
 1.0000	 0.9951	 0.0355
 1.0050	 1.0311	 0.0357
 1.0100	 1.0114	 0.0356
 1.0150	 0.9803	 0.0351
 1.0200	 0.9887	 0.0333
 1.0250	 0.9583	 0.0339
 1.0300	 0.9689	 0.0318
 1.0350	 1.0173	 0.0342
 1.0400	 1.0179	 0.0333
 1.0450	 1.0787	 0.0348
 1.0500	 1.0660	 0.0345
 1.0550	 1.0263	 0.0334
 1.0600	 0.9810	 0.0326
 1.0650	 0.9526	 0.0313
 1.0700	 0.9468	 0.0307
 1.0750	 0.9744	 0.0308
 1.0800	 0.9977	 0.0312
 1.0850	 0.9691	 0.0318
 1.0900	 0.9645	 0.0296
 1.0950	 1.0276	 0.0311
 1.1000	 0.9640	 0.0312
 1.1050	 0.9095	 0.0296
 1.1100	 0.9810	 0.0319
 1.1150	 0.9411	 0.0332
 1.1200	 0.9380	 0.0340
 1.1250	 0.9690	 0.0376
 1.1300	 0.9466	 0.0387
 1.1350	 0.9210	 0.0383
 1.1400	 0.9487	 0.0383
 1.1450	 0.8623	 0.0353
 1.1500	 0.8517	 0.0334
 1.1550	 0.9822	 0.0339
 1.1600	 0.9702	 0.0316
 1.1650	 0.9334	 0.0283
 1.1700	 0.9532	 0.0279
 1.1750	 0.9702	 0.0275
 1.1800	 0.9753	 0.0273
 1.1850	 1.0007	 0.0270
 1.1900	 1.0767	 0.0279
 1.1950	 1.0597	 0.0290
 1.2000	 0.9477	 0.0289
 1.2050	 0.9769	 0.0268
 1.2100	 1.0541	 0.0282
 1.2150	 1.0124	 0.0279
 1.2200	 1.0213	 0.0281
 1.2250	 1.0593	 0.0286
 1.2300	 0.9435	 0.0281
 1.2400	 0.9646	 0.0265
 1.2450	 1.0168	 0.0273
 1.2500	 1.0122	 0.0266
 1.2550	 1.0474	 0.0277
 1.2600	 1.0618	 0.0291
 1.2650	 0.9926	 0.0278
 1.2700	 1.0687	 0.0279
 1.2800	 1.1075	 0.0341
 1.2850	 1.0321	 0.0278
 1.2900	 1.0125	 0.0264
 1.2950	 1.0052	 0.0266
 1.3000	 0.9419	 0.0276
 1.3050	 0.9692	 0.0268
 1.3100	 1.0949	 0.0295
 1.3150	 1.0625	 0.0296
 1.3200	 0.9940	 0.0309
 1.3250	 1.0249	 0.0304
 1.3300	 1.0604	 0.0319
 1.3350	 1.0501	 0.0333
 1.3400	 1.0611	 0.0381
 1.3450	 1.0135	 0.0457
 1.3500	 0.9800	 0.0575
 1.3550	 1.0851	 0.0878
 1.3600	 0.9959	 0.1301
 1.3650	 1.0703	 0.1490
 1.3750	 1.1303	 0.1485
 1.3800	 1.0886	 0.1294
 1.3850	 0.9685	 0.1100
 1.3900	 0.9089	 0.1006
 1.3950	 1.0149	 0.0868
 1.4000	 1.0092	 0.0880
 1.4150	 1.0134	 0.0572
 1.4200	 1.0307	 0.0543
 1.4250	 1.0332	 0.0497
 1.4300	 1.0192	 0.0489
 1.4350	 1.0627	 0.0474
 1.4400	 1.0698	 0.0476
 1.4450	 1.0888	 0.0443
 1.4500	 1.0779	 0.0445
 1.4550	 1.0772	 0.0413
 1.4600	 0.8798	 0.0436
 1.4700	 1.0113	 0.0387
 1.4750	 0.9744	 0.0429
 1.4800	 1.0198	 0.0389
 1.4850	 1.0833	 0.0399
 1.4900	 0.9849	 0.0377
 1.4950	 0.9089	 0.0331
 1.5000	 0.9692	 0.0356
 1.5050	 0.9901	 0.0360
 1.5100	 1.0603	 0.0334
 1.5150	 0.9960	 0.0373
 1.5200	 0.9027	 0.0342
 1.5250	 1.0298	 0.0354
 1.5300	 1.1410	 0.0362
 1.5350	 1.0288	 0.0390
 1.5450	 0.9617	 0.0335
 1.5500	 1.0779	 0.0361
 1.5550	 1.1704	 0.0381
 1.5600	 1.0936	 0.0388
 1.5650	 0.9236	 0.0365
 1.5700	 1.1289	 0.0355
 1.5750	 1.2246	 0.0444
 1.5800	 1.1002	 0.0393
 1.5850	 1.0661	 0.0479
 1.5900	 0.9155	 0.0411
 1.5950	 1.0687	 0.0370
 1.6100	 1.2383	 0.0475
 1.6150	 1.1289	 0.0446
 1.6200	 1.0161	 0.0399
 1.6250	 1.0095	 0.0400
 1.6300	 0.9622	 0.0424
 1.6350	 0.9559	 0.0371
 1.6400	 1.1114	 0.0426
 1.6450	 1.2152	 0.0429
 1.6500	 1.1980	 0.0469
 1.6550	 1.0194	 0.0414
 1.6600	 1.0904	 0.0414
 1.6650	 1.1883	 0.0464
 1.6700	 0.9408	 0.0445
 1.6750	 0.9168	 0.0403
 1.6800	 1.0042	 0.0433
 1.6850	 1.0676	 0.0421
 1.6950	 1.2400	 0.0532
 1.7000	 1.1111	 0.0465
 1.7150	 1.1545	 0.0528
 1.7200	 1.0572	 0.0491
 1.7250	 1.0384	 0.0489
 1.7300	 1.2562	 0.0486
 1.7400	 1.0027	 0.0532
 1.7550	 0.9444	 0.0457
 1.7600	 1.0592	 0.0479
 1.7650	 1.1884	 0.0512
 1.7800	 1.1356	 0.0604
 1.7850	 1.0920	 0.0578
 1.8000	 1.0242	 0.0735
 1.8150	 1.2762	 0.1135
 1.8200	 1.2929	 0.1582
 1.8350	 1.0147	 0.2893
 1.8550	 1.2602	 0.5858
 1.8600	 1.0103	 0.4161
 1.8850	 1.0949	 0.2808
 1.8900	 0.9707	 0.2612
 1.9150	 1.0758	 0.3186
 1.9200	 1.1374	 0.2565
 1.9250	 1.2414	 0.2385
 1.9300	 1.0085	 0.2014
 1.9350	 0.9366	 0.1485
 1.9400	 1.0061	 0.1542
 1.9450	 1.1182	 0.1236
 1.9500	 1.1958	 0.1477
 1.9550	 0.9710	 0.1218
 1.9700	 1.0210	 0.0914
 1.9800	 1.2891	 0.1074
 1.9850	 1.2140	 0.0848
 1.9900	 1.2822	 0.0850
 1.9950	 1.2298	 0.0890
 2.0000	 1.0783	 0.1012
 2.0050	 1.0065	 0.1112
 2.0100	 1.1110	 0.1337
 2.0150	 1.1539	 0.1322
 2.0200	 1.1993	 0.1215
 2.0250	 1.3082	 0.1056
 2.0300	 1.1200	 0.0991
 2.0400	 1.1796	 0.0729
 2.0500	 1.3521	 0.1081
 2.0550	 1.3162	 0.0980
 2.0600	 1.3642	 0.1144
 2.0650	 0.9637	 0.0984
 2.0750	 1.0721	 0.0820
 2.0800	 1.2419	 0.0903
 2.0850	 1.1336	 0.0872
 2.0900	 1.1018	 0.0784
 2.0950	 1.0976	 0.0880
 2.1000	 1.1447	 0.0779
 2.1050	 1.1059	 0.0916
 2.1100	 1.1357	 0.0753
 2.1150	 1.3314	 0.1058
 2.1200	 1.3669	 0.0904
 2.1300	 1.1643	 0.0943
 2.1350	 1.2292	 0.0870
 2.1550	 1.2455	 0.1053
 2.1600	 1.1994	 0.1072
 2.1650	 1.1287	 0.0980
 2.1700	 1.1343	 0.0962
 2.1750	 1.1360	 0.0982
 2.1800	 1.1365	 0.0988
 2.1850	 1.2265	 0.1023
 2.1900	 1.2884	 0.1116
 2.1950	 1.1539	 0.1161
 2.2050	 1.1256	 0.1028
 2.2100	 1.3262	 0.1234
 2.2150	 1.1730	 0.1094
 2.2200	 1.3020	 0.1161
 2.2250	 1.3479	 0.1208
 2.2300	 1.3730	 0.1312
 2.2350	 1.2995	 0.1283
 2.2400	 1.3625	 0.1205
 2.2450	 1.3753	 0.1378
 2.2500	 1.3744	 0.1244
 2.2550	 1.2610	 0.1421
 2.2650	 1.1418	 0.1192
 2.2700	 1.2729	 0.1261
 2.2750	 1.2311	 0.1363
 2.2800	 1.1414	 0.1235
 2.3000	 1.2038	 0.1258
 2.3050	 1.0711	 0.1417
 2.3200	 1.1771	 0.1353
 2.3500	 1.3103	 0.1650
 2.3600	 1.1718	 0.1721
 2.3650	 1.0656	 0.1578
 2.3700	 1.1229	 0.1747
 2.3750	 1.3187	 0.1565
 2.3800	 1.3774	 0.2115
 2.3900	 1.0806	 0.1452
 2.4000	 1.3647	 0.1996
 2.4050	 1.0319	 0.1925
 2.4100	 1.0654	 0.1658
 2.4300	 1.3069	 0.1594
 2.4500	 1.2855	 0.1000
