 0.8150	 0.9382	 0.0173
 0.8200	 0.9113	 0.0168
 0.8250	 0.9044	 0.0160
 0.8300	 0.9014	 0.0159
 0.8350	 0.8761	 0.0153
 0.8400	 0.8881	 0.0145
 0.8450	 0.9052	 0.0144
 0.8500	 0.9008	 0.0140
 0.8550	 0.8394	 0.0137
 0.8600	 0.8638	 0.0129
 0.8650	 0.8686	 0.0134
 0.8700	 0.8382	 0.0129
 0.8750	 0.8483	 0.0122
 0.8800	 0.8371	 0.0124
 0.8850	 0.8489	 0.0124
 0.8900	 0.8377	 0.0121
 0.8950	 0.8529	 0.0119
 0.9000	 0.8207	 0.0120
 0.9050	 0.8469	 0.0114
 0.9100	 0.8194	 0.0111
 0.9150	 0.8115	 0.0108
 0.9200	 0.8097	 0.0103
 0.9250	 0.8314	 0.0102
 0.9300	 0.8319	 0.0108
 0.9350	 0.8312	 0.0143
 0.9400	 0.8309	 0.0137
 0.9450	 0.8134	 0.0129
 0.9500	 0.8196	 0.0124
 0.9550	 0.8118	 0.0115
 0.9600	 0.8092	 0.0107
 0.9650	 0.8011	 0.0097
 0.9700	 0.8309	 0.0095
 0.9750	 0.8235	 0.0091
 0.9800	 0.8233	 0.0091
 0.9850	 0.8283	 0.0085
 0.9900	 0.8363	 0.0088
 0.9950	 0.8284	 0.0095
 1.0000	 0.8573	 0.0091
 1.0050	 0.8432	 0.0091
 1.0100	 0.8590	 0.0089
 1.0150	 0.8631	 0.0088
 1.0200	 0.8627	 0.0094
 1.0250	 0.8755	 0.0086
 1.0300	 0.8806	 0.0094
 1.0350	 0.8713	 0.0082
 1.0400	 0.8599	 0.0088
 1.0450	 0.8790	 0.0086
 1.0500	 0.8778	 0.0080
 1.0550	 0.8867	 0.0075
 1.0600	 0.8759	 0.0071
 1.0650	 0.8917	 0.0070
 1.0700	 0.8929	 0.0076
 1.0750	 0.8943	 0.0088
 1.0800	 0.9090	 0.0077
 1.0850	 0.9015	 0.0094
 1.0900	 0.9208	 0.0080
 1.0950	 0.9308	 0.0090
 1.1000	 0.9230	 0.0090
 1.1050	 0.9283	 0.0084
 1.1100	 0.9592	 0.0078
 1.1150	 0.9397	 0.0075
 1.1200	 0.9774	 0.0085
 1.1250	 0.9463	 0.0091
 1.1300	 0.9669	 0.0107
 1.1350	 0.9582	 0.0117
 1.1400	 0.9586	 0.0096
 1.1450	 0.9919	 0.0106
 1.1500	 0.9518	 0.0105
 1.1550	 0.9512	 0.0098
 1.1600	 0.9703	 0.0097
 1.1650	 0.9798	 0.0088
 1.1700	 0.9926	 0.0079
 1.1750	 0.9988	 0.0072
 1.1800	 1.0032	 0.0069
 1.1850	 0.9796	 0.0064
 1.1900	 0.9943	 0.0064
 1.1950	 1.0140	 0.0064
 1.2000	 0.9997	 0.0081
 1.2050	 0.9962	 0.0089
 1.2100	 1.0000	 0.0074
 1.2150	 0.9903	 0.0092
 1.2200	 1.0074	 0.0076
 1.2250	 1.0149	 0.0082
 1.2300	 1.0390	 0.0086
 1.2350	 1.0335	 0.0080
 1.2400	 1.0158	 0.0074
 1.2450	 1.0165	 0.0068
 1.2500	 1.0298	 0.0065
 1.2550	 1.0314	 0.0064
 1.2600	 1.0550	 0.0068
 1.2650	 1.0464	 0.0077
 1.2700	 1.0399	 0.0100
 1.2750	 1.0532	 0.0112
 1.2800	 1.0353	 0.0114
 1.2850	 1.0338	 0.0096
 1.2900	 1.0479	 0.0083
 1.2950	 1.0718	 0.0093
 1.3000	 1.0738	 0.0076
 1.3050	 1.0780	 0.0086
 1.3100	 1.0543	 0.0091
 1.3150	 1.0785	 0.0084
 1.3200	 1.0616	 0.0076
 1.3250	 1.0824	 0.0077
 1.3300	 1.0980	 0.0070
 1.3350	 1.0697	 0.0066
 1.3400	 1.1082	 0.0066
 1.3450	 1.1116	 0.0068
 1.3500	 1.1171	 0.0070
 1.3550	 1.1220	 0.0095
 1.3600	 1.1526	 0.0176
 1.3650	 1.1519	 0.0421
 1.3700	 1.1104	 0.0659
 1.3750	 1.1395	 0.0535
 1.3800	 1.1438	 0.0264
 1.3850	 1.1479	 0.0266
 1.3900	 1.1862	 0.0425
 1.3950	 1.1559	 0.0231
 1.4000	 1.1756	 0.0262
 1.4050	 1.1952	 0.0309
 1.4100	 1.1799	 0.0276
 1.4150	 1.1726	 0.0257
 1.4200	 1.1582	 0.0214
 1.4250	 1.1419	 0.0154
 1.4300	 1.1683	 0.0116
 1.4350	 1.1413	 0.0121
 1.4400	 1.1646	 0.0131
 1.4450	 1.1669	 0.0106
 1.4500	 1.1554	 0.0093
 1.4550	 1.1403	 0.0127
 1.4600	 1.1541	 0.0124
 1.4650	 1.1569	 0.0103
 1.4700	 1.1778	 0.0100
 1.4750	 1.2066	 0.0110
 1.4800	 1.1932	 0.0116
 1.4850	 1.1909	 0.0124
 1.4900	 1.1461	 0.0125
 1.4950	 1.1615	 0.0111
 1.5000	 1.1836	 0.0079
 1.5050	 1.1492	 0.0086
 1.5100	 1.1709	 0.0130
 1.5150	 1.1347	 0.0112
 1.5200	 1.1652	 0.0071
 1.5250	 1.1480	 0.0088
 1.5300	 1.1780	 0.0103
 1.5350	 1.1684	 0.0107
 1.5400	 1.1851	 0.0103
 1.5450	 1.1959	 0.0099
 1.5500	 1.1901	 0.0093
 1.5550	 1.1823	 0.0089
 1.5600	 1.1795	 0.0096
 1.5650	 1.1797	 0.0100
 1.5700	 1.1764	 0.0100
 1.5750	 1.1686	 0.0086
 1.5800	 1.1790	 0.0073
 1.5850	 1.1726	 0.0113
 1.5900	 1.1718	 0.0133
 1.5950	 1.1953	 0.0099
 1.6000	 1.1855	 0.0074
 1.6050	 1.1773	 0.0097
 1.6100	 1.2026	 0.0113
 1.6150	 1.1923	 0.0119
 1.6200	 1.1890	 0.0112
 1.6250	 1.2058	 0.0106
 1.6300	 1.1687	 0.0100
 1.6350	 1.1700	 0.0091
 1.6400	 1.1887	 0.0095
 1.6450	 1.1654	 0.0100
 1.6500	 1.1738	 0.0107
 1.6550	 1.1544	 0.0105
 1.6600	 1.1593	 0.0086
 1.6650	 1.1663	 0.0067
 1.6700	 1.1659	 0.0096
 1.6750	 1.1905	 0.0129
 1.6800	 1.1749	 0.0113
 1.6850	 1.1566	 0.0073
 1.6900	 1.1673	 0.0086
 1.6950	 1.1550	 0.0108
 1.7000	 1.1551	 0.0114
 1.7050	 1.1610	 0.0111
 1.7100	 1.1549	 0.0109
 1.7150	 1.1530	 0.0106
 1.7200	 1.1526	 0.0101
 1.7250	 1.1574	 0.0094
 1.7300	 1.1298	 0.0097
 1.7350	 1.1558	 0.0098
 1.7400	 1.1518	 0.0106
 1.7450	 1.1356	 0.0116
 1.7500	 1.1352	 0.0108
 1.7550	 1.1510	 0.0094
 1.7600	 1.1358	 0.0074
 1.7650	 1.1495	 0.0096
 1.7700	 1.1320	 0.0136
 1.7750	 1.1402	 0.0129
 1.9800	 1.1318	 0.0162
 1.9850	 1.1161	 0.0132
 1.9900	 1.1146	 0.0101
 1.9950	 1.1468	 0.0092
 2.0000	 1.1295	 0.0121
 2.0050	 1.1437	 0.0191
 2.0100	 1.1282	 0.0288
 2.0150	 1.1418	 0.0247
 2.0200	 1.1408	 0.0203
 2.0250	 1.1395	 0.0190
 2.0300	 1.1377	 0.0179
 2.0350	 1.1700	 0.0157
 2.0400	 1.1075	 0.0146
 2.0450	 1.1315	 0.0144
 2.0500	 1.0987	 0.0139
 2.0550	 1.1282	 0.0135
 2.0600	 1.1260	 0.0167
 2.0650	 1.1467	 0.0168
 2.0700	 1.1433	 0.0132
 2.0750	 1.1274	 0.0140
 2.0800	 1.1222	 0.0139
 2.0850	 1.1352	 0.0120
 2.0900	 1.1021	 0.0109
 2.0950	 1.1049	 0.0116
 2.1000	 1.1112	 0.0108
 2.1050	 1.1041	 0.0097
 2.1100	 1.1199	 0.0107
 2.1150	 1.1536	 0.0124
 2.1200	 1.1278	 0.0129
 2.1250	 1.1071	 0.0128
 2.1300	 1.1249	 0.0128
 2.1350	 1.1343	 0.0125
 2.1400	 1.1139	 0.0114
 2.1450	 1.1088	 0.0104
 2.1500	 1.1008	 0.0098
 2.1550	 1.1237	 0.0127
 2.1600	 1.1465	 0.0158
 2.1650	 1.1417	 0.0158
 2.1700	 1.1163	 0.0130
 2.1750	 1.1427	 0.0118
 2.1800	 1.1367	 0.0124
 2.1850	 1.1742	 0.0136
 2.1900	 1.1198	 0.0147
 2.1950	 1.1462	 0.0154
 2.2000	 1.1356	 0.0148
 2.2050	 1.1076	 0.0159
 2.2100	 1.1372	 0.0163
 2.2150	 1.1242	 0.0161
 2.2200	 1.1342	 0.0160
 2.2250	 1.1684	 0.0167
 2.2300	 1.1652	 0.0157
 2.2350	 1.1340	 0.0146
 2.2400	 1.1289	 0.0150
 2.2450	 1.1403	 0.0166
 2.2500	 1.1542	 0.0164
 2.2550	 1.1588	 0.0154
 2.2600	 1.1440	 0.0151
 2.2650	 1.1417	 0.0162
 2.2700	 1.1490	 0.0166
 2.2750	 1.1565	 0.0167
 2.2800	 1.1552	 0.0165
 2.2850	 1.1577	 0.0171
 2.2900	 1.1840	 0.0181
 2.2950	 1.1686	 0.0182
 2.3000	 1.1585	 0.0180
 2.3050	 1.1703	 0.0179
 2.3100	 1.1613	 0.0184
 2.3150	 1.1630	 0.0191
 2.3200	 1.1547	 0.0197
 2.3250	 1.1636	 0.0204
 2.3300	 1.1513	 0.0205
 2.3350	 1.1617	 0.0203
 2.3400	 1.1631	 0.0205
 2.3450	 1.1697	 0.0216
 2.3500	 1.1635	 0.0231
 2.3550	 1.1607	 0.0227
 2.3600	 1.1756	 0.0224
 2.3650	 1.1915	 0.0227
 2.3700	 1.1307	 0.0238
 2.3750	 1.1684	 0.0256
 2.3800	 1.1831	 0.0271
 2.3850	 1.1632	 0.0286
 2.3900	 1.1407	 0.0294
 2.3950	 1.1425	 0.0289
 2.4500	 1.1425	 0.0289
