 0.7800	 0.9737	 0.0467
 0.7850	 0.8776	 0.0359
 0.7900	 0.9644	 0.0292
 0.7950	 0.9733	 0.0256
 0.8000	 0.9663	 0.0235
 0.8050	 0.9306	 0.0212
 0.8100	 0.9408	 0.0182
 0.8150	 0.9486	 0.0164
 0.8200	 0.9433	 0.0152
 0.8250	 0.9974	 0.0147
 0.8300	 0.9760	 0.0149
 0.8350	 0.9375	 0.0148
 0.8400	 0.9948	 0.0145
 0.8450	 0.9862	 0.0143
 0.8500	 1.0023	 0.0144
 0.8550	 0.9641	 0.0150
 0.8600	 0.9718	 0.0154
 0.8650	 0.9877	 0.0155
 0.8700	 0.9798	 0.0152
 0.8750	 0.9408	 0.0146
 0.8800	 0.9829	 0.0137
 0.8850	 0.9591	 0.0134
 0.8900	 0.9627	 0.0125
 0.8950	 0.9457	 0.0120
 0.9000	 0.9529	 0.0116
 0.9050	 0.9578	 0.0113
 0.9100	 0.9627	 0.0109
 0.9150	 0.9488	 0.0111
 0.9200	 0.9570	 0.0113
 0.9250	 0.9649	 0.0117
 0.9300	 0.9571	 0.0120
 0.9350	 0.9410	 0.0121
 0.9400	 0.9609	 0.0122
 0.9450	 0.9706	 0.0119
 0.9500	 0.9974	 0.0115
 0.9550	 1.0001	 0.0110
 0.9600	 0.9856	 0.0104
 0.9650	 0.9998	 0.0103
 0.9700	 0.9828	 0.0101
 0.9750	 1.0122	 0.0099
 0.9800	 0.9962	 0.0100
 0.9850	 0.9930	 0.0102
 0.9900	 1.0061	 0.0104
 0.9950	 1.0180	 0.0104
 1.0000	 0.9987	 0.0104
 1.0050	 1.0215	 0.0104
 1.0100	 1.0207	 0.0103
 1.0150	 1.0262	 0.0103
 1.0200	 1.0167	 0.0104
 1.0250	 0.9895	 0.0103
 1.0300	 1.0096	 0.0103
 1.0350	 1.0079	 0.0104
 1.0400	 1.0011	 0.0101
 1.0450	 1.0278	 0.0096
 1.0500	 1.0056	 0.0092
 1.0550	 1.0034	 0.0089
 1.0600	 1.0008	 0.0087
 1.0650	 1.0165	 0.0091
 1.0700	 1.0365	 0.0093
 1.0750	 0.9919	 0.0100
 1.0800	 0.9919	 0.0101
 1.0850	 1.0273	 0.0103
 1.0900	 1.0251	 0.0104
 1.0950	 1.0058	 0.0103
 1.1000	 1.0086	 0.0098
 1.1050	 1.0094	 0.0094
 1.1100	 1.0203	 0.0088
 1.1150	 0.9970	 0.0085
 1.1200	 1.0129	 0.0088
 1.1250	 1.0094	 0.0095
 1.1300	 0.9799	 0.0099
 1.1350	 1.0112	 0.0106
 1.1400	 0.9975	 0.0109
 1.1450	 1.0079	 0.0110
 1.1500	 1.0123	 0.0109
 1.1550	 0.9991	 0.0107
 1.1600	 1.0289	 0.0103
 1.1650	 1.0010	 0.0097
 1.1700	 0.9916	 0.0091
 1.1750	 1.0221	 0.0083
 1.1800	 1.0056	 0.0078
 1.1850	 1.0345	 0.0078
 1.1900	 1.0285	 0.0086
 1.1950	 1.0290	 0.0090
 1.2000	 1.0406	 0.0097
 1.2050	 1.0121	 0.0104
 1.2100	 1.0178	 0.0107
 1.2150	 1.0139	 0.0107
 1.2200	 1.0141	 0.0109
 1.2250	 1.0289	 0.0109
 1.2300	 1.0257	 0.0103
 1.2350	 1.0266	 0.0102
 1.2400	 1.0237	 0.0097
 1.2450	 1.0341	 0.0092
 1.2500	 1.0168	 0.0096
 1.2550	 1.0274	 0.0110
 1.2600	 1.0116	 0.0130
 1.2650	 0.9982	 0.0148
 1.2700	 1.0017	 0.0162
 1.2750	 1.0199	 0.0163
 1.2800	 1.0310	 0.0161
 1.2850	 1.0468	 0.0146
 1.2900	 1.0189	 0.0133
 1.2950	 1.0221	 0.0121
 1.3000	 1.0294	 0.0122
 1.3050	 1.0186	 0.0120
 1.3100	 1.0313	 0.0117
 1.3150	 1.0395	 0.0119
 1.3200	 1.0219	 0.0108
 1.3250	 1.0388	 0.0101
 1.3300	 1.0362	 0.0095
 1.3350	 1.0357	 0.0091
 1.3400	 1.0400	 0.0090
 1.3450	 1.0235	 0.0092
 1.3500	 1.0434	 0.0097
 1.3550	 1.0422	 0.0109
 1.3600	 1.0260	 0.0131
 1.3650	 1.0267	 0.0146
 1.3700	 1.0278	 0.0161
 1.3750	 1.0301	 0.0171
 1.3800	 1.0697	 0.0166
 1.3850	 1.0720	 0.0160
 1.3900	 1.0259	 0.0167
 1.3950	 1.0276	 0.0170
 1.4000	 1.0447	 0.0169
 1.4050	 1.0667	 0.0174
 1.4100	 1.0604	 0.0180
 1.4150	 1.0739	 0.0165
 1.4200	 1.0606	 0.0153
 1.4250	 1.0545	 0.0151
 1.4300	 1.0264	 0.0141
 1.4350	 1.0271	 0.0130
 1.4400	 1.0675	 0.0139
 1.4450	 1.0496	 0.0150
 1.4500	 1.0463	 0.0154
 1.4550	 1.0852	 0.0157
 1.4600	 1.0595	 0.0166
 1.4650	 1.0531	 0.0162
 1.4700	 1.0515	 0.0161
 1.4750	 1.0349	 0.0163
 1.4800	 1.0472	 0.0165
 1.4850	 1.0501	 0.0161
 1.4900	 1.0362	 0.0155
 1.4950	 1.0411	 0.0175
 1.5000	 1.0243	 0.0186
 1.5050	 1.0097	 0.0176
 1.5100	 1.0515	 0.0184
 1.5150	 1.0387	 0.0207
 1.5200	 1.0360	 0.0183
 1.5250	 1.0466	 0.0186
 1.5300	 1.0530	 0.0196
 1.5350	 1.0911	 0.0201
 1.5400	 1.0447	 0.0192
 1.5450	 1.0818	 0.0187
 1.5500	 1.0789	 0.0184
 1.5550	 1.0204	 0.0184
 1.5600	 1.0470	 0.0186
 1.5650	 1.0342	 0.0179
 1.5700	 1.0424	 0.0182
 1.5750	 1.0511	 0.0214
 1.5800	 1.0541	 0.0213
 1.5850	 1.0603	 0.0211
 1.5900	 1.0443	 0.0218
 1.5950	 1.0340	 0.0216
 1.6000	 1.1140	 0.0200
 1.6050	 1.0291	 0.0220
 1.6100	 1.0715	 0.0232
 1.6150	 1.0805	 0.0233
 1.6200	 1.0426	 0.0216
 1.6250	 1.0968	 0.0208
 1.6300	 1.0157	 0.0202
 1.6350	 1.0298	 0.0202
 1.6400	 1.0787	 0.0210
 1.6450	 1.0243	 0.0212
 1.6500	 1.0656	 0.0199
 1.6550	 1.0378	 0.0186
 1.6600	 1.0353	 0.0220
 1.6650	 1.0667	 0.0225
 1.6700	 1.0495	 0.0225
 1.6750	 1.0379	 0.0232
 1.6800	 1.0917	 0.0239
 1.6850	 1.0557	 0.0211
 1.6900	 1.0352	 0.0226
 1.6950	 1.0980	 0.0247
 1.7000	 1.0563	 0.0253
 1.7050	 1.0490	 0.0249
 1.7100	 1.0291	 0.0240
 1.7150	 1.0557	 0.0226
 1.7200	 1.0094	 0.0226
 1.7250	 1.0683	 0.0216
 1.7300	 1.0376	 0.0230
 1.7350	 1.0647	 0.0239
 1.7400	 1.0633	 0.0238
 1.7450	 1.0553	 0.0231
 1.7500	 1.0452	 0.0207
 1.7550	 1.0959	 0.0221
 1.7600	 1.0690	 0.0253
 1.7650	 1.0622	 0.0256
 1.7700	 1.0955	 0.0265
 1.7750	 1.0671	 0.0260
 1.7800	 1.0323	 0.0234
 1.7850	 1.0124	 0.0229
 1.7900	 1.0166	 0.0264
 1.7950	 1.0674	 0.0286
 1.8000	 1.0483	 0.0287
 1.8050	 1.0608	 0.0304
 1.8100	 1.0345	 0.0305
 1.8150	 1.0544	 0.0299
 1.8200	 1.0863	 0.0311
 1.8250	 1.0541	 0.0288
 1.8300	 0.9830	 0.0305
 1.8350	 1.0197	 0.0321
 1.8400	 1.0701	 0.0345
 1.8450	 1.0576	 0.0391
 1.8500	 1.0101	 0.0404
 1.8550	 1.0837	 0.0377
 1.8600	 1.0997	 0.0345
 1.8650	 1.0233	 0.0394
 1.8700	 1.0151	 0.0459
 1.8750	 1.1295	 0.0462
 1.8800	 1.1062	 0.0448
 1.8850	 1.0241	 0.0359
 1.8900	 1.0628	 0.0275
 1.8950	 1.0232	 0.0292
 1.9000	 1.0147	 0.0319
 1.9050	 1.0266	 0.0324
 1.9100	 1.0357	 0.0349
 1.9150	 1.0914	 0.0369
 1.9200	 1.0476	 0.0375
 1.9250	 1.0384	 0.0365
 1.9300	 0.9928	 0.0363
 1.9350	 1.1081	 0.0332
 1.9400	 1.0782	 0.0294
 1.9450	 0.9823	 0.0316
 1.9500	 1.0722	 0.0329
 1.9550	 0.9696	 0.0363
 1.9600	 1.0695	 0.0399
 1.9650	 1.0674	 0.0397
 1.9700	 1.1069	 0.0390
 1.9750	 1.0158	 0.0354
 1.9800	 1.0297	 0.0314
 1.9850	 1.0166	 0.0275
 1.9900	 1.0698	 0.0270
 1.9950	 0.9940	 0.0387
 2.0000	 0.9668	 0.0476
 2.0050	 0.9819	 0.0576
 2.0100	 0.9851	 0.0557
 2.0150	 1.0327	 0.0416
 2.0200	 1.0365	 0.0432
 2.0250	 1.1149	 0.0409
 2.0300	 1.0696	 0.0380
 2.0350	 1.0428	 0.0405
 2.0400	 1.0769	 0.0366
 2.0450	 0.9871	 0.0388
 2.0500	 1.0998	 0.0428
 2.0550	 0.9911	 0.0399
 2.0600	 1.0499	 0.0397
 2.0650	 1.0506	 0.0381
 2.0700	 1.0212	 0.0327
 2.0750	 1.0139	 0.0320
 2.0800	 0.9676	 0.0323
 2.0850	 1.0495	 0.0298
 2.0900	 1.0824	 0.0291
 2.0950	 1.0413	 0.0284
 2.1000	 1.0932	 0.0288
 2.1050	 1.0360	 0.0311
 2.1100	 1.0373	 0.0340
 2.1150	 0.9866	 0.0356
 2.1200	 0.9942	 0.0351
 2.1250	 1.0526	 0.0345
 2.1300	 1.0463	 0.0323
 2.1350	 0.9921	 0.0292
 2.1400	 1.0265	 0.0278
 2.1450	 1.0035	 0.0357
 2.1500	 0.9887	 0.0401
 2.1550	 1.0068	 0.0420
 2.1600	 1.0079	 0.0396
 2.1650	 1.0486	 0.0327
 2.1700	 1.0421	 0.0322
 2.1750	 1.0614	 0.0377
 2.1800	 0.9645	 0.0390
 2.1850	 1.0611	 0.0393
 2.1900	 0.9863	 0.0425
 2.1950	 1.0524	 0.0419
 2.2000	 1.0317	 0.0432
 2.2050	 1.0706	 0.0437
 2.2100	 1.0842	 0.0444
 2.2150	 1.0390	 0.0407
 2.2200	 1.0687	 0.0406
 2.2250	 1.0136	 0.0399
 2.2300	 1.0017	 0.0423
 2.2350	 1.0197	 0.0418
 2.2400	 1.0567	 0.0412
 2.2450	 1.0347	 0.0391
 2.2500	 0.9157	 0.0414
 2.2550	 1.0584	 0.0414
 2.2600	 0.9906	 0.0419
 2.2650	 1.0530	 0.0418
 2.2700	 0.9572	 0.0441
 2.2750	 0.9987	 0.0444
 2.2800	 1.0156	 0.0439
 2.2850	 1.0535	 0.0435
 2.2900	 1.0733	 0.0455
 2.2950	 0.9318	 0.0475
 2.3000	 0.8885	 0.0484
 2.3050	 0.9214	 0.0481
 2.3100	 1.0530	 0.0501
 2.3150	 1.0474	 0.0498
 2.3200	 0.9658	 0.0517
 2.3250	 1.0163	 0.0523
 2.3300	 0.9961	 0.0517
 2.3350	 0.8850	 0.0535
 2.3400	 0.9682	 0.0554
 2.3450	 0.9688	 0.0586
 2.3500	 0.9122	 0.0609
 2.3550	 1.0641	 0.0617
 2.3600	 0.9453	 0.0608
 2.3650	 0.9956	 0.0660
 2.3700	 1.0701	 0.0722
 2.3750	 1.0541	 0.0712
 2.3800	 1.0124	 0.0678
 2.3850	 1.1104	 0.0670
 2.3900	 1.0645	 0.0683
 2.3950	 1.0297	 0.0674
 2.4000	 1.1238	 0.0681
 2.4050	 0.8981	 0.0681
 2.4100	 0.9060	 0.0719
 2.4150	 1.0261	 0.0746
 2.4200	 0.9586	 0.0757
 2.4250	 0.9791	 0.0741
 2.4300	 0.9146	 0.0805
 2.4350	 0.8673	 0.0815
 2.4400	 1.0079	 0.0868
 2.4450	 0.8145	 0.0921
 2.4500	 1.0039	 0.1018
 2.4550	 1.1214	 0.0988
 2.4600	 1.0161	 0.0904
 2.4650	 0.9567	 0.0959
 2.4700	 0.9478	 0.1019
 2.4750	 0.9062	 0.1091
 2.4800	 0.9588	 0.1184
 2.4850	 0.8246	 0.1284
 2.4900	 0.9430	 0.1380
