 0.8200	 0.9370	 0.0194
 0.8250	 0.8968	 0.0216
 0.8300	 0.9023	 0.0189
 0.8350	 0.9062	 0.0180
 0.8400	 0.9016	 0.0181
 0.8450	 0.8801	 0.0181
 0.8500	 0.8668	 0.0178
 0.8550	 0.8483	 0.0186
 0.8600	 0.8491	 0.0185
 0.8650	 0.8528	 0.0198
 0.8700	 0.8583	 0.0203
 0.8750	 0.8417	 0.0175
 0.8800	 0.8325	 0.0170
 0.8850	 0.8226	 0.0165
 0.8900	 0.8204	 0.0161
 0.8950	 0.8091	 0.0167
 0.9000	 0.7973	 0.0144
 0.9050	 0.8030	 0.0144
 0.9100	 0.8039	 0.0146
 0.9150	 0.7819	 0.0151
 0.9200	 0.7904	 0.0157
 0.9250	 0.7869	 0.0162
 0.9300	 0.7663	 0.0176
 0.9350	 0.7908	 0.0167
 0.9400	 0.7848	 0.0189
 0.9450	 0.7959	 0.0176
 0.9500	 0.8100	 0.0156
 0.9550	 0.8278	 0.0156
 0.9600	 0.8290	 0.0164
 0.9650	 0.8226	 0.0149
 0.9700	 0.8204	 0.0153
 0.9750	 0.8302	 0.0141
 0.9800	 0.8416	 0.0131
 0.9850	 0.8409	 0.0127
 0.9900	 0.8721	 0.0133
 0.9950	 0.8798	 0.0136
 1.0000	 0.8594	 0.0130
 1.0050	 0.8598	 0.0126
 1.0100	 0.8862	 0.0125
 1.0150	 0.8854	 0.0137
 1.0200	 0.8870	 0.0145
 1.0250	 0.8938	 0.0139
 1.0300	 0.8969	 0.0130
 1.0350	 0.8881	 0.0145
 1.0400	 0.8889	 0.0122
 1.0450	 0.9083	 0.0152
 1.0500	 0.9054	 0.0134
 1.0550	 0.9157	 0.0125
 1.0600	 0.9296	 0.0126
 1.0650	 0.9324	 0.0133
 1.0700	 0.9185	 0.0130
 1.0750	 0.9273	 0.0125
 1.0800	 0.9168	 0.0123
 1.0850	 0.9261	 0.0131
 1.0900	 0.9174	 0.0137
 1.0950	 0.9426	 0.0139
 1.1000	 0.9412	 0.0134
 1.1050	 0.9354	 0.0147
 1.1100	 0.9333	 0.0143
 1.1150	 0.9355	 0.0160
 1.1200	 0.9406	 0.0169
 1.1250	 0.9595	 0.0149
 1.1300	 0.9511	 0.0150
 1.1350	 0.9459	 0.0138
 1.1400	 0.9569	 0.0156
 1.1450	 0.9770	 0.0138
 1.1500	 0.9711	 0.0133
 1.1550	 0.9735	 0.0133
 1.1600	 0.9828	 0.0139
 1.1650	 0.9730	 0.0128
 1.1700	 0.9938	 0.0123
 1.1750	 1.0009	 0.0115
 1.1800	 1.0007	 0.0118
 1.1850	 1.0006	 0.0118
 1.1900	 0.9890	 0.0118
 1.1950	 0.9901	 0.0124
 1.2000	 1.0022	 0.0121
 1.2050	 0.9895	 0.0122
 1.2100	 0.9778	 0.0138
 1.2150	 1.0029	 0.0138
 1.2200	 0.9959	 0.0150
 1.2250	 1.0012	 0.0128
 1.2300	 1.0245	 0.0111
 1.2350	 1.0101	 0.0129
 1.2400	 1.0037	 0.0131
 1.2450	 1.0211	 0.0121
 1.2500	 1.0263	 0.0126
 1.2550	 1.0287	 0.0120
 1.2600	 1.0203	 0.0132
 1.2650	 1.0296	 0.0132
 1.2700	 1.0094	 0.0165
 1.2750	 0.9931	 0.0185
 1.2800	 1.0157	 0.0118
 1.2850	 1.0174	 0.0152
 1.2900	 1.0189	 0.0152
 1.2950	 1.0196	 0.0124
 1.3000	 0.9993	 0.0140
 1.3050	 1.0123	 0.0144
 1.3100	 1.0099	 0.0165
 1.3150	 1.0261	 0.0126
 1.3200	 1.0287	 0.0126
 1.3250	 1.0035	 0.0126
 1.3300	 1.0024	 0.0145
 1.3350	 1.0301	 0.0137
 1.3400	 1.0307	 0.0141
 1.3450	 1.0316	 0.0190
 1.3500	 1.0488	 0.0260
 1.3550	 1.0309	 0.0262
 1.3600	 1.0481	 0.0368
 1.3650	 1.0580	 0.0440
 1.3700	 1.0170	 0.0463
 1.3750	 1.0960	 0.0395
 1.3800	 1.0709	 0.0417
 1.3850	 1.0359	 0.0362
 1.3950	 1.0376	 0.0372
 1.4000	 1.0317	 0.0308
 1.4100	 1.0262	 0.0254
 1.4150	 1.0638	 0.0274
 1.4200	 1.0175	 0.0271
 1.4250	 1.0519	 0.0248
 1.4300	 1.0629	 0.0215
 1.4350	 1.0710	 0.0204
 1.4400	 1.0890	 0.0220
 1.4450	 1.0539	 0.0208
 1.4500	 1.0352	 0.0193
 1.4550	 1.0527	 0.0194
 1.4600	 1.0376	 0.0182
 1.4650	 1.0378	 0.0186
 1.4700	 1.0505	 0.0184
 1.4750	 1.0541	 0.0187
 1.4800	 1.0593	 0.0170
 1.4850	 1.0420	 0.0165
 1.4900	 1.0450	 0.0169
 1.4950	 1.0692	 0.0192
 1.5000	 1.0318	 0.0167
 1.5050	 1.0065	 0.0153
 1.5100	 1.0315	 0.0148
 1.5150	 1.0681	 0.0185
 1.5200	 1.0405	 0.0161
 1.5250	 1.0226	 0.0147
 1.5300	 1.0432	 0.0152
 1.5350	 1.0329	 0.0164
 1.5400	 1.0279	 0.0143
 1.5450	 1.0579	 0.0153
 1.5500	 1.0692	 0.0171
 1.5550	 1.0399	 0.0159
 1.5600	 1.0359	 0.0156
 1.5650	 1.0207	 0.0155
 1.5700	 1.0311	 0.0147
 1.5750	 1.0151	 0.0152
 1.5800	 0.9879	 0.0193
 1.5850	 0.9944	 0.0175
 1.5900	 1.0145	 0.0170
 1.5950	 1.0265	 0.0182
 1.6000	 1.0269	 0.0181
 1.6050	 1.0017	 0.0153
 1.6100	 0.9854	 0.0169
 1.6150	 0.9692	 0.0172
 1.6200	 0.9789	 0.0171
 1.6250	 1.0417	 0.0182
 1.6300	 1.0068	 0.0182
 1.6350	 0.9810	 0.0192
 1.6400	 0.9997	 0.0211
 1.6450	 1.0041	 0.0171
 1.6500	 0.9744	 0.0172
 1.6550	 0.9841	 0.0163
 1.6600	 1.0002	 0.0182
 1.6650	 1.0085	 0.0183
 1.6700	 0.9994	 0.0177
 1.6750	 0.9808	 0.0185
 1.6800	 0.9707	 0.0191
 1.6850	 0.9731	 0.0238
 1.6900	 0.9517	 0.0174
 1.6950	 0.9446	 0.0182
 1.7000	 0.9348	 0.0200
 1.7050	 0.9080	 0.0172
 1.7100	 0.8881	 0.0177
 1.7150	 0.9318	 0.0183
 1.7200	 0.9523	 0.0164
 1.7250	 0.9580	 0.0175
 1.7300	 0.9507	 0.0187
 1.7350	 0.9302	 0.0186
 1.7400	 0.9216	 0.0196
 1.7450	 0.9104	 0.0185
 1.7500	 0.9699	 0.0186
 1.7550	 0.9622	 0.0212
 1.7600	 0.8952	 0.0198
 1.7650	 0.8805	 0.0189
 1.7700	 0.9363	 0.0203
 1.7750	 0.9605	 0.0233
 1.7800	 0.9707	 0.0217
 1.7850	 0.9297	 0.0219
 1.7900	 0.8894	 0.0269
 1.7950	 0.8747	 0.0260
 1.8000	 0.8951	 0.0259
 1.8050	 0.9107	 0.0292
 1.8100	 0.9281	 0.0409
 1.8150	 0.9214	 0.0389
 1.8200	 0.8163	 0.0411
 1.8250	 0.9269	 0.0496
 1.8300	 0.8677	 0.0769
 1.8350	 0.8938	 0.0952
 1.8400	 0.9058	 0.1241
 1.8450	 1.0036	 0.1062
 1.8500	 0.9372	 0.1057
 1.8550	 0.8718	 0.0985
 1.8600	 0.9233	 0.1085
 1.8650	 0.8948	 0.1242
 1.8700	 0.9188	 0.1309
 1.8750	 0.9651	 0.1046
 1.8800	 0.9281	 0.1027
 1.8850	 0.8290	 0.0613
 1.8900	 0.8747	 0.0710
 1.8950	 0.8526	 0.1012
 1.9050	 0.8185	 0.0810
 1.9100	 0.9295	 0.0791
 1.9150	 0.9259	 0.0717
 1.9200	 0.8882	 0.0664
 1.9250	 0.9179	 0.0539
 1.9300	 0.9611	 0.0548
 1.9350	 0.8676	 0.0509
 1.9400	 0.8633	 0.0444
 1.9450	 0.8842	 0.0400
 1.9500	 0.9327	 0.0397
 1.9550	 0.8892	 0.0417
 1.9600	 0.8710	 0.0428
 1.9650	 0.8936	 0.0342
 1.9700	 0.9010	 0.0389
 1.9750	 0.8936	 0.0298
 1.9800	 0.9554	 0.0339
 1.9850	 0.9568	 0.0298
 1.9900	 0.9628	 0.0294
 1.9950	 0.9657	 0.0380
 2.0000	 0.8817	 0.0443
 2.0050	 0.8927	 0.0509
 2.0100	 0.8995	 0.0433
 2.0150	 0.8812	 0.0418
 2.0200	 0.8499	 0.0335
 2.0250	 0.8855	 0.0295
 2.0300	 0.9293	 0.0290
 2.0350	 0.9118	 0.0295
 2.0400	 0.8996	 0.0310
 2.0450	 0.9763	 0.0308
 2.0500	 1.0079	 0.0316
 2.0550	 0.9342	 0.0358
 2.0600	 0.9313	 0.0307
 2.0650	 0.9444	 0.0332
 2.0700	 0.9282	 0.0312
 2.0750	 0.9387	 0.0337
 2.0800	 0.9123	 0.0309
 2.0850	 0.9456	 0.0308
 2.0900	 0.9504	 0.0304
 2.0950	 0.9028	 0.0274
 2.1000	 0.9383	 0.0319
 2.1050	 0.9769	 0.0290
 2.1100	 1.0167	 0.0325
 2.1150	 0.9935	 0.0329
 2.1200	 0.9621	 0.0299
 2.1250	 0.9952	 0.0387
 2.1300	 0.8898	 0.0324
 2.1350	 0.8787	 0.0358
 2.1400	 0.9433	 0.0319
 2.1450	 0.9255	 0.0333
 2.1500	 0.9133	 0.0367
 2.1550	 0.9142	 0.0359
 2.1600	 0.9190	 0.0316
 2.1650	 0.9441	 0.0286
 2.1700	 0.9320	 0.0299
 2.1750	 0.8749	 0.0428
 2.1800	 0.9297	 0.0342
 2.1850	 0.9567	 0.0363
 2.1900	 0.9443	 0.0353
 2.1950	 0.8889	 0.0347
 2.2000	 0.8909	 0.0344
 2.2050	 0.9475	 0.0347
 2.2100	 0.9625	 0.0342
 2.2150	 0.9422	 0.0321
 2.2200	 0.9399	 0.0373
 2.2250	 0.9628	 0.0399
 2.2300	 0.9173	 0.0384
 2.2350	 0.8828	 0.0393
 2.2400	 0.9651	 0.0366
 2.2450	 0.9840	 0.0371
 2.2500	 0.9545	 0.0360
 2.2550	 1.0103	 0.0409
 2.2600	 0.9730	 0.0442
 2.2650	 0.9581	 0.0369
 2.2700	 0.9533	 0.0437
 2.2750	 0.9649	 0.0412
 2.2800	 1.0223	 0.0357
 2.2850	 1.0293	 0.0402
 2.2900	 1.0345	 0.0540
 2.2950	 1.0291	 0.0428
 2.3000	 1.0200	 0.0451
 2.3050	 0.9382	 0.0475
 2.3100	 0.9091	 0.0444
 2.3150	 0.9106	 0.0429
 2.3200	 0.8924	 0.0421
 2.3250	 0.9873	 0.0578
 2.3300	 0.9834	 0.0530
 2.3350	 1.0276	 0.0465
 2.3400	 0.9639	 0.0427
 2.3500	 0.9844	 0.0446
 2.3550	 1.0392	 0.0454
 2.3600	 1.0304	 0.0474
 2.3650	 1.1224	 0.0592
 2.3700	 1.0339	 0.0501
 2.3750	 0.9654	 0.0526
 2.3800	 0.9975	 0.0527
 2.3850	 1.0181	 0.0541
 2.3900	 0.9350	 0.0523
 2.3950	 0.9914	 0.0519
 2.4000	 1.0721	 0.0548
 2.4100	 1.0773	 0.0579
 2.4150	 1.0296	 0.0697
 2.4200	 1.0445	 0.0510
 2.4250	 1.1200	 0.0544
 2.4300	 1.0228	 0.0584
 2.4350	 1.0359	 0.0528
 2.4500	 1.1733	 0.0690
 2.4550	 1.1880	 0.0792
 2.4600	 1.0842	 0.0695
 2.4650	 0.9504	 0.0649
 2.4700	 1.0636	 0.0632
 2.4850	 1.1218	 0.0834
 2.4900	 1.0301	 0.0928
