 0.8030	 0.9003	 0.0000
 0.8064	 0.9063	 0.0000
 0.8098	 0.9120	 0.0000
 0.8132	 0.8920	 0.0000
 0.8166	 0.9059	 0.0000
 0.8200	 0.8858	 0.0000
 0.8234	 0.8884	 0.0000
 0.8268	 0.9040	 0.0000
 0.8302	 0.8863	 0.0000
 0.8335	 0.8727	 0.0000
 0.8369	 0.8732	 0.0000
 0.8403	 0.8740	 0.0000
 0.8437	 0.8661	 0.0000
 0.8471	 0.8450	 0.0000
 0.8505	 0.8532	 0.0000
 0.8539	 0.8592	 0.0000
 0.8573	 0.8593	 0.0000
 0.8607	 0.8388	 0.0000
 0.8640	 0.8214	 0.0000
 0.8674	 0.8207	 0.0000
 0.8708	 0.8104	 0.0000
 0.8742	 0.8259	 0.0000
 0.8776	 0.8258	 0.0000
 0.8810	 0.8100	 0.0000
 0.8844	 0.8260	 0.0000
 0.8878	 0.8499	 0.0000
 0.8912	 0.8378	 0.0000
 0.8946	 0.8261	 0.0000
 0.8979	 0.8301	 0.0000
 0.9013	 0.8228	 0.0000
 0.9047	 0.8183	 0.0000
 0.9081	 0.8085	 0.0000
 0.9115	 0.8040	 0.0000
 0.9149	 0.8049	 0.0000
 0.9183	 0.7943	 0.0000
 0.9217	 0.7989	 0.0000
 0.9251	 0.8066	 0.0000
 0.9285	 0.8020	 0.0000
 0.9318	 0.8032	 0.0000
 0.9352	 0.8062	 0.0000
 0.9386	 0.8164	 0.0000
 0.9420	 0.8157	 0.0000
 0.9454	 0.7944	 0.0000
 0.9488	 0.8188	 0.0000
 0.9522	 0.8257	 0.0000
 0.9556	 0.8197	 0.0000
 0.9590	 0.8105	 0.0000
 0.9624	 0.8108	 0.0000
 0.9657	 0.8027	 0.0000
 0.9691	 0.8034	 0.0000
 0.9725	 0.7957	 0.0000
 0.9759	 0.7965	 0.0000
 0.9793	 0.8094	 0.0000
 0.9827	 0.8043	 0.0000
 0.9861	 0.8119	 0.0000
 0.9895	 0.8320	 0.0000
 0.9929	 0.8180	 0.0000
 0.9962	 0.8196	 0.0000
 0.9996	 0.8196	 0.0000
 1.0030	 0.8348	 0.0000
 1.0064	 0.8391	 0.0000
 1.0098	 0.8248	 0.0000
 1.0132	 0.8226	 0.0000
 1.0166	 0.8091	 0.0000
 1.0200	 0.8180	 0.0000
 1.0234	 0.8387	 0.0000
 1.0268	 0.8513	 0.0000
 1.0301	 0.8382	 0.0000
 1.0335	 0.8280	 0.0000
 1.0369	 0.8464	 0.0000
 1.0403	 0.8456	 0.0000
 1.0437	 0.8200	 0.0000
 1.0471	 0.8308	 0.0000
 1.0505	 0.8284	 0.0000
 1.0539	 0.8323	 0.0000
 1.0573	 0.8477	 0.0000
 1.0607	 0.8550	 0.0000
 1.0640	 0.8556	 0.0000
 1.0674	 0.8620	 0.0000
 1.0708	 0.8604	 0.0000
 1.0742	 0.8484	 0.0000
 1.0776	 0.8401	 0.0000
 1.0810	 0.8524	 0.0000
 1.0844	 0.8767	 0.0000
 1.0878	 0.8696	 0.0000
 1.0912	 0.8669	 0.0000
 1.0945	 0.8656	 0.0000
 1.0979	 0.8685	 0.0000
 1.1013	 0.8838	 0.0000
 1.1047	 0.8857	 0.0000
 1.1081	 0.8775	 0.0000
 1.1115	 0.8815	 0.0000
 1.1149	 0.8926	 0.0000
 1.1183	 0.8997	 0.0000
 1.1217	 0.8989	 0.0000
 1.1251	 0.9024	 0.0000
 1.1284	 0.9165	 0.0000
 1.1318	 0.9231	 0.0000
 1.1352	 0.9163	 0.0000
 1.1386	 0.9069	 0.0000
 1.1420	 0.9153	 0.0000
 1.1454	 0.9376	 0.0000
 1.1488	 0.9417	 0.0000
 1.1522	 0.9362	 0.0000
 1.1556	 0.9558	 0.0000
 1.1589	 0.9474	 0.0000
 1.1623	 0.9426	 0.0000
 1.1657	 0.9453	 0.0000
 1.1691	 0.9548	 0.0000
 1.1725	 0.9667	 0.0000
 1.1759	 0.9556	 0.0000
 1.1793	 0.9558	 0.0000
 1.1827	 0.9605	 0.0000
 1.1861	 0.9655	 0.0000
 1.1895	 0.9685	 0.0000
 1.1928	 0.9575	 0.0000
 1.1962	 0.9676	 0.0000
 1.1996	 0.9687	 0.0000
 1.2030	 0.9570	 0.0000
 1.2064	 0.9613	 0.0000
 1.2098	 0.9732	 0.0000
 1.2132	 0.9773	 0.0000
 1.2166	 0.9766	 0.0000
 1.2200	 0.9738	 0.0000
 1.2234	 0.9679	 0.0000
 1.2268	 0.9818	 0.0000
 1.2301	 0.9905	 0.0000
 1.2335	 0.9943	 0.0000
 1.2369	 0.9965	 0.0000
 1.2403	 0.9897	 0.0000
 1.2437	 0.9868	 0.0000
 1.2471	 0.9953	 0.0000
 1.2505	 1.0047	 0.0000
 1.2539	 0.9928	 0.0000
 1.2573	 0.9939	 0.0000
 1.2607	 0.9969	 0.0000
 1.2640	 1.0126	 0.0000
 1.2674	 1.0310	 0.0000
 1.2708	 1.0015	 0.0000
 1.2742	 1.0170	 0.0000
 1.2776	 1.0327	 0.0000
 1.2810	 1.0352	 0.0000
 1.2844	 1.0229	 0.0000
 1.2878	 1.0398	 0.0000
 1.2912	 1.0443	 0.0000
 1.2945	 1.0305	 0.0000
 1.2979	 1.0198	 0.0000
 1.3013	 1.0509	 0.0000
 1.3047	 1.0302	 0.0000
 1.3081	 1.0254	 0.0000
 1.3115	 1.0299	 0.0000
 1.3149	 1.0393	 0.0000
 1.3183	 1.0545	 0.0000
 1.3217	 1.0490	 0.0000
 1.3251	 1.0509	 0.0000
 1.3284	 1.0578	 0.0000
 1.3318	 1.0632	 0.0000
 1.3352	 1.0658	 0.0000
 1.3386	 1.0592	 0.0000
 1.3420	 1.0489	 0.0000
 1.3454	 1.0379	 0.0000
 1.3488	 1.0287	 0.0000
 1.3522	 1.0469	 0.0000
 1.3556	 1.0405	 0.0000
 1.3590	 1.0342	 0.0000
 1.3623	 1.0520	 0.0000
 1.3657	 1.0802	 0.0000
 1.3691	 1.0948	 0.0000
 1.3725	 1.0932	 0.0000
 1.3759	 1.1057	 0.0000
 1.3793	 1.1451	 0.0000
 1.3827	 1.1606	 0.0000
 1.3861	 1.1182	 0.0000
 1.3895	 1.1161	 0.0000
 1.3928	 1.1405	 0.0000
 1.3962	 1.1514	 0.0000
 1.3996	 1.1435	 0.0000
 1.4030	 1.1133	 0.0000
 1.4064	 1.1064	 0.0000
 1.4098	 1.1333	 0.0000
 1.4132	 1.1837	 0.0000
 1.4166	 1.1336	 0.0000
 1.4200	 1.1068	 0.0000
 1.4233	 1.1189	 0.0000
 1.4267	 1.1480	 0.0000
 1.4301	 1.1451	 0.0000
 1.4335	 1.1372	 0.0000
 1.4369	 1.1663	 0.0000
 1.4403	 1.1561	 0.0000
 1.4437	 1.1177	 0.0000
 1.4471	 1.1378	 0.0000
 1.4505	 1.1108	 0.0000
 1.4539	 1.1314	 0.0000
 1.4572	 1.1548	 0.0000
 1.4606	 1.1633	 0.0000
 1.4640	 1.1617	 0.0000
 1.4674	 1.1763	 0.0000
 1.4708	 1.1797	 0.0000
 1.4742	 1.1624	 0.0000
 1.4776	 1.1414	 0.0000
 1.4810	 1.1484	 0.0000
 1.4844	 1.1779	 0.0000
 1.4878	 1.1786	 0.0000
 1.4911	 1.1866	 0.0000
 1.4945	 1.1939	 0.0000
 1.4979	 1.1851	 0.0000
 1.5013	 1.1845	 0.0000
 1.5047	 1.2003	 0.0000
 1.5081	 1.1706	 0.0000
 1.5115	 1.1582	 0.0000
 1.5149	 1.1892	 0.0000
 1.5183	 1.1794	 0.0000
 1.5217	 1.1516	 0.0000
 1.5251	 1.1713	 0.0000
 1.5284	 1.1966	 0.0000
 1.5318	 1.1995	 0.0000
 1.5352	 1.1737	 0.0000
 1.5386	 1.1643	 0.0000
 1.5420	 1.1916	 0.0000
 1.5454	 1.2215	 0.0000
 1.5488	 1.2234	 0.0000
 1.5522	 1.1927	 0.0000
 1.5555	 1.1614	 0.0000
 1.5589	 1.1682	 0.0000
 1.5623	 1.1837	 0.0000
 1.5657	 1.1943	 0.0000
 1.5691	 1.2033	 0.0000
 1.5725	 1.2025	 0.0000
 1.5759	 1.1581	 0.0000
 1.5793	 1.1915	 0.0000
 1.5827	 1.1953	 0.0000
 1.5861	 1.2335	 0.0000
 1.5895	 1.2371	 0.0000
 1.5928	 1.1766	 0.0000
 1.5962	 1.1541	 0.0000
 1.5996	 1.1947	 0.0000
 1.6030	 1.1784	 0.0000
 1.6064	 1.2064	 0.0000
 1.6098	 1.2402	 0.0000
 1.6132	 1.2436	 0.0000
 1.6166	 1.2208	 0.0000
 1.6200	 1.1722	 0.0000
 1.6234	 1.2065	 0.0000
 1.6267	 1.2034	 0.0000
 1.6301	 1.1992	 0.0000
 1.6335	 1.2032	 0.0000
 1.6369	 1.2079	 0.0000
 1.6403	 1.2102	 0.0000
 1.6437	 1.2021	 0.0000
 1.6471	 1.1929	 0.0000
 1.6505	 1.1822	 0.0000
 1.6539	 1.1972	 0.0000
 1.6572	 1.2147	 0.0000
 1.6606	 1.2088	 0.0000
 1.6640	 1.2028	 0.0000
 1.6674	 1.2265	 0.0000
 1.6708	 1.1944	 0.0000
 1.6742	 1.1944	 0.0000
 1.6776	 1.1801	 0.0000
 1.6810	 1.1784	 0.0000
 1.6844	 1.2004	 0.0000
 1.6878	 1.2151	 0.0000
 1.6911	 1.2224	 0.0000
 1.6945	 1.2271	 0.0000
 1.6979	 1.1749	 0.0000
 1.7013	 1.2201	 0.0000
 1.7047	 1.1971	 0.0000
 1.7081	 1.1629	 0.0000
 1.7115	 1.1615	 0.0000
 1.7149	 1.1567	 0.0000
 1.7183	 1.2175	 0.0000
 1.7216	 1.1815	 0.0000
 1.7250	 1.1603	 0.0000
 1.7284	 1.1762	 0.0000
 1.7318	 1.1748	 0.0000
 1.7352	 1.2040	 0.0000
 1.7386	 1.2150	 0.0000
 1.7420	 1.1982	 0.0000
 1.7454	 1.2195	 0.0000
 1.7488	 1.2202	 0.0000
 1.7522	 1.2086	 0.0000
 1.7555	 1.1607	 0.0000
 1.7589	 1.2237	 0.0000
 1.7623	 1.1600	 0.0000
 1.7657	 1.1355	 0.0000
 1.7691	 1.1362	 0.0000
 1.7725	 1.1349	 0.0000
 1.7759	 1.1543	 0.0000
 1.7793	 1.1748	 0.0000
 1.7827	 1.1487	 0.0000
 1.7861	 1.1684	 0.0000
 1.7894	 1.1463	 0.0000
 1.7928	 1.1596	 0.0000
 1.7962	 1.1805	 0.0000
 1.7996	 1.1953	 0.0000
 1.8030	 1.1528	 0.0000
 1.8064	 1.0580	 0.0000
 1.8098	 1.0723	 0.0000
 1.8132	 1.1673	 0.0000
 1.8166	 1.1785	 0.0000
 1.8199	 1.1604	 0.0000
 1.8233	 1.1502	 0.0000
 1.8267	 1.1865	 0.0000
 1.8301	 1.1452	 0.0000
 1.8335	 1.1064	 0.0000
 1.8369	 1.2367	 0.0000
 1.8403	 1.2077	 0.0000
 1.8437	 1.1404	 0.0000
 1.8471	 1.1139	 0.0000
 1.8505	 1.0730	 0.0000
 1.8538	 1.0782	 0.0000
 1.8572	 1.1451	 0.0000
 1.8606	 1.1440	 0.0000
 1.8640	 1.1444	 0.0000
 1.8674	 1.1947	 0.0000
 1.8708	 1.1217	 0.0000
 1.8742	 1.1871	 0.0000
 1.8776	 1.2904	 0.0000
 1.8810	 1.1841	 0.0000
 1.8844	 1.1318	 0.0000
 1.8878	 1.1699	 0.0000
 1.8911	 1.0827	 0.0000
 1.8945	 1.1324	 0.0000
 1.8979	 1.2120	 0.0000
 1.9013	 1.1218	 0.0000
 1.9047	 1.0542	 0.0000
 1.9081	 1.1493	 0.0000
 1.9115	 1.1931	 0.0000
 1.9149	 1.1593	 0.0000
 1.9183	 1.0970	 0.0000
 1.9217	 1.1438	 0.0000
 1.9250	 1.1179	 0.0000
 1.9284	 1.1469	 0.0000
 1.9318	 1.1999	 0.0000
 1.9352	 1.1751	 0.0000
 1.9386	 1.1621	 0.0000
 1.9420	 1.1808	 0.0000
 1.9454	 1.1695	 0.0000
 1.9488	 1.1521	 0.0000
 1.9522	 1.1511	 0.0000
 1.9555	 1.1386	 0.0000
 1.9589	 1.1282	 0.0000
 1.9623	 1.1438	 0.0000
 1.9657	 1.1802	 0.0000
 1.9691	 1.1835	 0.0000
 1.9725	 1.1544	 0.0000
 1.9759	 1.1577	 0.0000
 1.9793	 1.1215	 0.0000
 1.9827	 1.1442	 0.0000
 1.9861	 1.1626	 0.0000
 1.9894	 1.1618	 0.0000
 1.9928	 1.1747	 0.0000
 1.9962	 1.1894	 0.0000
 1.9996	 1.1525	 0.0000
 2.0030	 1.1332	 0.0000
 2.0064	 1.1612	 0.0000
 2.0098	 1.2051	 0.0000
 2.0132	 1.1534	 0.0000
 2.0166	 1.1607	 0.0000
 2.0200	 1.1859	 0.0000
 2.0233	 1.1321	 0.0000
 2.0267	 1.2093	 0.0000
 2.0301	 1.1896	 0.0000
 2.0335	 1.1336	 0.0000
 2.0369	 1.1924	 0.0000
 2.0403	 1.1574	 0.0000
 2.0437	 1.1615	 0.0000
 2.0471	 1.1148	 0.0000
 2.0505	 1.1905	 0.0000
 2.0539	 1.2294	 0.0000
 2.0572	 1.1652	 0.0000
 2.0606	 1.1364	 0.0000
 2.0640	 1.1618	 0.0000
 2.0674	 1.1711	 0.0000
 2.0708	 1.1765	 0.0000
 2.0742	 1.1695	 0.0000
 2.0776	 1.1887	 0.0000
 2.0810	 1.1979	 0.0000
 2.0844	 1.1876	 0.0000
 2.0877	 1.1662	 0.0000
 2.0911	 1.1949	 0.0000
 2.0945	 1.1819	 0.0000
 2.0979	 1.1817	 0.0000
 2.1013	 1.1692	 0.0000
 2.1047	 1.1657	 0.0000
 2.1081	 1.1136	 0.0000
 2.1115	 1.0714	 0.0000
 2.1149	 1.1871	 0.0000
 2.1183	 1.1403	 0.0000
 2.1216	 1.2098	 0.0000
 2.1250	 1.1183	 0.0000
 2.1284	 1.1347	 0.0000
 2.1318	 1.1776	 0.0000
 2.1352	 1.1315	 0.0000
 2.1386	 1.1807	 0.0000
 2.1420	 1.1620	 0.0000
 2.1454	 1.1350	 0.0000
 2.1488	 1.1745	 0.0000
 2.1521	 1.1988	 0.0000
 2.1555	 1.1594	 0.0000
 2.1589	 1.2086	 0.0000
 2.1623	 1.1733	 0.0000
 2.1657	 1.2034	 0.0000
 2.1691	 1.1315	 0.0000
 2.1725	 1.2166	 0.0000
 2.1759	 1.1592	 0.0000
 2.1793	 1.1453	 0.0000
 2.1827	 1.2441	 0.0000
 2.1860	 1.2419	 0.0000
 2.1894	 1.1809	 0.0000
 2.1928	 1.2039	 0.0000
 2.1962	 1.2035	 0.0000
 2.1996	 1.1806	 0.0000
 2.2030	 1.1794	 0.0000
 2.2064	 1.1758	 0.0000
 2.2098	 1.1780	 0.0000
 2.2132	 1.2519	 0.0000
 2.2165	 1.2297	 0.0000
 2.2199	 1.2189	 0.0000
 2.2233	 1.2175	 0.0000
 2.2267	 1.2333	 0.0000
 2.2301	 1.2127	 0.0000
 2.2335	 1.2315	 0.0000
 2.2369	 1.1952	 0.0000
 2.2403	 1.1844	 0.0000
 2.2437	 1.1622	 0.0000
 2.2471	 1.1461	 0.0000
 2.2504	 1.1346	 0.0000
 2.2538	 1.1247	 0.0000
 2.2572	 1.1980	 0.0000
 2.2606	 1.2312	 0.0000
 2.2640	 1.2844	 0.0000
 2.2674	 1.1062	 0.0000
 2.2708	 1.2655	 0.0000
 2.2742	 1.2020	 0.0000
 2.2776	 1.1936	 0.0000
 2.2810	 1.2433	 0.0000
 2.2843	 1.2303	 0.0000
 2.2877	 1.1952	 0.0000
 2.2911	 1.2901	 0.0000
 2.2945	 1.1952	 0.0000
 2.2979	 1.2405	 0.0000
 2.3013	 1.2052	 0.0000
 2.3047	 1.2004	 0.0000
 2.3081	 1.2485	 0.0000
 2.3115	 1.1745	 0.0000
 2.3149	 1.1814	 0.0000
 2.3182	 1.2521	 0.0000
 2.3216	 1.1209	 0.0000
 2.3250	 1.1705	 0.0000
 2.3284	 1.2581	 0.0000
 2.3318	 1.1992	 0.0000
 2.3352	 1.2577	 0.0000
 2.3386	 1.1966	 0.0000
 2.3420	 1.2167	 0.0000
 2.3454	 1.2689	 0.0000
 2.3487	 1.2296	 0.0000
 2.3521	 1.2935	 0.0000
 2.3555	 1.2238	 0.0000
 2.3589	 1.2348	 0.0000
 2.3623	 1.2301	 0.0000
 2.3657	 1.3001	 0.0000
 2.3691	 1.2464	 0.0000
 2.3725	 1.1001	 0.0000
 2.3759	 1.3123	 0.0000
 2.3793	 1.2211	 0.0000
 2.3826	 1.2402	 0.0000
 2.3860	 1.2419	 0.0000
 2.3894	 1.2221	 0.0000
 2.3928	 1.2516	 0.0000
 2.3962	 1.2094	 0.0000
 2.3996	 1.0980	 0.0000
