 0.8200	 1.0363	 0.0716
 0.8250	 1.0826	 0.0708
 0.8300	 1.1399	 0.0753
 0.8350	 1.1176	 0.0691
 0.8400	 1.0444	 0.0650
 0.8450	 0.9961	 0.0471
 0.8500	 1.0565	 0.0667
 0.8550	 1.1035	 0.0672
 0.8600	 1.0524	 0.0685
 0.8650	 1.0445	 0.0648
 0.8700	 1.0347	 0.0676
 0.8750	 1.0289	 0.0610
 0.8800	 1.0412	 0.0619
 0.8850	 1.0516	 0.0613
 0.8900	 1.0468	 0.0707
 0.8950	 1.0005	 0.0542
 0.9000	 1.0063	 0.0571
 0.9050	 1.0031	 0.0565
 0.9100	 0.9629	 0.0540
 0.9150	 0.9908	 0.0584
 0.9200	 0.9563	 0.0504
 0.9250	 0.9183	 0.0567
 0.9300	 0.9157	 0.0523
 0.9350	 0.9078	 0.0556
 0.9400	 0.8998	 0.0492
 0.9450	 0.9140	 0.0629
 0.9500	 0.9321	 0.0551
 0.9550	 0.8769	 0.0558
 0.9600	 0.8992	 0.0574
 0.9650	 0.9678	 0.0553
 0.9700	 0.9733	 0.0533
 0.9750	 0.9457	 0.0461
 0.9800	 0.9229	 0.0455
 0.9850	 0.9085	 0.0447
 0.9900	 0.9383	 0.0486
 0.9950	 0.9698	 0.0505
 1.0000	 0.9803	 0.0462
 1.0050	 1.0055	 0.0542
 1.0100	 0.9911	 0.0441
 1.0150	 0.9317	 0.0455
 1.0200	 0.8805	 0.0382
 1.0250	 0.8569	 0.0419
 1.0300	 0.9069	 0.0399
 1.0350	 1.0137	 0.0454
 1.0400	 1.0581	 0.0448
 1.0450	 1.0235	 0.0468
 1.0500	 1.0116	 0.0414
 1.0550	 1.0183	 0.0484
 1.0600	 1.0054	 0.0501
 1.0650	 0.9922	 0.0468
 1.0700	 0.9872	 0.0460
 1.0750	 0.9998	 0.0483
 1.0800	 1.0234	 0.0484
 1.0850	 0.9717	 0.0455
 1.0900	 0.9256	 0.0462
 1.0950	 0.9275	 0.0458
 1.1000	 1.0010	 0.0484
 1.1050	 1.0493	 0.0464
 1.1100	 0.9943	 0.0539
 1.1150	 0.9494	 0.0501
 1.1200	 1.0037	 0.0498
 1.1250	 1.0622	 0.0626
 1.1300	 1.0446	 0.0625
 1.1350	 0.9394	 0.0558
 1.1400	 1.0004	 0.0537
 1.1450	 0.9822	 0.0554
 1.1500	 0.9586	 0.0483
 1.1550	 0.9933	 0.0601
 1.1600	 1.0355	 0.0546
 1.1650	 0.9765	 0.0493
 1.1700	 0.9245	 0.0466
 1.1750	 0.9224	 0.0434
 1.1800	 0.9833	 0.0507
 1.1850	 1.0088	 0.0469
 1.1900	 0.9694	 0.0461
 1.1950	 0.9450	 0.0516
 1.2000	 0.9368	 0.0467
 1.2050	 0.9609	 0.0451
 1.2100	 0.9503	 0.0445
 1.2150	 0.9598	 0.0489
 1.2200	 0.9483	 0.0427
 1.2250	 0.9061	 0.0505
 1.2300	 0.9410	 0.0476
 1.2350	 1.0138	 0.0500
 1.2400	 1.0436	 0.0488
 1.2450	 1.0464	 0.0470
 1.2500	 1.0606	 0.0549
 1.2600	 0.9862	 0.0486
 1.2650	 0.9860	 0.0498
 1.2700	 1.1439	 0.0357
 1.2750	 1.1300	 0.0604
 1.2800	 1.0677	 0.0431
 1.2850	 1.0626	 0.0485
 1.2900	 1.1036	 0.0503
 1.2950	 1.1222	 0.0636
 1.3000	 1.0715	 0.0511
 1.3050	 1.1126	 0.0569
 1.3100	 1.1720	 0.0592
 1.3150	 1.1082	 0.0540
 1.3200	 1.1185	 0.0531
 1.3250	 1.1596	 0.0563
 1.3300	 1.1594	 0.0560
 1.3350	 1.1736	 0.0696
 1.3400	 1.2012	 0.0752
 1.3450	 1.1239	 0.0747
 1.3500	 1.1830	 0.0973
 1.3550	 1.1642	 0.1044
 1.3600	 1.0964	 0.1355
 1.3650	 0.9552	 0.1686
 1.3700	 0.9905	 0.1705
 1.3800	 1.1119	 0.1100
 1.3850	 1.0158	 0.1361
 1.3900	 0.9413	 0.1400
 1.3950	 1.1276	 0.0749
 1.4000	 1.0472	 0.1261
 1.4050	 1.0034	 0.0890
 1.4100	 1.0100	 0.1091
 1.4150	 1.0902	 0.1013
 1.4200	 1.2393	 0.0964
 1.4250	 1.1808	 0.0864
 1.4300	 1.0666	 0.0740
 1.4350	 0.9666	 0.0692
 1.4400	 0.9249	 0.0598
 1.4450	 0.9839	 0.0695
 1.4500	 0.9679	 0.0564
 1.4550	 1.0069	 0.0566
 1.4600	 1.0165	 0.0633
 1.4650	 0.8400	 0.0513
 1.4700	 0.9428	 0.0609
 1.4750	 1.0774	 0.0638
 1.4800	 0.9632	 0.0646
 1.4850	 0.9087	 0.0619
 1.4900	 0.8337	 0.0510
 1.4950	 0.9336	 0.0422
 1.5000	 0.9896	 0.0552
 1.5050	 1.1205	 0.0697
 1.5100	 1.0797	 0.0512
 1.5150	 1.0099	 0.0529
 1.5200	 1.0158	 0.0460
 1.5250	 0.9768	 0.0515
 1.5300	 0.9433	 0.0509
 1.5350	 0.8801	 0.0453
 1.5400	 0.8464	 0.0530
 1.5450	 0.9823	 0.0470
 1.5500	 0.9750	 0.0565
 1.5550	 1.0163	 0.0556
 1.5600	 1.1017	 0.0653
 1.5650	 1.1457	 0.0570
 1.5700	 1.0886	 0.0621
 1.5750	 1.0084	 0.0409
 1.5800	 0.8534	 0.0586
 1.5850	 0.9379	 0.0485
 1.5900	 0.9607	 0.0551
 1.5950	 0.9366	 0.0452
 1.6000	 0.8154	 0.0525
 1.6050	 0.7713	 0.0562
 1.6100	 0.9274	 0.0587
 1.6150	 1.0604	 0.0567
 1.6200	 1.0247	 0.0651
 1.6250	 1.0350	 0.0503
 1.6300	 0.9792	 0.0548
 1.6350	 0.9663	 0.0541
 1.6400	 1.0177	 0.0653
 1.6450	 1.0595	 0.0525
 1.6500	 0.9448	 0.0625
 1.6550	 1.0847	 0.0605
 1.6600	 1.2773	 0.0800
 1.6650	 1.4200	 0.0711
 1.6700	 1.3351	 0.0699
 1.6750	 1.1640	 0.0635
 1.6800	 1.0675	 0.0625
 1.6850	 1.0259	 0.0632
 1.6900	 1.0670	 0.0662
 1.6950	 1.0719	 0.0606
 1.7000	 0.9563	 0.0557
 1.7050	 0.8710	 0.0684
 1.7100	 1.1017	 0.0593
 1.7150	 1.1362	 0.0874
 1.7200	 1.3290	 0.0838
 1.7250	 1.4097	 0.0818
 1.7300	 1.3137	 0.0761
 1.7350	 1.2126	 0.0667
 1.7400	 0.9669	 0.0726
 1.7450	 0.9601	 0.0772
 1.7500	 0.9754	 0.0638
 1.7550	 0.9630	 0.0552
 1.7600	 0.8982	 0.0886
 1.7650	 1.1780	 0.1081
 1.7750	 1.3574	 0.0365
 1.7900	 1.2683	 0.0954
 1.8000	 1.1006	 0.0751
 1.8050	 0.7696	 0.0752
 1.8100	 0.9718	 0.0852
 1.8150	 0.7591	 0.0946
 1.8300	 0.8102	 0.1434
 1.8350	 0.9700	 0.1670
 1.8400	 0.8766	 0.2504
 1.8650	 0.9795	 0.3061
 1.8700	 0.7822	 0.2821
 1.8900	 0.7492	 0.1809
 1.9000	 0.9199	 0.2522
 1.9200	 1.1284	 0.2904
 1.9350	 1.0877	 0.2427
 1.9450	 1.2308	 0.1574
 1.9650	 1.0081	 0.1606
 1.9700	 1.0923	 0.0853
 1.9800	 0.8086	 0.1100
 1.9850	 1.2633	 0.1250
 1.9900	 1.3793	 0.1019
 1.9950	 1.4264	 0.1060
 2.0000	 1.3534	 0.1145
 2.0150	 0.7950	 0.0771
 2.0300	 0.8694	 0.0858
 2.0400	 0.7660	 0.0767
 2.0450	 0.8372	 0.0709
 2.0500	 0.7787	 0.1150
 2.0550	 1.1854	 0.0792
 2.0600	 0.9833	 0.0651
 2.0750	 1.1973	 0.0630
 2.0800	 1.0333	 0.0765
 2.0900	 0.9765	 0.0792
 2.0950	 0.8088	 0.1100
 2.1000	 0.9273	 0.1069
 2.1050	 1.3103	 0.0772
 2.1100	 1.0877	 0.1208
 2.1150	 1.2755	 0.0706
 2.1200	 1.1503	 0.0348
 2.1350	 1.0834	 0.1137
 2.1400	 1.1576	 0.1347
 2.1450	 0.8337	 0.1492
 2.1550	 0.9799	 0.1261
 2.1600	 1.2578	 0.0584
 2.1650	 1.1798	 0.0487
 2.1750	 1.1156	 0.1103
 2.1800	 1.3388	 0.1626
 2.1850	 1.4727	 0.0963
 2.1900	 1.2756	 0.1210
 2.1950	 0.8400	 0.1588
 2.2000	 1.3896	 0.1277
 2.2050	 1.1486	 0.1410
 2.2100	 0.8391	 0.2206
 2.2250	 1.3114	 0.1059
 2.2300	 1.3047	 0.1376
 2.2350	 0.9968	 0.1047
 2.2400	 0.9281	 0.1595
 2.2450	 1.1813	 0.1369
 2.2550	 1.3527	 0.1202
 2.2600	 1.2206	 0.1382
 2.2650	 0.8358	 0.1291
 2.2700	 0.8470	 0.1297
 2.2750	 1.0897	 0.1112
 2.2800	 1.0396	 0.1390
 2.2850	 1.2358	 0.1145
 2.2900	 0.9498	 0.1230
 2.2950	 0.8636	 0.1448
 2.3000	 1.1209	 0.1480
 2.3050	 1.2106	 0.1400
 2.3100	 1.3171	 0.1269
 2.3150	 1.2093	 0.1675
 2.3200	 1.3154	 0.1333
 2.3250	 1.1603	 0.1408
 2.3300	 1.2554	 0.0777
 2.3400	 0.8114	 0.1485
 2.3450	 1.3466	 0.1569
 2.3500	 1.3653	 0.1457
 2.3550	 1.2272	 0.1832
 2.3700	 0.8207	 0.1527
 2.3800	 1.0537	 0.2479
 2.3850	 1.1670	 0.1566
 2.3900	 1.1163	 0.1942
 2.4000	 1.0883	 0.1688
 2.4050	 0.9005	 0.1535
 2.4100	 0.7585	 0.1828
 2.4150	 0.9701	 0.1687
 2.4200	 1.1657	 0.2192
 2.4250	 1.2283	 0.2872
 2.4400	 1.2226	 0.2627
