 0.8500	 0.9000	 0.1000
 0.8550	 0.8930	 0.1076
 0.8600	 0.8918	 0.1212
 0.8650	 0.9463	 0.1029
 0.8700	 0.8623	 0.1019
 0.8750	 0.8840	 0.1051
 0.8800	 0.8185	 0.0932
 0.8850	 0.8313	 0.1021
 0.8900	 0.8972	 0.0947
 0.8950	 0.8201	 0.0904
 0.9000	 0.8243	 0.0869
 0.9050	 0.8773	 0.0894
 0.9100	 0.8838	 0.0912
 0.9150	 0.8803	 0.0903
 0.9200	 0.8832	 0.0899
 0.9250	 0.8636	 0.0839
 0.9300	 0.8685	 0.0846
 0.9350	 0.8381	 0.0908
 0.9400	 0.8227	 0.0926
 0.9450	 0.9091	 0.0966
 0.9500	 0.9095	 0.0892
 0.9550	 0.8553	 0.0845
 0.9600	 0.7861	 0.0872
 0.9650	 0.8135	 0.0857
 0.9700	 0.8437	 0.0737
 0.9750	 0.8055	 0.0713
 0.9800	 0.9263	 0.0822
 0.9850	 0.9154	 0.0716
 0.9900	 0.8717	 0.0763
 0.9950	 0.9584	 0.0769
 1.0000	 0.9634	 0.0722
 1.0050	 0.9651	 0.0785
 1.0100	 1.0103	 0.0772
 1.0150	 1.0508	 0.0797
 1.0200	 0.9795	 0.0696
 1.0250	 0.9261	 0.0759
 1.0300	 0.9570	 0.0796
 1.0350	 1.0279	 0.0839
 1.0400	 1.0259	 0.0699
 1.0450	 1.0037	 0.0725
 1.0500	 1.0104	 0.0722
 1.0550	 1.0194	 0.0789
 1.0600	 1.0195	 0.0766
 1.0650	 0.9819	 0.0748
 1.0700	 0.9498	 0.0728
 1.0750	 0.9130	 0.0707
 1.0800	 0.9799	 0.0714
 1.0850	 1.0301	 0.0713
 1.0900	 0.9965	 0.0712
 1.0950	 0.9269	 0.0718
 1.1000	 0.9172	 0.0720
 1.1050	 0.8975	 0.0753
 1.1100	 1.0002	 0.0901
 1.1150	 0.9838	 0.0787
 1.1200	 0.9006	 0.0844
 1.1250	 0.9582	 0.0804
 1.1300	 0.9515	 0.0778
 1.1350	 0.9620	 0.0768
 1.1400	 0.9783	 0.0791
 1.1450	 0.9232	 0.0724
 1.1500	 0.9059	 0.0695
 1.1550	 0.9258	 0.0711
 1.1600	 1.0014	 0.0766
 1.1650	 1.1266	 0.0790
 1.1700	 1.0279	 0.0703
 1.1750	 1.0145	 0.0704
 1.1800	 1.0708	 0.0639
 1.1850	 1.0401	 0.0726
 1.1900	 1.0517	 0.0710
 1.1950	 1.0236	 0.0666
 1.2000	 1.0685	 0.0653
 1.2050	 1.0799	 0.0644
 1.2100	 1.0753	 0.0659
 1.2150	 1.0994	 0.0688
 1.2200	 1.0641	 0.0704
 1.2250	 1.0320	 0.0619
 1.2300	 1.0427	 0.0645
 1.2350	 1.0151	 0.0601
 1.2400	 0.9596	 0.0623
 1.2450	 1.0206	 0.0645
 1.2500	 1.0765	 0.0659
 1.2550	 1.0436	 0.0680
 1.2600	 1.0593	 0.0682
 1.2650	 0.9826	 0.0619
 1.2700	 0.9626	 0.0662
 1.2750	 1.1664	 0.0733
 1.2800	 1.1514	 0.0652
 1.2850	 1.0435	 0.0667
 1.2900	 1.0822	 0.0672
 1.2950	 1.0343	 0.0655
 1.3000	 0.9816	 0.0637
 1.3050	 1.0413	 0.0656
 1.3100	 1.1113	 0.0654
 1.3150	 1.0716	 0.0664
 1.3200	 1.0882	 0.0707
 1.3250	 1.1339	 0.0704
 1.3300	 1.1107	 0.0683
 1.3350	 1.0848	 0.0719
 1.3400	 1.1340	 0.0831
 1.3450	 1.1437	 0.0845
 1.3500	 1.0656	 0.1011
 1.3550	 0.9966	 0.1135
 1.3600	 0.9210	 0.1434
 1.3650	 1.0897	 0.1937
 1.3700	 1.0565	 0.1695
 1.3750	 0.9765	 0.1841
 1.3800	 1.0226	 0.1514
 1.3850	 1.0752	 0.1630
 1.3950	 1.2226	 0.1455
 1.4000	 1.1487	 0.1541
 1.4050	 1.2718	 0.1422
 1.4100	 1.1149	 0.1108
 1.4150	 1.1023	 0.1223
 1.4200	 1.2450	 0.1118
 1.4250	 1.0124	 0.0899
 1.4350	 1.1289	 0.1045
 1.4400	 1.2572	 0.1037
 1.4450	 1.2108	 0.0902
 1.4500	 1.0198	 0.0840
 1.4600	 0.9423	 0.0817
 1.4650	 0.9833	 0.0780
 1.4700	 1.0379	 0.0854
 1.4750	 1.0771	 0.0795
 1.4800	 0.9283	 0.0761
 1.4850	 1.0623	 0.0851
 1.4900	 1.1500	 0.0832
 1.4950	 1.1254	 0.0827
 1.5000	 1.2866	 0.0912
 1.5100	 1.3114	 0.0898
 1.5200	 1.3392	 0.0729
 1.5250	 1.1334	 0.0751
 1.5300	 0.9849	 0.0688
 1.5350	 0.9947	 0.0763
 1.5400	 1.1259	 0.0879
 1.5450	 1.1974	 0.0804
 1.5500	 1.1663	 0.0874
 1.5550	 1.2091	 0.0898
 1.5600	 1.3297	 0.0922
 1.5650	 1.2666	 0.0844
 1.5700	 1.0629	 0.0777
 1.5750	 1.0098	 0.0888
 1.5800	 1.0852	 0.0794
 1.5850	 1.1602	 0.0910
 1.5900	 1.3078	 0.1018
 1.5950	 1.3546	 0.0847
 1.6000	 1.2170	 0.0803
 1.6150	 0.9933	 0.1106
 1.6200	 1.4118	 0.0985
 1.6250	 1.3831	 0.0910
 1.6300	 1.2293	 0.0851
 1.6350	 1.1506	 0.0891
 1.6400	 1.2442	 0.1042
 1.6450	 1.3295	 0.0880
 1.6500	 1.2129	 0.0895
 1.6550	 1.2230	 0.1099
 1.6600	 1.2042	 0.0768
 1.6650	 1.1199	 0.1079
 1.6700	 1.1987	 0.0867
 1.6750	 1.2293	 0.1023
 1.6800	 1.2069	 0.0941
 1.6850	 1.1954	 0.0903
 1.6900	 1.2826	 0.1304
 1.6950	 1.3812	 0.0928
 1.7000	 1.2700	 0.0999
 1.7050	 1.1709	 0.0933
 1.7100	 1.1408	 0.0940
 1.7150	 1.1092	 0.1059
 1.7200	 1.2019	 0.1026
 1.7250	 1.2991	 0.1117
 1.7300	 1.2327	 0.0899
 1.7450	 1.0423	 0.1035
 1.7500	 1.1537	 0.1056
 1.7550	 1.1091	 0.1143
 1.7600	 1.1443	 0.0914
 1.7650	 0.9947	 0.1202
 1.7700	 1.0560	 0.1421
 1.7850	 1.4391	 0.1036
 1.7900	 1.0278	 0.1317
 1.7950	 1.1646	 0.1405
 1.8000	 1.4658	 0.1390
 1.8050	 1.4330	 0.1424
 1.8100	 1.2940	 0.1695
 1.8150	 1.2883	 0.1890
 1.8200	 1.3676	 0.2200
 1.8250	 1.3707	 0.1825
 1.8300	 1.0681	 0.2058
 1.8400	 0.9685	 0.3019
 1.8450	 1.0831	 0.3229
 1.8800	 1.0637	 0.3249
 1.9050	 1.0249	 0.2598
 1.9400	 1.0369	 0.2147
 1.9450	 1.1853	 0.2473
 1.9500	 1.1179	 0.1779
 1.9550	 0.9753	 0.2394
 1.9650	 1.2555	 0.1669
 1.9900	 1.4120	 0.1335
 1.9950	 1.2430	 0.1714
 2.0000	 1.0837	 0.1756
 2.0050	 1.4774	 0.1866
 2.0350	 1.0232	 0.1245
 2.0500	 1.2831	 0.2225
 2.0650	 1.4421	 0.1942
 2.0700	 1.0221	 0.2205
 2.0750	 1.1876	 0.2221
 2.0800	 1.4576	 0.1699
 2.0850	 1.2168	 0.1591
 2.1050	 0.9591	 0.1871
 2.1100	 1.1654	 0.2174
 2.1150	 1.5166	 0.2431
 2.1300	 1.2382	 0.2102
 2.1350	 1.4283	 0.1796
 2.1400	 1.3071	 0.2050
 2.1450	 1.1724	 0.2015
 2.1500	 1.3488	 0.2288
 2.1550	 1.5967	 0.1935
 2.1650	 1.0586	 0.2437
 2.1700	 1.3195	 0.1799
 2.1750	 1.4989	 0.1737
 2.1850	 0.9977	 0.2074
 2.1900	 1.4712	 0.1625
 2.1950	 0.9778	 0.2418
 2.2000	 1.1136	 0.2264
 2.2050	 1.5202	 0.2513
 2.2100	 1.3333	 0.2717
 2.2200	 1.3515	 0.2420
 2.2250	 1.0078	 0.2459
 2.2300	 1.5126	 0.2548
 2.2350	 1.5648	 0.2549
 2.2400	 1.6434	 0.2397
 2.2450	 1.5376	 0.2217
 2.2500	 1.2445	 0.2646
 2.2550	 1.1781	 0.2209
 2.2600	 1.1342	 0.2670
 2.2650	 1.3279	 0.2212
 2.2700	 1.1793	 0.2319
 2.2750	 0.9797	 0.2073
 2.2900	 1.1898	 0.2020
 2.3050	 1.2371	 0.2370
 2.3100	 1.2784	 0.2611
 2.3200	 1.5500	 0.2902
 2.3250	 1.5975	 0.2590
 2.3300	 1.3724	 0.2623
 2.3350	 1.0688	 0.2060
 2.3450	 1.0777	 0.2824
 2.3500	 1.5560	 0.2423
 2.3650	 1.3464	 0.2809
 2.3700	 1.4978	 0.2930
 2.3750	 1.0194	 0.3509
 2.3800	 1.2795	 0.3166
 2.3850	 1.5734	 0.2969
 2.3900	 1.3883	 0.3066
 2.3950	 1.3786	 0.1937
 2.4000	 0.9884	 0.3326
 2.4050	 1.0559	 0.3122
 2.4100	 1.5443	 0.2379
 2.4150	 1.1008	 0.3337
 2.4200	 1.2451	 0.2032
 2.4250	 1.2616	 0.1371
 2.4350	 1.5428	 0.6293
 2.4450	 1.2703	 0.2542
 2.4500	 1.3000	 0.2000
 	 	 
