 0.8050	 0.9041	 0.0048
 0.8100	 0.8808	 0.0047
 0.8150	 0.9047	 0.0047
 0.8200	 0.8827	 0.0045
 0.8250	 0.8866	 0.0044
 0.8300	 0.8783	 0.0043
 0.8350	 0.8735	 0.0043
 0.8400	 0.8637	 0.0041
 0.8450	 0.8628	 0.0041
 0.8500	 0.8634	 0.0040
 0.8550	 0.8355	 0.0040
 0.8600	 0.8500	 0.0038
 0.8650	 0.8353	 0.0039
 0.8700	 0.8324	 0.0037
 0.8750	 0.8269	 0.0036
 0.8800	 0.8177	 0.0036
 0.8850	 0.8228	 0.0035
 0.8900	 0.8121	 0.0035
 0.8950	 0.8171	 0.0034
 0.9000	 0.8164	 0.0034
 0.9050	 0.8183	 0.0033
 0.9100	 0.8134	 0.0033
 0.9150	 0.8080	 0.0032
 0.9200	 0.8150	 0.0031
 0.9250	 0.8243	 0.0031
 0.9300	 0.8273	 0.0033
 0.9350	 0.8030	 0.0035
 0.9400	 0.8216	 0.0033
 0.9450	 0.8157	 0.0033
 0.9500	 0.8203	 0.0031
 0.9550	 0.8189	 0.0031
 0.9600	 0.8211	 0.0029
 0.9650	 0.8295	 0.0028
 0.9700	 0.8314	 0.0027
 0.9750	 0.8308	 0.0027
 0.9800	 0.8399	 0.0027
 0.9850	 0.8420	 0.0026
 0.9900	 0.8463	 0.0026
 0.9950	 0.8498	 0.0027
 1.0000	 0.8553	 0.0026
 1.0050	 0.8586	 0.0026
 1.0100	 0.8602	 0.0025
 1.0150	 0.8661	 0.0026
 1.0200	 0.8679	 0.0026
 1.0250	 0.8791	 0.0025
 1.0300	 0.8757	 0.0025
 1.0350	 0.8750	 0.0025
 1.0400	 0.8681	 0.0025
 1.0450	 0.8853	 0.0024
 1.0500	 0.8832	 0.0023
 1.0550	 0.8798	 0.0023
 1.0600	 0.8892	 0.0023
 1.0650	 0.8999	 0.0022
 1.0700	 0.8993	 0.0024
 1.0750	 0.8868	 0.0023
 1.0800	 0.8957	 0.0023
 1.0850	 0.9034	 0.0024
 1.0900	 0.9159	 0.0023
 1.0950	 0.9169	 0.0024
 1.1000	 0.9126	 0.0023
 1.1050	 0.9212	 0.0022
 1.1100	 0.9347	 0.0022
 1.1150	 0.9301	 0.0023
 1.1200	 0.9317	 0.0024
 1.1250	 0.9191	 0.0024
 1.1300	 0.9532	 0.0025
 1.1350	 0.9583	 0.0027
 1.1400	 0.9526	 0.0023
 1.1450	 0.9440	 0.0026
 1.1500	 0.9521	 0.0023
 1.1550	 0.9621	 0.0024
 1.1600	 0.9710	 0.0023
 1.1650	 0.9714	 0.0022
 1.1700	 0.9734	 0.0021
 1.1750	 0.9821	 0.0020
 1.1800	 0.9882	 0.0020
 1.1850	 0.9816	 0.0020
 1.1900	 0.9752	 0.0019
 1.1950	 0.9972	 0.0020
 1.2000	 1.0051	 0.0022
 1.2050	 0.9899	 0.0021
 1.2100	 0.9923	 0.0021
 1.2150	 1.0000	 0.0021
 1.2200	 1.0017	 0.0021
 1.2250	 1.0027	 0.0021
 1.2300	 1.0053	 0.0021
 1.2350	 1.0158	 0.0020
 1.2400	 1.0124	 0.0019
 1.2450	 1.0170	 0.0019
 1.2500	 1.0221	 0.0019
 1.2550	 1.0213	 0.0019
 1.2600	 1.0284	 0.0020
 1.2650	 1.0309	 0.0022
 1.2700	 1.0235	 0.0024
 1.2750	 1.0407	 0.0024
 1.2800	 1.0275	 0.0023
 1.2850	 1.0346	 0.0020
 1.2900	 1.0444	 0.0022
 1.2950	 1.0435	 0.0020
 1.3000	 1.0553	 0.0021
 1.3050	 1.0559	 0.0021
 1.3100	 1.0639	 0.0021
 1.3150	 1.0604	 0.0020
 1.3200	 1.0618	 0.0020
 1.3250	 1.0599	 0.0019
 1.3300	 1.0581	 0.0019
 1.3350	 1.0720	 0.0019
 1.3400	 1.0610	 0.0019
 1.3450	 1.0628	 0.0020
 1.3500	 1.0645	 0.0023
 1.3550	 1.0925	 0.0030
 1.3600	 1.0547	 0.0043
 1.3650	 1.0472	 0.0048
 1.3700	 1.0697	 0.0042
 1.3750	 1.0718	 0.0031
 1.3800	 1.0739	 0.0039
 1.3850	 1.0760	 0.0040
 1.3900	 1.0781	 0.0030
 1.3950	 1.0554	 0.0035
 1.4000	 1.0649	 0.0037
 1.4050	 1.0660	 0.0036
 1.4100	 1.0871	 0.0034
 1.4150	 1.0845	 0.0032
 1.4200	 1.0759	 0.0027
 1.4250	 1.1050	 0.0023
 1.4300	 1.1009	 0.0025
 1.4350	 1.1040	 0.0026
 1.4400	 1.0803	 0.0022
 1.4450	 1.1027	 0.0023
 1.4500	 1.1044	 0.0026
 1.4550	 1.0925	 0.0024
 1.4600	 1.1212	 0.0023
 1.4650	 1.1279	 0.0023
 1.4700	 1.1336	 0.0024
 1.4750	 1.1362	 0.0023
 1.4800	 1.1269	 0.0024
 1.4850	 1.1235	 0.0024
 1.4900	 1.1200	 0.0022
 1.4950	 1.1394	 0.0018
 1.5000	 1.1454	 0.0024
 1.5050	 1.1270	 0.0027
 1.5100	 1.1417	 0.0021
 1.5150	 1.1431	 0.0019
 1.5200	 1.1552	 0.0022
 1.5250	 1.1509	 0.0023
 1.5300	 1.1596	 0.0023
 1.5350	 1.1417	 0.0022
 1.5400	 1.1450	 0.0022
 1.5450	 1.1462	 0.0021
 1.5500	 1.1405	 0.0021
 1.5550	 1.1580	 0.0022
 1.5600	 1.1527	 0.0022
 1.5650	 1.1567	 0.0022
 1.5700	 1.1482	 0.0019
 1.5750	 1.1525	 0.0020
 1.5800	 1.1501	 0.0027
 1.5850	 1.1494	 0.0026
 1.5900	 1.1395	 0.0019
 1.5950	 1.1487	 0.0019
 1.6000	 1.1557	 0.0023
 1.6050	 1.1507	 0.0025
 1.6100	 1.1414	 0.0024
 1.6150	 1.1388	 0.0023
 1.6200	 1.1390	 0.0022
 1.6250	 1.1515	 0.0021
 1.6300	 1.1497	 0.0021
 1.6350	 1.1515	 0.0022
 1.6400	 1.1540	 0.0022
 1.6450	 1.1551	 0.0023
 1.6500	 1.1385	 0.0022
 1.6550	 1.1443	 0.0019
 1.6600	 1.1412	 0.0018
 1.6650	 1.1335	 0.0025
 1.6700	 1.1232	 0.0026
 1.6750	 1.1403	 0.0021
 1.6800	 1.1385	 0.0018
 1.6850	 1.1443	 0.0022
 1.6900	 1.1409	 0.0023
 1.6950	 1.1288	 0.0024
 1.7000	 1.1320	 0.0023
 1.7050	 1.1379	 0.0023
 1.7100	 1.1332	 0.0023
 1.7150	 1.1384	 0.0021
 1.7200	 1.1314	 0.0021
 1.7250	 1.1284	 0.0021
 1.7300	 1.1186	 0.0021
 1.7350	 1.1163	 0.0023
 1.7400	 1.1235	 0.0023
 1.7450	 1.1187	 0.0022
 1.7500	 1.1131	 0.0020
 1.7550	 1.1214	 0.0018
 1.7600	 1.1218	 0.0024
 1.7650	 1.1030	 0.0027
 1.7700	 1.1069	 0.0024
 1.7750	 1.1113	 0.0019
 1.7800	 1.1072	 0.0021
 1.7850	 1.1045	 0.0025
 1.7900	 1.1170	 0.0025
 1.7950	 1.1135	 0.0026
 1.8000	 1.0998	 0.0029
 1.8050	 1.0955	 0.0031
 1.8100	 1.1099	 0.0032
 1.8150	 1.1111	 0.0033
 1.8200	 1.1068	 0.0033
 1.8250	 1.1404	 0.0036
 1.8300	 1.1322	 0.0038
 1.8350	 1.1173	 0.0048
 1.8400	 1.1163	 0.0059
 1.8450	 1.1152	 0.0058
 1.8500	 1.1140	 0.0057
 1.8550	 1.0891	 0.0054
 1.8600	 1.1123	 0.0044
 1.8650	 1.1124	 0.0046
 1.8700	 1.1117	 0.0088
 1.8750	 1.1108	 0.0083
 1.8800	 1.1094	 0.0043
 1.8850	 1.1079	 0.0034
 1.8900	 1.1069	 0.0035
 1.8950	 1.1258	 0.0039
 1.9000	 1.1053	 0.0049
 1.9050	 1.1045	 0.0053
 1.9200	 1.1137	 0.0046
 1.9250	 1.0771	 0.0043
 1.9300	 1.0946	 0.0037
 1.9350	 1.0818	 0.0033
 1.9400	 1.0793	 0.0030
 1.9450	 1.0954	 0.0030
 1.9500	 1.1158	 0.0033
 1.9550	 1.0934	 0.0039
 1.9600	 1.0936	 0.0038
 1.9650	 1.0799	 0.0035
 1.9700	 1.0794	 0.0033
 1.9750	 1.0769	 0.0029
 1.9800	 1.0685	 0.0025
 1.9850	 1.1008	 0.0023
 1.9900	 1.1101	 0.0022
 1.9950	 1.0949	 0.0031
 2.0000	 1.0951	 0.0048
 2.0050	 1.0757	 0.0060
 2.0100	 1.0954	 0.0048
 2.0150	 1.0964	 0.0043
 2.0200	 1.0971	 0.0038
 2.0250	 1.0790	 0.0033
 2.0300	 1.0928	 0.0030
 2.0350	 1.1102	 0.0030
 2.0400	 1.1089	 0.0030
 2.0450	 1.1190	 0.0030
 2.0500	 1.1203	 0.0033
 2.0550	 1.1045	 0.0037
 2.0600	 1.0922	 0.0034
 2.0650	 1.0994	 0.0031
 2.0700	 1.0880	 0.0033
 2.0750	 1.0973	 0.0030
 2.0800	 1.1029	 0.0027
 2.0850	 1.1132	 0.0027
 2.0900	 1.1151	 0.0027
 2.0950	 1.1146	 0.0026
 2.1000	 1.1222	 0.0026
 2.1050	 1.1243	 0.0028
 2.1100	 1.1191	 0.0030
 2.1150	 1.1188	 0.0030
 2.1200	 1.1204	 0.0030
 2.1250	 1.1125	 0.0000
 2.1300	 1.1087	 0.0000
 2.1350	 1.1225	 0.0000
 2.1400	 1.1270	 0.0027
 2.1450	 1.1141	 0.0029
 2.1500	 1.1252	 0.0034
 2.1550	 1.1369	 0.0036
 2.1600	 1.1127	 0.0033
 2.1650	 1.1252	 0.0031
 2.1700	 1.1396	 0.0032
 2.1750	 1.1469	 0.0032
 2.1800	 1.1216	 0.0034
 2.1850	 1.1191	 0.0036
 2.1900	 1.1389	 0.0035
 2.1950	 1.1510	 0.0036
 2.2000	 1.1414	 0.0038
 2.2050	 1.1218	 0.0040
 2.2100	 1.1460	 0.0038
 2.2150	 1.1362	 0.0039
 2.2200	 1.1374	 0.0039
 2.2250	 1.1475	 0.0038
 2.2300	 1.1508	 0.0039
 2.2350	 1.1480	 0.0041
 2.2400	 1.1319	 0.0042
 2.2450	 1.1465	 0.0043
 2.2500	 1.1555	 0.0041
 2.2550	 1.1675	 0.0043
 2.2600	 1.1682	 0.0044
 2.2650	 1.1627	 0.0045
 2.2700	 1.1530	 0.0046
 2.2750	 1.1461	 0.0047
 2.2800	 1.1829	 0.0048
 2.2850	 1.1779	 0.0050
 2.2900	 1.1520	 0.0049
 2.2950	 1.1720	 0.0050
 2.3000	 1.1620	 0.0051
 2.3050	 1.1679	 0.0051
 2.3100	 1.1738	 0.0053
 2.3150	 1.1743	 0.0055
 2.3200	 1.1741	 0.0056
 2.3250	 1.1799	 0.0054
 2.3300	 1.1682	 0.0054
 2.3350	 1.1848	 0.0058
 2.3400	 1.1862	 0.0061
 2.3450	 1.1872	 0.0060
 2.3500	 1.1841	 0.0058
 2.3550	 1.1892	 0.0059
 2.3600	 1.2136	 0.0063
 2.3650	 1.1700	 0.0065
 2.3700	 1.1882	 0.0069
 2.3750	 1.1921	 0.0071
 2.3800	 1.1930	 0.0073
 2.3850	 1.1799	 0.0072
 2.3900	 1.1865	 0.0070
 2.3950	 1.1898	 0.0073
 2.4000	 1.2135	 0.0080
 2.4050	 1.1953	 0.0084
 2.4100	 1.2144	 0.0084
 2.4150	 1.1788	 0.0083
 2.4200	 1.1854	 0.0085
 2.4250	 1.1763	 0.0086
 2.4300	 1.1925	 0.0088
 2.4350	 1.1836	 0.0084
 2.4400	 1.2035	 0.0085
 2.4450	 1.2047	 0.0090
 2.4500	 1.2304	 0.0092
 2.4550	 1.2248	 0.0097
