 0.8200	 0.9475	 0.0060
 0.8250	 0.9466	 0.0070
 0.8300	 0.9458	 0.0070
 0.8350	 0.9590	 0.0066
 0.8400	 0.9545	 0.0067
 0.8450	 0.9579	 0.0068
 0.8500	 0.9545	 0.0067
 0.8550	 0.9559	 0.0071
 0.8600	 0.9554	 0.0075
 0.8650	 0.9461	 0.0069
 0.8700	 0.9550	 0.0069
 0.8750	 0.9607	 0.0079
 0.8800	 0.9609	 0.0065
 0.8850	 0.9609	 0.0066
 0.8900	 0.9689	 0.0069
 0.8950	 0.9667	 0.0063
 0.9000	 0.9590	 0.0064
 0.9050	 0.9562	 0.0060
 0.9100	 0.9671	 0.0060
 0.9150	 0.9647	 0.0068
 0.9200	 0.9669	 0.0062
 0.9250	 0.9709	 0.0065
 0.9300	 0.9492	 0.0062
 0.9350	 0.9502	 0.0069
 0.9400	 0.9682	 0.0069
 0.9450	 0.9688	 0.0067
 0.9500	 0.9753	 0.0067
 0.9550	 0.9776	 0.0065
 0.9600	 0.9838	 0.0063
 0.9650	 0.9758	 0.0065
 0.9700	 0.9861	 0.0056
 0.9750	 0.9824	 0.0060
 0.9800	 0.9849	 0.0056
 0.9850	 0.9777	 0.0056
 0.9900	 0.9850	 0.0063
 0.9950	 0.9800	 0.0054
 1.0000	 0.9850	 0.0055
 1.0050	 0.9790	 0.0053
 1.0100	 0.9804	 0.0052
 1.0150	 0.9858	 0.0051
 1.0200	 0.9841	 0.0050
 1.0250	 0.9858	 0.0052
 1.0300	 0.9897	 0.0054
 1.0350	 0.9756	 0.0058
 1.0400	 0.9870	 0.0050
 1.0450	 0.9912	 0.0050
 1.0500	 0.9703	 0.0051
 1.0550	 0.9883	 0.0050
 1.0600	 0.9848	 0.0049
 1.0650	 0.9833	 0.0052
 1.0700	 0.9863	 0.0049
 1.0750	 0.9905	 0.0049
 1.0800	 0.9841	 0.0052
 1.0850	 0.9854	 0.0051
 1.0900	 0.9824	 0.0048
 1.0950	 0.9985	 0.0054
 1.1000	 0.9982	 0.0051
 1.1050	 0.9922	 0.0051
 1.1100	 0.9791	 0.0053
 1.1200	 0.9805	 0.0064
 1.1250	 0.9795	 0.0066
 1.1300	 0.9898	 0.0067
 1.1350	 0.9869	 0.0063
 1.1400	 0.9827	 0.0076
 1.1450	 1.0027	 0.0065
 1.1500	 0.9955	 0.0067
 1.1550	 0.9947	 0.0060
 1.1600	 0.9940	 0.0054
 1.1650	 1.0015	 0.0049
 1.1700	 1.0048	 0.0047
 1.1750	 0.9937	 0.0048
 1.1800	 0.9963	 0.0048
 1.1850	 0.9933	 0.0046
 1.1900	 0.9987	 0.0047
 1.1950	 0.9999	 0.0047
 1.2000	 0.9957	 0.0046
 1.2050	 1.0014	 0.0048
 1.2100	 0.9993	 0.0049
 1.2150	 1.0005	 0.0047
 1.2200	 1.0070	 0.0046
 1.2250	 1.0008	 0.0047
 1.2300	 1.0033	 0.0047
 1.2350	 0.9957	 0.0046
 1.2400	 0.9978	 0.0048
 1.2450	 1.0074	 0.0045
 1.2500	 1.0029	 0.0044
 1.2550	 1.0026	 0.0044
 1.2600	 0.9899	 0.0049
 1.2650	 1.0055	 0.0051
 1.2700	 0.9914	 0.0052
 1.2750	 0.9832	 0.0058
 1.2800	 1.0109	 0.0049
 1.2850	 0.9970	 0.0046
 1.2900	 1.0036	 0.0046
 1.2950	 1.0019	 0.0048
 1.3000	 0.9990	 0.0042
 1.3050	 0.9901	 0.0051
 1.3100	 0.9953	 0.0047
 1.3150	 1.0122	 0.0052
 1.3200	 0.9882	 0.0052
 1.3250	 1.0018	 0.0049
 1.3300	 0.9877	 0.0050
 1.3350	 0.9997	 0.0052
 1.3400	 0.9847	 0.0057
 1.3450	 0.9812	 0.0071
 1.3500	 0.9978	 0.0069
 1.3700	 1.0091	 0.0278
 1.3750	 1.0025	 0.0236
 1.3800	 1.0124	 0.0268
 1.3900	 0.9878	 0.0196
 1.3950	 0.9918	 0.0167
 1.4000	 0.9943	 0.0165
 1.4050	 1.0043	 0.0150
 1.4150	 1.0084	 0.0095
 1.4200	 1.0030	 0.0099
 1.4250	 1.0105	 0.0083
 1.4300	 1.0041	 0.0082
 1.4350	 1.0088	 0.0074
 1.4400	 0.9826	 0.0075
 1.4450	 0.9860	 0.0074
 1.4500	 0.9974	 0.0067
 1.4550	 0.9860	 0.0061
 1.4600	 1.0060	 0.0063
 1.4650	 0.9970	 0.0061
 1.4700	 0.9950	 0.0063
 1.4750	 0.9558	 0.0076
 1.4800	 0.9850	 0.0079
 1.4850	 0.9864	 0.0066
 1.4900	 0.9933	 0.0071
 1.4950	 1.0056	 0.0057
 1.5000	 0.9833	 0.0066
 1.5050	 0.9830	 0.0060
 1.5100	 0.9866	 0.0058
 1.5150	 0.9890	 0.0053
 1.5200	 1.0011	 0.0055
 1.5250	 1.0007	 0.0058
 1.5300	 0.9956	 0.0055
 1.5350	 0.9974	 0.0052
 1.5400	 0.9997	 0.0057
 1.5450	 1.0069	 0.0053
 1.5500	 1.0079	 0.0053
 1.5550	 0.9993	 0.0050
 1.5600	 1.0071	 0.0055
 1.5650	 0.9983	 0.0060
 1.5700	 1.0045	 0.0056
 1.5750	 0.9910	 0.0064
 1.5800	 0.9873	 0.0054
 1.5850	 1.0096	 0.0053
 1.5900	 0.9951	 0.0057
 1.5950	 1.0010	 0.0058
 1.6000	 1.0119	 0.0058
 1.6050	 1.0093	 0.0054
 1.6100	 0.9989	 0.0062
 1.6150	 1.0046	 0.0060
 1.6200	 0.9990	 0.0057
 1.6250	 1.0091	 0.0062
 1.6300	 1.0116	 0.0072
 1.6350	 1.0084	 0.0053
 1.6400	 0.9994	 0.0060
 1.6450	 0.9988	 0.0059
 1.6500	 1.0093	 0.0057
 1.6550	 1.0069	 0.0059
 1.6600	 1.0007	 0.0055
 1.6650	 1.0064	 0.0056
 1.6700	 1.0078	 0.0056
 1.6750	 1.0026	 0.0059
 1.6800	 1.0064	 0.0066
 1.6850	 1.0082	 0.0063
 1.6900	 1.0090	 0.0065
 1.6950	 1.0020	 0.0062
 1.7000	 0.9988	 0.0064
 1.7050	 1.0029	 0.0058
 1.7100	 0.9911	 0.0070
 1.7150	 0.9735	 0.0057
 1.7200	 1.0054	 0.0058
 1.7250	 1.0047	 0.0060
 1.7300	 1.0018	 0.0062
 1.7350	 1.0057	 0.0063
 1.7400	 1.0054	 0.0061
 1.7450	 0.9960	 0.0062
 1.7500	 1.0122	 0.0069
 1.7550	 1.0054	 0.0064
 1.7600	 1.0006	 0.0063
 1.7650	 0.9810	 0.0073
 1.7700	 0.9902	 0.0071
 1.7750	 1.0003	 0.0070
 1.7800	 0.9966	 0.0078
 1.7850	 0.9877	 0.0079
 1.7900	 0.9888	 0.0080
 1.7950	 1.0053	 0.0095
 1.8000	 0.9938	 0.0086
 1.8050	 0.9983	 0.0125
 1.8100	 1.0212	 0.0131
 1.8150	 1.0099	 0.0139
 1.8200	 0.9732	 0.0149
 1.8250	 0.9604	 0.0200
 1.8450	 0.9942	 0.0543
 1.8500	 0.9892	 0.0530
 1.8550	 0.9911	 0.0488
 1.8600	 0.9889	 0.0457
 1.8650	 1.0179	 0.0438
 1.8800	 1.0241	 0.0306
 1.8900	 1.0063	 0.0253
 1.8950	 0.9600	 0.0325
 1.9000	 1.0108	 0.0393
 1.9200	 1.0252	 0.0198
 1.9250	 1.0011	 0.0233
 1.9300	 1.0270	 0.0176
 1.9350	 1.0215	 0.0172
 1.9400	 1.0181	 0.0138
 1.9450	 1.0226	 0.0127
 1.9500	 1.0159	 0.0126
 1.9550	 1.0026	 0.0123
 1.9600	 1.0093	 0.0120
 1.9650	 1.0043	 0.0114
 1.9700	 0.9920	 0.0105
 1.9750	 0.9903	 0.0100
 1.9800	 1.0089	 0.0090
 1.9850	 1.0186	 0.0082
 1.9900	 1.0013	 0.0083
 1.9950	 1.0041	 0.0092
 2.0000	 0.9959	 0.0115
 2.0050	 0.9767	 0.0113
 2.0100	 0.9962	 0.0115
 2.0150	 0.9969	 0.0110
 2.0200	 0.9866	 0.0098
 2.0250	 1.0093	 0.0107
 2.0300	 1.0021	 0.0086
 2.0350	 0.9961	 0.0092
 2.0400	 1.0033	 0.0082
 2.0450	 1.0002	 0.0088
 2.0500	 0.9876	 0.0108
 2.0550	 0.9994	 0.0096
 2.0600	 1.0149	 0.0098
 2.0650	 1.0124	 0.0089
 2.0700	 1.0232	 0.0084
 2.0750	 1.0273	 0.0090
 2.0800	 1.0253	 0.0085
 2.0850	 1.0250	 0.0092
 2.0900	 1.0314	 0.0080
 2.0950	 1.0328	 0.0084
 2.1000	 1.0284	 0.0083
 2.1050	 1.0336	 0.0091
 2.1100	 1.0433	 0.0097
 2.1150	 1.0374	 0.0087
 2.1200	 1.0364	 0.0090
 2.1250	 1.0318	 0.0090
 2.1300	 1.0377	 0.0086
 2.1350	 1.0400	 0.0094
 2.1400	 1.0528	 0.0102
 2.1450	 1.0671	 0.0105
 2.1500	 1.0602	 0.0117
 2.1550	 1.0485	 0.0096
 2.1600	 1.0494	 0.0093
 2.1650	 1.0506	 0.0094
 2.1700	 1.0459	 0.0105
 2.1750	 1.0348	 0.0095
 2.1800	 1.0352	 0.0111
 2.1850	 1.0491	 0.0101
 2.1900	 1.0547	 0.0104
 2.1950	 1.0592	 0.0096
 2.2000	 1.0481	 0.0105
 2.2050	 1.0426	 0.0102
 2.2100	 1.0532	 0.0097
 2.2150	 1.0664	 0.0102
 2.2200	 1.0589	 0.0115
 2.2250	 1.0607	 0.0104
 2.2300	 1.0692	 0.0104
 2.2350	 1.0702	 0.0114
 2.2400	 1.0744	 0.0106
 2.2450	 1.0767	 0.0108
 2.2500	 1.0767	 0.0108
 2.2550	 1.0820	 0.0110
 2.2600	 1.0656	 0.0146
 2.2650	 1.0703	 0.0111
 2.2700	 1.0746	 0.0109
 2.2750	 1.0977	 0.0113
 2.2800	 1.1056	 0.0119
 2.2850	 1.0923	 0.0117
 2.2900	 1.0938	 0.0122
 2.2950	 1.1010	 0.0132
 2.3000	 1.0975	 0.0128
 2.3050	 1.0977	 0.0135
 2.3100	 1.1099	 0.0143
 2.3150	 1.1207	 0.0135
 2.3200	 1.1255	 0.0132
 2.3250	 1.1169	 0.0137
 2.3300	 1.1130	 0.0129
 2.3350	 1.1033	 0.0162
 2.3400	 1.1234	 0.0130
 2.3450	 1.1231	 0.0139
 2.3500	 1.1422	 0.0170
 2.3550	 1.1168	 0.0136
 2.3600	 1.1320	 0.0158
 2.3650	 1.1442	 0.0152
 2.3700	 1.1450	 0.0151
 2.3750	 1.1133	 0.0163
 2.3800	 1.1245	 0.0130
 2.3850	 1.1474	 0.0147
 2.3900	 1.1497	 0.0157
 2.3950	 1.1631	 0.0169
 2.4000	 1.1893	 0.0158
 2.4050	 1.1907	 0.0145
 2.4100	 1.1569	 0.0161
 2.4200	 1.1899	 0.0194
 2.4250	 1.1923	 0.0167
 2.4300	 1.1862	 0.0169
 2.4350	 1.1773	 0.0194
 2.4400	 1.1760	 0.0199
 2.4700	 1.1615	 0.0177
 2.4850	 1.2208	 0.0280
 2.4900	 1.2446	 0.0302
 	 	 
