 0.8200	 0.9338	 0.0033
 0.8250	 1.0116	 0.0031
 0.8300	 0.9709	 0.0031
 0.8350	 0.9549	 0.0030
 0.8400	 0.9269	 0.0028
 0.8450	 1.0038	 0.0028
 0.8500	 0.9216	 0.0027
 0.8550	 0.9952	 0.0027
 0.8600	 0.9414	 0.0025
 0.8650	 1.0518	 0.0027
 0.8700	 0.9741	 0.0024
 0.8750	 1.0032	 0.0024
 0.8800	 0.9916	 0.0024
 0.8850	 0.9547	 0.0024
 0.8900	 0.9276	 0.0023
 0.8950	 0.9409	 0.0023
 0.9000	 0.9944	 0.0024
 0.9050	 0.9709	 0.0021
 0.9100	 0.9601	 0.0021
 0.9150	 0.9404	 0.0021
 0.9200	 1.0282	 0.0020
 0.9250	 0.9412	 0.0019
 0.9300	 0.9276	 0.0025
 0.9350	 0.9221	 0.0033
 0.9400	 1.0293	 0.0026
 0.9450	 1.0271	 0.0029
 0.9500	 0.9803	 0.0025
 0.9550	 0.9943	 0.0023
 0.9600	 0.9751	 0.0020
 0.9650	 1.0108	 0.0018
 0.9700	 1.0502	 0.0018
 0.9750	 0.9562	 0.0017
 0.9800	 0.9162	 0.0017
 0.9850	 1.0105	 0.0016
 0.9900	 0.9830	 0.0017
 0.9950	 0.9826	 0.0019
 1.0000	 0.9876	 0.0017
 1.0050	 0.9695	 0.0016
 1.0100	 0.9722	 0.0016
 1.0150	 0.9895	 0.0017
 1.0200	 0.9563	 0.0018
 1.0250	 0.9632	 0.0015
 1.0300	 0.9791	 0.0019
 1.0350	 0.9621	 0.0016
 1.0400	 0.9013	 0.0017
 1.0450	 1.0188	 0.0016
 1.0500	 1.0283	 0.0014
 1.0550	 0.9630	 0.0012
 1.0600	 0.9597	 0.0012
 1.0650	 1.0117	 0.0011
 1.0700	 0.9646	 0.0015
 1.0750	 1.0051	 0.0017
 1.0800	 0.9454	 0.0014
 1.0850	 0.9790	 0.0019
 1.0900	 0.9828	 0.0015
 1.0950	 0.9604	 0.0019
 1.1000	 0.9996	 0.0017
 1.1050	 0.9424	 0.0015
 1.1100	 0.9848	 0.0014
 1.1150	 0.9014	 0.0015
 1.1200	 0.8844	 0.0016
 1.1250	 0.9282	 0.0018
 1.1300	 1.0096	 0.0023
 1.1350	 0.9624	 0.0024
 1.1400	 1.0439	 0.0016
 1.1450	 0.9968	 0.0027
 1.1500	 0.9508	 0.0017
 1.1550	 0.9901	 0.0020
 1.1600	 0.9287	 0.0018
 1.1650	 0.9361	 0.0016
 1.1700	 0.9865	 0.0014
 1.1750	 0.9472	 0.0012
 1.1800	 0.9367	 0.0011
 1.1850	 0.9629	 0.0010
 1.1900	 0.9901	 0.0010
 1.1950	 0.9709	 0.0011
 1.2000	 0.8832	 0.0018
 1.2050	 1.0000	 0.0015
 1.2100	 0.9470	 0.0016
 1.2150	 1.0175	 0.0017
 1.2200	 1.0060	 0.0014
 1.2250	 0.9643	 0.0017
 1.2300	 0.9517	 0.0016
 1.2350	 0.9827	 0.0015
 1.2400	 0.9866	 0.0013
 1.2450	 0.9954	 0.0011
 1.2500	 1.0068	 0.0011
 1.2550	 0.9883	 0.0012
 1.2600	 1.0092	 0.0017
 1.2650	 0.9794	 0.0023
 1.2700	 0.9490	 0.0031
 1.2750	 0.9743	 0.0029
 1.2800	 1.0694	 0.0027
 1.2850	 1.0084	 0.0017
 1.2900	 0.9307	 0.0019
 1.2950	 0.9398	 0.0016
 1.3000	 0.9787	 0.0015
 1.3050	 0.9910	 0.0018
 1.3100	 0.9644	 0.0018
 1.3150	 0.9886	 0.0015
 1.3200	 1.0159	 0.0014
 1.3250	 0.9466	 0.0014
 1.3300	 0.9893	 0.0011
 1.3350	 0.9842	 0.0010
 1.3400	 0.9661	 0.0011
 1.3450	 0.9055	 0.0012
 1.4050	 1.1411	 0.0079
 1.4100	 1.1404	 0.0070
 1.4150	 1.1203	 0.0062
 1.4200	 1.0026	 0.0046
 1.4250	 1.1607	 0.0026
 1.4300	 1.0180	 0.0026
 1.4350	 0.9924	 0.0032
 1.4400	 0.9654	 0.0027
 1.4450	 1.0078	 0.0016
 1.4500	 0.9821	 0.0028
 1.4550	 1.1174	 0.0031
 1.4600	 1.0759	 0.0025
 1.4650	 1.0164	 0.0023
 1.4700	 0.8408	 0.0025
 1.4750	 1.1590	 0.0026
 1.4800	 1.0799	 0.0030
 1.4850	 1.0675	 0.0032
 1.4900	 1.2177	 0.0029
 1.4950	 1.1672	 0.0020
 1.5000	 1.0944	 0.0015
 1.5050	 1.2183	 0.0032
 1.5100	 1.1033	 0.0032
 1.5150	 1.1303	 0.0017
 1.5200	 0.9915	 0.0019
 1.5250	 0.9799	 0.0025
 1.5300	 0.9556	 0.0027
 1.5350	 0.9468	 0.0026
 1.5400	 0.9977	 0.0024
 1.5450	 0.9997	 0.0022
 1.5500	 0.9927	 0.0020
 1.5550	 0.9606	 0.0023
 1.5600	 0.9743	 0.0024
 1.5650	 0.9617	 0.0024
 1.5700	 1.0350	 0.0022
 1.5750	 1.0030	 0.0016
 1.5800	 1.0431	 0.0025
 1.5850	 1.0227	 0.0034
 1.5900	 0.9759	 0.0028
 1.5950	 1.0622	 0.0016
 1.6000	 1.0380	 0.0022
 1.6050	 1.0663	 0.0028
 1.6100	 1.1170	 0.0030
 1.6150	 1.1023	 0.0028
 1.6200	 1.0551	 0.0026
 1.6250	 1.0778	 0.0024
 1.6300	 0.9797	 0.0022
 1.6350	 0.9447	 0.0022
 1.6400	 0.9845	 0.0024
 1.6450	 1.0491	 0.0025
 1.6500	 1.0415	 0.0026
 1.6550	 1.0321	 0.0021
 1.6600	 1.0460	 0.0014
 1.6650	 1.1045	 0.0020
 1.6700	 1.0448	 0.0032
 1.6750	 1.0405	 0.0030
 1.6800	 0.9276	 0.0016
 1.6850	 1.0157	 0.0017
 1.6900	 0.9396	 0.0026
 1.6950	 0.9404	 0.0028
 1.7000	 0.9487	 0.0027
 1.7050	 0.8826	 0.0027
 1.7100	 0.8234	 0.0025
 1.7150	 0.8833	 0.0024
 1.7200	 0.9695	 0.0022
 1.7250	 1.0327	 0.0022
 1.7300	 0.9912	 0.0023
 1.7350	 1.0704	 0.0025
 1.7400	 1.0823	 0.0028
 1.7450	 0.9489	 0.0026
 1.7500	 1.0286	 0.0022
 1.7550	 0.9958	 0.0016
 1.7600	 0.9960	 0.0020
 1.7650	 0.9954	 0.0034
 1.7700	 0.9250	 0.0034
 1.7750	 0.9612	 0.0019
 1.7800	 1.0100	 0.0016
 1.7850	 1.1324	 0.0028
 1.7900	 0.9909	 0.0032
 1.7950	 0.9398	 0.0036
 1.8000	 1.0474	 0.0047
 1.8050	 1.1350	 0.0056
 1.8100	 0.9461	 0.0054
 1.8150	 0.8270	 0.0062
 1.8200	 0.8166	 0.0061
 1.8250	 0.9775	 0.0073
 2.0000	 0.9988	 0.0058
 2.0100	 1.0861	 0.0063
 2.0150	 1.0487	 0.0053
 2.0200	 1.0915	 0.0046
 2.0300	 0.9849	 0.0038
 2.0350	 0.8127	 0.0036
 2.0400	 0.9535	 0.0037
 2.0450	 0.9020	 0.0036
 2.0500	 1.1338	 0.0036
 2.0550	 0.8884	 0.0044
 2.0600	 1.0920	 0.0043
 2.0650	 0.9097	 0.0034
 2.0700	 1.0801	 0.0036
 2.0750	 0.8842	 0.0035
 2.0800	 0.9952	 0.0030
 2.0850	 0.9822	 0.0028
 2.0900	 0.8515	 0.0030
 2.0950	 0.9023	 0.0028
 2.1000	 0.9749	 0.0026
 2.1050	 1.0252	 0.0028
 2.1100	 0.9045	 0.0032
 2.1150	 0.9799	 0.0034
 2.1200	 0.8955	 0.0034
 2.1250	 0.9544	 0.0034
 2.1300	 0.9149	 0.0033
 2.1350	 0.9182	 0.0030
 2.1400	 0.7730	 0.0028
 2.1450	 0.8590	 0.0027
 2.1500	 1.1841	 0.0036
 2.1550	 1.1054	 0.0043
 2.1600	 1.0723	 0.0043
 2.1650	 1.0116	 0.0036
 2.1700	 1.0932	 0.0034
 2.1750	 1.1389	 0.0035
 2.1800	 1.1722	 0.0039
 2.1850	 1.0471	 0.0042
 2.1900	 1.1283	 0.0044
 2.1950	 1.0466	 0.0043
 2.2000	 1.0133	 0.0047
 2.2050	 1.0488	 0.0047
 2.2100	 0.9301	 0.0047
 2.2150	 0.9585	 0.0047
 2.2200	 1.0035	 0.0048
 2.2250	 0.9676	 0.0046
 2.2300	 1.0345	 0.0044
 2.2350	 1.1209	 0.0046
 2.2400	 1.0377	 0.0049
 2.2450	 1.1204	 0.0049
 2.2500	 0.9580	 0.0047
 2.2550	 0.9396	 0.0048
 2.2600	 0.9717	 0.0051
 2.2650	 0.8603	 0.0052
 2.2700	 0.9057	 0.0053
 2.2750	 0.9899	 0.0053
 2.2800	 0.9285	 0.0055
 2.2850	 0.9193	 0.0057
 2.2900	 1.0676	 0.0058
 2.2950	 1.1084	 0.0058
 2.3000	 1.0282	 0.0059
 2.3050	 0.8554	 0.0061
 2.3100	 0.8458	 0.0064
 2.3150	 0.8028	 0.0067
 2.3200	 0.7378	 0.0068
 2.3250	 0.8897	 0.0067
 2.3300	 0.7409	 0.0066
 2.3350	 0.7082	 0.0069
 2.3400	 0.8166	 0.0075
 2.3450	 0.8350	 0.0079
 2.3500	 0.7575	 0.0078
 2.3550	 0.7865	 0.0076
 2.3600	 0.8209	 0.0078
 2.3650	 0.9146	 0.0085
 2.3700	 0.9413	 0.0091
 2.3750	 0.9436	 0.0099
 2.3800	 1.0764	 0.0106
 2.3850	 1.0679	 0.0108
 2.3900	 1.0308	 0.0101
 2.3950	 0.9532	 0.0099
 2.4000	 0.9136	 0.0111
 2.4050	 0.8760	 0.0125
 2.4100	 0.8274	 0.0135
 2.4150	 0.8325	 0.0133
 2.4200	 0.8879	 0.0142
 2.4250	 0.6913	 0.0153
 2.4300	 0.8185	 0.0145
 2.4350	 0.7264	 0.0139
 2.4400	 0.8259	 0.0137
 2.4450	 0.9479	 0.0148
 2.4500	 1.0074	 0.0161
