 0.8150	 0.7806	 0.0847
 0.8200	 0.7380	 0.0826
 0.8250	 0.7906	 0.0791
 0.8300	 0.7432	 0.0777
 0.8350	 0.8159	 0.0779
 0.8400	 0.7945	 0.0733
 0.8450	 0.8032	 0.0722
 0.8500	 0.8202	 0.0707
 0.8550	 0.7171	 0.0713
 0.8600	 0.7702	 0.0660
 0.8650	 0.7967	 0.0673
 0.8700	 0.8013	 0.0662
 0.8750	 0.7840	 0.0625
 0.8800	 0.7680	 0.0635
 0.8850	 0.7979	 0.0630
 0.8900	 0.8111	 0.0626
 0.8950	 0.7708	 0.0596
 0.9000	 0.7862	 0.0585
 0.9050	 0.7884	 0.0554
 0.9100	 0.8008	 0.0538
 0.9150	 0.8183	 0.0517
 0.9200	 0.8089	 0.0498
 0.9250	 0.8155	 0.0492
 0.9300	 0.8133	 0.0512
 0.9350	 0.8277	 0.0638
 0.9400	 0.7867	 0.0605
 0.9450	 0.7895	 0.0585
 0.9500	 0.7688	 0.0556
 0.9550	 0.8220	 0.0515
 0.9600	 0.8215	 0.0470
 0.9650	 0.7930	 0.0435
 0.9700	 0.7979	 0.0432
 0.9750	 0.8028	 0.0413
 0.9800	 0.8114	 0.0428
 0.9850	 0.8218	 0.0387
 0.9900	 0.8088	 0.0409
 0.9950	 0.8212	 0.0451
 1.0000	 0.8413	 0.0418
 1.0050	 0.8317	 0.0415
 1.0100	 0.8628	 0.0405
 1.0150	 0.8508	 0.0404
 1.0200	 0.8516	 0.0436
 1.0250	 0.8725	 0.0386
 1.0300	 0.8929	 0.0452
 1.0350	 0.8926	 0.0370
 1.0400	 0.9316	 0.0416
 1.0450	 0.8772	 0.0400
 1.0500	 0.8589	 0.0357
 1.0550	 0.8848	 0.0325
 1.0600	 0.8965	 0.0305
 1.0650	 0.8927	 0.0290
 1.0700	 0.8868	 0.0326
 1.0750	 0.8832	 0.0408
 1.0800	 0.8676	 0.0337
 1.0850	 0.8187	 0.0451
 1.0900	 0.8828	 0.0354
 1.0950	 0.8878	 0.0416
 1.1000	 0.8350	 0.0415
 1.1050	 0.9283	 0.0370
 1.1100	 0.9528	 0.0326
 1.1150	 0.9646	 0.0303
 1.1200	 0.9694	 0.0320
 1.1250	 0.9616	 0.0332
 1.1300	 0.9480	 0.0395
 1.1350	 0.9592	 0.0488
 1.1400	 1.0013	 0.0381
 1.1450	 0.9642	 0.0474
 1.1500	 0.9967	 0.0421
 1.1550	 0.9603	 0.0417
 1.1600	 0.9737	 0.0437
 1.1650	 1.0078	 0.0391
 1.1700	 0.9938	 0.0333
 1.1750	 1.0273	 0.0300
 1.1800	 1.0339	 0.0272
 1.1850	 1.0146	 0.0246
 1.1900	 1.0338	 0.0246
 1.1950	 1.0433	 0.0245
 1.2000	 1.0674	 0.0362
 1.2050	 1.0512	 0.0407
 1.2100	 0.9849	 0.0317
 1.2150	 0.9802	 0.0443
 1.2200	 1.0345	 0.0333
 1.2250	 1.0000	 0.0383
 1.2300	 1.0776	 0.0403
 1.2350	 1.0766	 0.0368
 1.2400	 1.0364	 0.0326
 1.2450	 1.0680	 0.0297
 1.2500	 1.0852	 0.0266
 1.2550	 1.0689	 0.0255
 1.2600	 1.0697	 0.0272
 1.2650	 1.1053	 0.0320
 1.2700	 1.0995	 0.0433
 1.2750	 1.1263	 0.0491
 1.2800	 1.0177	 0.0540
 1.2850	 1.0225	 0.0432
 1.2900	 1.1066	 0.0386
 1.2950	 1.0824	 0.0454
 1.3000	 1.1369	 0.0343
 1.3050	 1.1823	 0.0402
 1.3100	 1.1434	 0.0423
 1.3150	 1.1002	 0.0395
 1.3200	 1.1244	 0.0351
 1.3250	 1.1384	 0.0327
 1.3300	 1.0830	 0.0286
 1.3350	 1.1035	 0.0259
 1.3400	 1.1453	 0.0238
 1.3450	 1.1278	 0.0247
 1.3500	 1.1430	 0.0242
 1.3550	 1.1579	 0.0314
 1.3600	 1.1563	 0.0458
 1.3650	 1.1574	 0.0775
 1.3700	 1.1474	 0.1120
 1.3750	 1.1491	 0.0918
 1.3800	 1.1313	 0.0581
 1.3900	 1.2707	 0.0950
 1.3950	 1.2095	 0.0618
 1.4000	 1.0911	 0.0691
 1.4050	 1.2997	 0.0907
 1.4100	 1.3021	 0.0861
 1.4150	 1.1558	 0.0844
 1.4200	 1.2362	 0.0793
 1.4250	 1.1824	 0.0586
 1.4300	 1.1977	 0.0394
 1.4350	 1.2194	 0.0460
 1.4400	 1.1831	 0.0537
 1.4450	 1.1621	 0.0392
 1.4500	 1.2176	 0.0370
 1.4550	 1.2737	 0.0589
 1.4600	 1.3210	 0.0592
 1.4650	 1.3040	 0.0516
 1.4700	 1.3172	 0.0487
 1.4750	 1.3160	 0.0492
 1.4800	 1.2675	 0.0501
 1.4850	 1.2632	 0.0558
 1.4900	 1.3195	 0.0588
 1.4950	 1.2434	 0.0514
 1.5000	 1.2472	 0.0341
 1.5050	 1.2580	 0.0436
 1.5100	 1.1967	 0.0722
 1.5150	 1.1466	 0.0595
 1.5200	 1.2193	 0.0338
 1.5250	 1.2787	 0.0484
 1.5300	 1.2687	 0.0565
 1.5350	 1.2848	 0.0595
 1.5400	 1.2191	 0.0558
 1.5450	 1.2381	 0.0516
 1.5500	 1.2463	 0.0478
 1.5550	 1.2495	 0.0449
 1.5600	 1.2855	 0.0493
 1.5650	 1.3284	 0.0521
 1.5700	 1.3638	 0.0521
 1.5750	 1.3107	 0.0422
 1.5800	 1.2688	 0.0329
 1.5850	 1.2691	 0.0638
 1.5900	 1.2240	 0.0754
 1.5950	 1.2331	 0.0507
 1.6000	 1.2599	 0.0362
 1.6050	 1.2873	 0.0534
 1.6100	 1.2875	 0.0621
 1.6150	 1.2688	 0.0654
 1.6200	 1.2458	 0.0606
 1.6250	 1.2325	 0.0562
 1.6300	 1.2936	 0.0532
 1.6350	 1.3170	 0.0459
 1.6400	 1.3034	 0.0483
 1.6450	 1.2509	 0.0512
 1.6500	 1.2324	 0.0551
 1.6550	 1.2283	 0.0544
 1.6600	 1.2446	 0.0424
 1.6650	 1.2130	 0.0303
 1.6700	 1.2024	 0.0537
 1.6750	 1.2127	 0.0721
 1.6800	 1.1878	 0.0597
 1.6850	 1.2346	 0.0344
 1.6900	 1.3272	 0.0455
 1.6950	 1.3289	 0.0591
 1.7000	 1.3057	 0.0626
 1.7050	 1.3247	 0.0610
 1.7100	 1.3382	 0.0588
 1.7150	 1.3253	 0.0556
 1.7200	 1.3054	 0.0525
 1.7250	 1.2758	 0.0476
 1.7300	 1.2762	 0.0494
 1.7350	 1.3242	 0.0497
 1.7400	 1.3002	 0.0551
 1.7450	 1.2796	 0.0603
 1.7500	 1.2809	 0.0550
 1.7550	 1.2661	 0.0447
 1.7600	 1.2915	 0.0334
 1.7650	 1.3752	 0.0537
 1.7700	 1.3532	 0.0756
 1.7750	 1.3593	 0.0690
 1.7800	 1.2944	 0.0400
 1.7850	 1.2752	 0.0425
 1.7900	 1.2691	 0.0614
 1.7950	 1.2016	 0.0624
 1.8000	 1.1302	 0.0658
 1.8050	 1.1401	 0.0789
 1.8100	 1.1397	 0.0835
 1.8150	 1.1931	 0.0849
 1.8200	 1.2421	 0.0829
 1.8250	 1.3101	 0.0787
 1.8300	 1.2844	 0.0913
 1.8350	 1.1125	 0.0884
 1.8400	 1.3515	 0.0993
 1.8450	 1.4008	 0.1605
 1.8500	 1.2696	 0.1921
 1.8550	 1.1903	 0.1714
 1.8600	 1.1870	 0.1732
 1.8650	 1.2984	 0.1317
 1.8700	 1.0784	 0.1152
 1.8750	 1.2297	 0.1898
 1.8850	 1.3322	 0.1674
 1.8900	 1.1150	 0.0912
 1.8950	 1.2599	 0.0851
 1.9000	 1.3401	 0.0876
 1.9050	 1.3829	 0.1156
 1.9100	 1.3681	 0.1531
 1.9150	 1.3403	 0.1443
 1.9200	 1.3387	 0.1305
 1.9250	 1.4019	 0.1507
 1.9300	 1.4229	 0.1336
 1.9350	 1.2186	 0.1109
 1.9400	 1.2487	 0.0901
 1.9450	 1.3482	 0.0728
 1.9500	 1.2957	 0.0679
 1.9550	 1.2742	 0.0783
 1.9600	 1.3190	 0.0944
 1.9650	 1.3008	 0.1051
 1.9700	 1.1557	 0.1005
 1.9750	 1.2674	 0.0960
 1.9800	 1.4166	 0.0841
 1.9850	 1.4207	 0.0677
 1.9900	 1.3512	 0.0510
 1.9950	 1.2665	 0.0469
 2.0000	 1.3121	 0.0684
 2.0050	 1.1793	 0.1097
 2.0100	 1.2465	 0.1598
 2.0150	 1.0890	 0.1452
 2.0200	 1.0198	 0.1195
 2.0250	 1.2750	 0.1124
 2.0300	 1.2715	 0.1029
 2.0350	 1.3785	 0.0902
 2.0400	 1.3309	 0.0837
 2.0450	 1.2199	 0.0835
 2.0500	 1.1833	 0.0808
 2.0550	 1.1974	 0.0805
 2.0600	 1.2227	 0.1003
 2.0650	 1.3166	 0.0981
 2.0700	 1.5096	 0.0791
 2.0750	 1.4937	 0.0848
 2.0800	 1.4669	 0.0830
 2.0850	 1.4986	 0.0705
 2.0900	 1.4512	 0.0660
 2.0950	 1.4003	 0.0686
 2.1000	 1.3431	 0.0634
 2.1050	 1.3482	 0.0596
 2.1100	 1.3337	 0.0658
 2.1150	 1.3307	 0.0753
 2.1200	 1.4370	 0.0791
 2.1250	 1.3247	 0.0791
 2.1300	 1.2258	 0.0799
 2.1350	 1.1719	 0.0770
 2.1400	 1.2512	 0.0712
 2.1450	 1.2373	 0.0667
 2.1500	 1.2450	 0.0660
 2.1550	 1.2960	 0.0862
 2.1600	 1.3568	 0.1015
 2.1650	 1.3727	 0.1016
 2.1700	 1.3203	 0.0833
 2.1750	 1.3824	 0.0795
 2.1800	 1.5011	 0.0826
 2.1850	 1.3994	 0.0924
 2.1900	 1.3744	 0.0990
 2.1950	 1.3925	 0.1000
 2.2000	 1.3567	 0.0984
 2.2050	 1.4326	 0.1055
 2.2100	 1.5493	 0.1090
 2.2150	 1.5709	 0.1073
 2.2200	 1.5094	 0.1108
 2.2250	 1.5743	 0.1134
 2.2300	 1.6790	 0.1086
 2.2350	 1.4951	 0.1038
 2.2400	 1.3818	 0.1092
 2.2450	 1.2135	 0.1183
 2.2500	 1.2120	 0.1183
 2.2550	 1.1872	 0.1173
 2.2600	 1.2181	 0.1159
 2.2650	 1.2314	 0.1224
 2.2700	 1.2891	 0.1257
 2.4500	 1.2891	 0.1257
