 0.8150	 0.8684	 0.0251
 0.8200	 0.8466	 0.0256
 0.8250	 0.8812	 0.0235
 0.8300	 0.8775	 0.0237
 0.8350	 0.8949	 0.0237
 0.8400	 0.9103	 0.0224
 0.8450	 0.8875	 0.0221
 0.8500	 0.8865	 0.0216
 0.8550	 0.9056	 0.0216
 0.8600	 0.9161	 0.0199
 0.8650	 0.9330	 0.0201
 0.8700	 0.9212	 0.0199
 0.8750	 0.9148	 0.0190
 0.8800	 0.9057	 0.0200
 0.8850	 0.9189	 0.0199
 0.8900	 0.9285	 0.0190
 0.8950	 0.9282	 0.0189
 0.9000	 0.9375	 0.0183
 0.9050	 0.9292	 0.0172
 0.9100	 0.9248	 0.0166
 0.9150	 0.9200	 0.0160
 0.9200	 0.9330	 0.0155
 0.9250	 0.9350	 0.0153
 0.9300	 0.9317	 0.0158
 0.9350	 0.9238	 0.0203
 0.9400	 0.9119	 0.0193
 0.9450	 0.9197	 0.0185
 0.9500	 0.9402	 0.0180
 0.9550	 0.9319	 0.0165
 0.9600	 0.9248	 0.0152
 0.9650	 0.9274	 0.0140
 0.9700	 0.9384	 0.0145
 0.9750	 0.9374	 0.0142
 0.9800	 0.9457	 0.0146
 0.9850	 0.9451	 0.0132
 0.9900	 0.9273	 0.0144
 0.9950	 0.9480	 0.0155
 1.0000	 0.9481	 0.0145
 1.0050	 0.9409	 0.0143
 1.0100	 0.9617	 0.0135
 1.0150	 0.9559	 0.0136
 1.0200	 0.9523	 0.0154
 1.0250	 0.9655	 0.0141
 1.0300	 0.9714	 0.0164
 1.0350	 0.9714	 0.0135
 1.0400	 0.9678	 0.0153
 1.0450	 0.9675	 0.0152
 1.0500	 0.9662	 0.0134
 1.0550	 0.9618	 0.0120
 1.0600	 0.9580	 0.0107
 1.0650	 0.9629	 0.0101
 1.0700	 0.9558	 0.0110
 1.0750	 0.9317	 0.0147
 1.0800	 0.9679	 0.0126
 1.0850	 0.9828	 0.0160
 1.0900	 0.9654	 0.0133
 1.0950	 0.9670	 0.0150
 1.1000	 0.9929	 0.0157
 1.1050	 0.9955	 0.0139
 1.1100	 0.9865	 0.0120
 1.1150	 0.9768	 0.0109
 1.1200	 0.9821	 0.0113
 1.1250	 0.9789	 0.0112
 1.1300	 0.9634	 0.0126
 1.1350	 0.9688	 0.0171
 1.1400	 0.9905	 0.0139
 1.1450	 0.9783	 0.0154
 1.1500	 0.9518	 0.0164
 1.1550	 0.9834	 0.0140
 1.1600	 0.9936	 0.0156
 1.1650	 0.9834	 0.0144
 1.1700	 0.9819	 0.0124
 1.1750	 0.9988	 0.0112
 1.1800	 1.0044	 0.0098
 1.1850	 0.9844	 0.0091
 1.1900	 0.9806	 0.0090
 1.1950	 0.9980	 0.0085
 1.2000	 1.0061	 0.0117
 1.2050	 1.0000	 0.0148
 1.2100	 1.0002	 0.0112
 1.2150	 1.0037	 0.0153
 1.2200	 0.9924	 0.0126
 1.2250	 0.9852	 0.0131
 1.2300	 0.9833	 0.0143
 1.2350	 0.9773	 0.0134
 1.2400	 1.0116	 0.0121
 1.2450	 1.0040	 0.0109
 1.2500	 0.9930	 0.0098
 1.2550	 1.0102	 0.0100
 1.2600	 0.9983	 0.0105
 1.2650	 0.9939	 0.0125
 1.2700	 0.9911	 0.0162
 1.2750	 1.0073	 0.0193
 1.2800	 1.0280	 0.0200
 1.2850	 1.0273	 0.0185
 1.2900	 1.0282	 0.0139
 1.2950	 1.0274	 0.0166
 1.3000	 1.0332	 0.0127
 1.3050	 1.0585	 0.0137
 1.3100	 1.0568	 0.0150
 1.3150	 1.0148	 0.0142
 1.3200	 0.9970	 0.0126
 1.3250	 1.0301	 0.0116
 1.3300	 1.0200	 0.0108
 1.3350	 1.0241	 0.0093
 1.3400	 1.0299	 0.0086
 1.3450	 1.0374	 0.0087
 1.3500	 1.0396	 0.0089
 1.3550	 1.0415	 0.0105
 1.3600	 1.0300	 0.0151
 1.3650	 1.0097	 0.0224
 1.3700	 1.0191	 0.0319
 1.3750	 1.0374	 0.0273
 1.3800	 1.0482	 0.0178
 1.3850	 0.9955	 0.0207
 1.3900	 1.0972	 0.0283
 1.3950	 1.0758	 0.0198
 1.4000	 0.9825	 0.0204
 1.4050	 1.0516	 0.0281
 1.4100	 1.0640	 0.0296
 1.4150	 1.0635	 0.0307
 1.4200	 1.0836	 0.0316
 1.4250	 1.0493	 0.0259
 1.4300	 1.0748	 0.0155
 1.4350	 1.0440	 0.0155
 1.4400	 1.0170	 0.0219
 1.4450	 1.0155	 0.0183
 1.4500	 1.0392	 0.0124
 1.4550	 1.0791	 0.0221
 1.4600	 1.0053	 0.0250
 1.4650	 0.9944	 0.0227
 1.4700	 1.0545	 0.0214
 1.4750	 1.0899	 0.0213
 1.4800	 1.0459	 0.0213
 1.4850	 1.0132	 0.0233
 1.4900	 1.0323	 0.0252
 1.4950	 1.0033	 0.0234
 1.5000	 1.0017	 0.0177
 1.5050	 1.0390	 0.0150
 1.5100	 1.0621	 0.0291
 1.5150	 1.0853	 0.0296
 1.5200	 1.0544	 0.0167
 1.5250	 1.0567	 0.0181
 1.5300	 1.0751	 0.0238
 1.5350	 1.0881	 0.0251
 1.5400	 1.0727	 0.0241
 1.5450	 1.0705	 0.0230
 1.5500	 1.0735	 0.0210
 1.5550	 1.1107	 0.0194
 1.5600	 1.0725	 0.0203
 1.5650	 1.0494	 0.0215
 1.5700	 1.0521	 0.0222
 1.5750	 1.0252	 0.0199
 1.5800	 1.0473	 0.0140
 1.5850	 1.0625	 0.0209
 1.5900	 1.0634	 0.0306
 1.5950	 1.0379	 0.0258
 1.6000	 1.0581	 0.0148
 1.6050	 1.0689	 0.0189
 1.6100	 1.0287	 0.0245
 1.6150	 1.0210	 0.0267
 1.6200	 1.0286	 0.0254
 1.6250	 1.0262	 0.0235
 1.6300	 1.0549	 0.0219
 1.6350	 1.0666	 0.0194
 1.6400	 1.0571	 0.0190
 1.6450	 1.0527	 0.0204
 1.6500	 1.0528	 0.0211
 1.6550	 1.0159	 0.0220
 1.6600	 1.0017	 0.0186
 1.6650	 1.0251	 0.0130
 1.6700	 1.0369	 0.0156
 1.6750	 1.0197	 0.0269
 1.6800	 1.0391	 0.0266
 1.6850	 1.0342	 0.0155
 1.6900	 1.0680	 0.0142
 1.6950	 1.0728	 0.0213
 1.7000	 1.0730	 0.0234
 1.7050	 1.0647	 0.0239
 1.7100	 1.0517	 0.0229
 1.7150	 1.0517	 0.0216
 1.7200	 1.0459	 0.0206
 1.7250	 1.0316	 0.0182
 1.7300	 1.0289	 0.0182
 1.7350	 1.0494	 0.0187
 1.7400	 1.0182	 0.0193
 1.7450	 1.0329	 0.0216
 1.7500	 1.0426	 0.0214
 1.7550	 1.0312	 0.0182
 1.7600	 1.0311	 0.0134
 1.7650	 1.0755	 0.0146
 1.7700	 1.0977	 0.0257
 1.7750	 1.1056	 0.0278
 1.7800	 1.0557	 0.0182
 1.7850	 1.0498	 0.0132
 1.7900	 1.0448	 0.0202
 1.7950	 1.0483	 0.0231
 1.8000	 0.9942	 0.0239
 1.8050	 1.0147	 0.0275
 1.8100	 1.0236	 0.0313
 1.8150	 1.0503	 0.0306
 1.8200	 1.0440	 0.0313
 1.8250	 1.0509	 0.0287
 1.8300	 1.0837	 0.0298
 1.8350	 0.9979	 0.0317
 1.8400	 1.0418	 0.0329
 1.8450	 1.0470	 0.0424
 1.8500	 1.0329	 0.0553
 1.8550	 1.0302	 0.0523
 1.8600	 1.0517	 0.0534
 1.8650	 1.0094	 0.0423
 1.8700	 1.0665	 0.0344
 1.8750	 1.0377	 0.0487
 1.8800	 1.0509	 0.0897
 1.8850	 1.0848	 0.0535
 1.8900	 1.0323	 0.0285
 1.8950	 1.0567	 0.0260
 1.9000	 1.0687	 0.0268
 1.9050	 1.0566	 0.0327
 1.9100	 1.0411	 0.0430
 1.9150	 1.0505	 0.0415
 1.9200	 1.0066	 0.0353
 1.9250	 1.0563	 0.0418
 1.9300	 1.0566	 0.0433
 1.9350	 1.0607	 0.0385
 1.9400	 1.0616	 0.0298
 1.9450	 1.0473	 0.0244
 1.9500	 1.0940	 0.0203
 1.9550	 1.0578	 0.0221
 1.9600	 1.0289	 0.0271
 1.9650	 1.0247	 0.0312
 1.9700	 1.0458	 0.0300
 1.9750	 1.0527	 0.0289
 1.9800	 1.0435	 0.0278
 1.9850	 1.0768	 0.0237
 1.9900	 1.0470	 0.0183
 1.9950	 1.0708	 0.0150
 2.0000	 1.0958	 0.0175
 2.0050	 1.1223	 0.0319
 2.0100	 1.0672	 0.0504
 2.0150	 1.0678	 0.0474
 2.0200	 1.0688	 0.0339
 2.0250	 1.0701	 0.0299
 2.0300	 1.1062	 0.0302
 2.0350	 1.0934	 0.0280
 2.0400	 1.1204	 0.0265
 2.0450	 1.0750	 0.0277
 2.0500	 1.0974	 0.0272
 2.0550	 1.0766	 0.0258
 2.0600	 1.0496	 0.0298
 2.0650	 1.1191	 0.0315
 2.0700	 1.0309	 0.0258
 2.0750	 1.0372	 0.0241
 2.0800	 1.0695	 0.0259
 2.0850	 1.0540	 0.0232
 2.0900	 1.0587	 0.0193
 2.0950	 1.0676	 0.0207
 2.1000	 1.0868	 0.0202
 2.1050	 1.0868	 0.0183
 2.1100	 1.0836	 0.0182
 2.1150	 1.1058	 0.0218
 2.1200	 1.1033	 0.0239
 2.1250	 1.0740	 0.0242
 2.1300	 1.0588	 0.0247
 2.1350	 1.0880	 0.0238
 2.1400	 1.0923	 0.0226
 2.1450	 1.0957	 0.0202
 2.1500	 1.0773	 0.0187
 2.1550	 1.1096	 0.0222
 2.1600	 1.1173	 0.0299
 2.1650	 1.0673	 0.0323
 2.1700	 1.0502	 0.0279
 2.1750	 1.0748	 0.0231
 2.1800	 1.0825	 0.0236
 2.1850	 1.1287	 0.0254
 2.1900	 1.0809	 0.0293
 2.1950	 1.0821	 0.0303
 2.2000	 1.0945	 0.0296
 2.2050	 1.0947	 0.0314
 2.2100	 1.1217	 0.0331
 2.2150	 1.1277	 0.0343
 2.2200	 1.1239	 0.0323
 2.2250	 1.1235	 0.0349
 2.2300	 1.1399	 0.0342
 2.2350	 1.0847	 0.0331
 2.2400	 1.0651	 0.0321
 2.2450	 1.0873	 0.0354
 2.2500	 1.1042	 0.0359
 2.2550	 1.1392	 0.0353
 2.2600	 1.1253	 0.0339
 2.2650	 1.1298	 0.0352
 2.2700	 1.1376	 0.0367
 2.2750	 1.1248	 0.0367
 2.2800	 1.1242	 0.0370
 2.2850	 1.1273	 0.0374
 2.2900	 1.1575	 0.0385
 2.2950	 1.1666	 0.0394
 2.3000	 1.1397	 0.0399
 2.3050	 1.1534	 0.0399
 2.3100	 1.1599	 0.0403
 2.3150	 1.1845	 0.0413
 2.4500	 1.1845	 0.0413
