 0.8200	 1.1417	 0.0701
 0.8250	 1.1379	 0.0650
 0.8300	 1.0423	 0.0410
 0.8350	 1.0229	 0.0398
 0.8400	 1.1262	 0.0539
 0.8450	 1.1078	 0.0551
 0.8500	 0.9665	 0.0387
 0.8550	 1.0673	 0.0545
 0.8600	 0.9508	 0.0396
 0.8650	 0.9240	 0.0396
 0.8700	 0.9005	 0.0384
 0.8750	 0.9045	 0.0376
 0.8800	 0.9173	 0.0352
 0.8850	 0.9110	 0.0334
 0.8900	 0.9280	 0.0324
 0.8950	 0.9740	 0.0350
 0.9000	 0.9877	 0.0367
 0.9050	 0.9994	 0.0373
 0.9100	 0.9863	 0.0336
 0.9150	 0.9757	 0.0335
 0.9200	 0.9785	 0.0339
 0.9250	 0.9328	 0.0306
 0.9300	 0.9655	 0.0340
 0.9350	 0.9737	 0.0355
 0.9400	 0.9109	 0.0320
 0.9450	 0.9206	 0.0326
 0.9500	 0.9325	 0.0326
 0.9550	 0.9247	 0.0316
 0.9600	 0.9409	 0.0305
 0.9650	 0.9724	 0.0296
 0.9700	 0.9600	 0.0287
 0.9750	 0.9414	 0.0284
 0.9800	 0.9387	 0.0280
 0.9850	 0.9412	 0.0267
 0.9900	 0.9035	 0.0268
 0.9950	 0.9350	 0.0269
 1.0000	 0.9823	 0.0268
 1.0050	 0.9825	 0.0277
 1.0100	 0.9538	 0.0247
 1.0150	 0.9579	 0.0257
 1.0200	 0.9658	 0.0251
 1.0250	 0.9997	 0.0252
 1.0300	 0.9949	 0.0251
 1.0350	 0.9794	 0.0251
 1.0400	 1.0212	 0.0265
 1.0450	 1.0043	 0.0261
 1.0500	 0.9904	 0.0245
 1.0550	 0.9975	 0.0250
 1.0600	 0.9947	 0.0240
 1.0650	 1.0043	 0.0243
 1.0700	 0.9826	 0.0241
 1.0750	 1.0236	 0.0240
 1.0800	 1.0518	 0.0256
 1.0850	 0.9930	 0.0242
 1.0950	 1.0077	 0.0234
 1.1000	 1.0777	 0.0250
 1.1050	 1.0802	 0.0254
 1.1100	 1.0334	 0.0238
 1.1150	 1.0304	 0.0239
 1.1200	 1.0380	 0.0261
 1.1250	 1.0404	 0.0259
 1.1300	 1.0533	 0.0264
 1.1350	 1.0621	 0.0270
 1.1400	 1.0497	 0.0256
 1.1450	 1.0757	 0.0271
 1.1500	 1.0983	 0.0280
 1.1550	 1.0819	 0.0246
 1.1600	 1.0863	 0.0231
 1.1650	 1.0767	 0.0224
 1.1700	 1.1218	 0.0225
 1.1750	 1.1333	 0.0229
 1.1800	 1.1071	 0.0219
 1.1850	 1.1134	 0.0217
 1.1900	 1.1305	 0.0221
 1.1950	 1.1422	 0.0226
 1.2000	 1.1768	 0.0237
 1.2050	 1.1258	 0.0248
 1.2100	 1.1387	 0.0226
 1.2150	 1.1476	 0.0227
 1.2200	 1.1467	 0.0229
 1.2250	 1.1245	 0.0239
 1.2300	 1.1072	 0.0224
 1.2350	 1.1459	 0.0232
 1.2400	 1.1581	 0.0235
 1.2450	 1.1396	 0.0223
 1.2500	 1.1398	 0.0222
 1.2550	 1.1781	 0.0265
 1.2600	 1.1672	 0.0245
 1.2650	 1.1171	 0.0239
 1.2750	 1.1611	 0.0255
 1.2800	 1.1330	 0.0222
 1.2850	 1.1791	 0.0250
 1.2900	 1.1239	 0.0222
 1.2950	 1.1208	 0.0258
 1.3000	 1.1510	 0.0250
 1.3050	 1.1713	 0.0224
 1.3100	 1.1837	 0.0231
 1.3150	 1.1828	 0.0239
 1.3200	 1.1726	 0.0242
 1.3250	 1.1786	 0.0239
 1.3300	 1.1815	 0.0238
 1.3350	 1.1906	 0.0251
 1.3400	 1.2300	 0.0282
 1.3450	 1.2217	 0.0326
 1.3500	 1.1101	 0.0316
 1.3550	 1.1757	 0.0490
 1.3600	 1.1531	 0.0501
 1.3650	 1.1833	 0.0535
 1.3700	 1.2144	 0.0546
 1.3750	 1.2140	 0.0502
 1.3800	 1.2255	 0.0471
 1.3850	 1.2436	 0.0468
 1.3900	 1.2445	 0.0473
 1.3950	 1.2445	 0.0502
 1.4000	 1.2725	 0.0470
 1.4050	 1.2172	 0.0389
 1.4150	 1.2323	 0.0374
 1.4200	 1.2527	 0.0356
 1.4250	 1.2641	 0.0347
 1.4300	 1.2690	 0.0330
 1.4350	 1.2305	 0.0317
 1.4400	 1.2531	 0.0321
 1.4450	 1.2482	 0.0332
 1.4500	 1.2284	 0.0345
 1.4550	 1.2435	 0.0333
 1.4600	 1.2829	 0.0344
 1.4650	 1.3379	 0.0328
 1.4700	 1.2992	 0.0364
 1.4750	 1.2420	 0.0336
 1.4800	 1.2709	 0.0326
 1.4850	 1.3040	 0.0345
 1.4900	 1.3184	 0.0329
 1.4950	 1.2815	 0.0335
 1.5000	 1.3338	 0.0325
 1.5050	 1.3601	 0.0340
 1.5200	 1.3274	 0.0323
 1.5250	 1.3873	 0.0374
 1.5300	 1.3289	 0.0330
 1.5350	 1.3519	 0.0312
 1.5400	 1.3725	 0.0330
 1.5450	 1.2914	 0.0356
 1.5500	 1.2793	 0.0304
 1.5550	 1.2701	 0.0331
 1.5600	 1.2630	 0.0341
 1.5650	 1.3015	 0.0317
 1.5700	 1.3724	 0.0358
 1.5750	 1.3866	 0.0376
 1.5800	 1.2713	 0.0347
 1.5900	 1.2634	 0.0316
 1.5950	 1.3546	 0.0390
 1.6000	 1.3205	 0.0358
 1.6050	 1.3459	 0.0365
 1.6100	 1.3185	 0.0396
 1.6150	 1.2792	 0.0372
 1.6200	 1.3183	 0.0349
 1.6250	 1.3754	 0.0370
 1.6300	 1.3995	 0.0352
 1.6350	 1.3517	 0.0372
 1.6400	 1.3350	 0.0372
 1.6450	 1.3017	 0.0411
 1.6500	 1.2736	 0.0373
 1.6550	 1.3176	 0.0338
 1.6600	 1.3344	 0.0376
 1.6650	 1.2460	 0.0402
 1.6700	 1.1781	 0.0380
 1.6750	 1.2084	 0.0414
 1.6800	 1.2178	 0.0396
 1.6850	 1.2929	 0.0347
 1.6900	 1.1817	 0.0404
 1.7000	 1.2369	 0.0392
 1.7050	 1.2723	 0.0397
 1.7100	 1.1873	 0.0381
 1.7150	 1.1743	 0.0395
 1.7200	 1.2152	 0.0354
 1.7250	 1.2584	 0.0388
 1.7300	 1.2378	 0.0410
 1.7350	 1.2802	 0.0422
 1.7400	 1.2293	 0.0396
 1.7450	 1.2028	 0.0365
 1.7500	 1.2729	 0.0394
 1.7550	 1.2201	 0.0436
 1.7600	 1.2557	 0.0393
 1.7650	 1.2988	 0.0448
 1.7700	 1.2588	 0.0441
 1.7750	 1.3546	 0.0442
 1.7800	 1.3117	 0.0444
 1.7850	 1.2102	 0.0418
 1.7900	 1.2823	 0.0483
 1.7950	 1.3176	 0.0474
 1.8000	 1.3311	 0.0496
 1.8050	 1.3333	 0.0557
 1.8100	 1.2170	 0.0624
 1.8150	 1.2224	 0.0584
 1.8200	 1.2001	 0.0642
 1.8250	 1.1762	 0.0644
 1.8300	 1.2365	 0.0727
 1.8350	 1.1859	 0.0867
 1.8400	 1.1429	 0.0939
 1.8450	 1.2548	 0.1031
 1.8500	 1.1397	 0.1063
 1.8550	 1.1431	 0.0967
 1.8650	 1.2827	 0.1102
 1.8700	 1.1396	 0.1119
 1.8850	 1.1710	 0.0761
 1.8900	 1.2078	 0.0758
 1.8950	 1.1482	 0.0779
 1.9000	 1.2449	 0.0871
 1.9050	 1.1868	 0.1065
 1.9150	 1.2260	 0.0858
 1.9200	 1.1741	 0.0946
 1.9250	 1.2096	 0.0865
 1.9300	 1.1424	 0.0719
 1.9350	 1.1737	 0.0714
 1.9400	 1.1667	 0.0696
 1.9450	 1.1745	 0.0667
 1.9500	 1.2165	 0.0663
 1.9550	 1.1930	 0.0724
 1.9650	 1.2220	 0.0697
 1.9700	 1.2572	 0.0719
 1.9750	 1.1159	 0.0585
 1.9800	 1.0957	 0.0579
 1.9850	 1.1725	 0.0549
 1.9900	 1.2540	 0.0526
 1.9950	 1.3126	 0.0597
 2.0000	 1.2919	 0.0731
 2.0050	 1.2996	 0.1104
 2.0100	 1.1411	 0.0982
 2.0150	 1.1815	 0.0963
 2.0200	 1.1002	 0.0726
 2.0250	 1.2128	 0.0676
 2.0300	 1.2780	 0.0614
 2.0400	 1.3045	 0.0692
 2.0450	 1.1946	 0.0616
 2.0500	 1.2312	 0.0690
 2.0550	 1.1731	 0.0701
 2.0600	 1.1836	 0.0660
 2.0650	 1.1543	 0.0707
 2.0700	 1.1845	 0.0621
 2.0750	 1.2042	 0.0629
 2.0800	 1.1400	 0.0589
 2.0850	 1.1655	 0.0584
 2.0900	 1.2170	 0.0568
 2.0950	 1.2475	 0.0573
 2.1000	 1.2405	 0.0606
 2.1050	 1.2564	 0.0596
 2.1100	 1.2649	 0.0659
 2.1150	 1.2524	 0.0632
 2.1200	 1.1771	 0.0625
 2.1250	 1.2327	 0.0594
 2.1300	 1.2264	 0.0616
 2.1350	 1.2441	 0.0590
 2.1400	 1.2629	 0.0614
 2.1450	 1.2214	 0.0632
 2.1500	 1.2808	 0.0644
 2.1550	 1.2846	 0.0664
 2.1600	 1.2951	 0.0712
 2.1650	 1.2688	 0.0714
 2.1700	 1.2657	 0.0657
 2.1750	 1.3853	 0.0746
 2.1800	 1.3360	 0.0743
 2.1850	 1.2773	 0.0710
 2.1900	 1.3025	 0.0724
 2.1950	 1.3138	 0.0737
 2.2000	 1.2548	 0.0784
 2.2050	 1.2714	 0.0721
 2.2100	 1.4216	 0.0809
 2.2200	 1.3487	 0.0795
 2.2250	 1.3135	 0.0792
 2.2300	 1.3878	 0.0775
 2.2350	 1.4522	 0.0825
 2.2400	 1.4560	 0.0936
 2.2450	 1.4574	 0.0910
 2.2500	 1.4041	 0.0871
 2.2550	 1.3541	 0.0866
 2.2600	 1.3492	 0.0834
 2.2650	 1.3168	 0.0885
 2.2700	 1.2919	 0.0893
 2.2750	 1.3213	 0.0877
 2.2800	 1.3551	 0.0854
 2.2850	 1.3760	 0.0910
 2.2900	 1.2692	 0.0921
 2.2950	 1.4845	 0.1011
 2.3000	 1.4545	 0.0912
 2.3050	 1.4446	 0.1089
 2.3100	 1.3599	 0.0963
 2.3150	 1.3236	 0.1015
 2.3200	 1.3061	 0.0951
 2.3250	 1.3988	 0.0981
 2.3300	 1.3936	 0.1017
 2.3350	 1.3126	 0.1001
 2.3400	 1.3409	 0.1029
 2.3600	 1.3759	 0.0964
 2.3650	 1.4690	 0.1248
 2.3700	 1.3458	 0.1106
 2.3750	 1.3536	 0.1054
 2.3800	 1.3128	 0.1091
 2.3950	 1.4494	 0.1097
 2.4050	 1.4085	 0.1221
 2.4100	 1.3677	 0.1125
 2.4250	 1.3209	 0.1155
 2.4500	 1.3500	 0.1000
