 0.8200	 0.8510	 0.0253
 0.8250	 0.8574	 0.0247
 0.8300	 0.8699	 0.0222
 0.8350	 0.8586	 0.0225
 0.8400	 0.8466	 0.0256
 0.8450	 0.8563	 0.0236
 0.8500	 0.8548	 0.0210
 0.8550	 0.8625	 0.0213
 0.8600	 0.8871	 0.0242
 0.8650	 0.8955	 0.0215
 0.8700	 0.8862	 0.0218
 0.8750	 0.8890	 0.0214
 0.8800	 0.8832	 0.0237
 0.8850	 0.8843	 0.0209
 0.8900	 0.8703	 0.0260
 0.8950	 0.8743	 0.0216
 0.9000	 0.8681	 0.0199
 0.9050	 0.8709	 0.0182
 0.9100	 0.8761	 0.0197
 0.9150	 0.8772	 0.0199
 0.9200	 0.8683	 0.0209
 0.9250	 0.8698	 0.0193
 0.9300	 0.8984	 0.0197
 0.9350	 0.8849	 0.0201
 0.9400	 0.8734	 0.0211
 0.9450	 0.8780	 0.0209
 0.9500	 0.8669	 0.0226
 0.9550	 0.8723	 0.0191
 0.9600	 0.8797	 0.0183
 0.9650	 0.8996	 0.0186
 0.9700	 0.9070	 0.0178
 0.9750	 0.9049	 0.0182
 0.9800	 0.9001	 0.0185
 0.9850	 0.9102	 0.0173
 0.9900	 0.9021	 0.0184
 0.9950	 0.8957	 0.0178
 1.0000	 0.9107	 0.0182
 1.0050	 0.9254	 0.0182
 1.0100	 0.9168	 0.0164
 1.0150	 0.9146	 0.0155
 1.0200	 0.9247	 0.0164
 1.0250	 0.9372	 0.0157
 1.0300	 0.9344	 0.0160
 1.0350	 0.9231	 0.0160
 1.0400	 0.9174	 0.0163
 1.0450	 0.9290	 0.0161
 1.0500	 0.9353	 0.0153
 1.0550	 0.9298	 0.0152
 1.0600	 0.9454	 0.0173
 1.0650	 0.9381	 0.0153
 1.0700	 0.9311	 0.0151
 1.0750	 0.9300	 0.0180
 1.0800	 0.9404	 0.0189
 1.0850	 0.9620	 0.0160
 1.0900	 0.9449	 0.0156
 1.0950	 0.9356	 0.0166
 1.1000	 0.9384	 0.0159
 1.1050	 0.9454	 0.0156
 1.1100	 0.9468	 0.0179
 1.1150	 0.9523	 0.0220
 1.1200	 0.9277	 0.0178
 1.1250	 0.9322	 0.0181
 1.1300	 0.9452	 0.0182
 1.1350	 0.9574	 0.0202
 1.1400	 0.9624	 0.0185
 1.1450	 0.9383	 0.0187
 1.1550	 0.9506	 0.0158
 1.1600	 0.9633	 0.0179
 1.1650	 0.9720	 0.0152
 1.1700	 0.9767	 0.0144
 1.1750	 0.9963	 0.0154
 1.1800	 0.9804	 0.0161
 1.1850	 0.9767	 0.0163
 1.1900	 0.9973	 0.0148
 1.1950	 1.0100	 0.0146
 1.2000	 1.0015	 0.0152
 1.2050	 0.9920	 0.0151
 1.2100	 0.9982	 0.0151
 1.2150	 0.9933	 0.0154
 1.2200	 1.0016	 0.0148
 1.2250	 0.9991	 0.0144
 1.2300	 1.0082	 0.0144
 1.2350	 1.0016	 0.0149
 1.2400	 0.9932	 0.0148
 1.2450	 1.0002	 0.0138
 1.2500	 1.0162	 0.0146
 1.2550	 1.0267	 0.0149
 1.2600	 1.0154	 0.0151
 1.2650	 1.0029	 0.0150
 1.2700	 1.0030	 0.0153
 1.2750	 1.0172	 0.0163
 1.2800	 1.0222	 0.0153
 1.2850	 1.0166	 0.0167
 1.2900	 1.0297	 0.0174
 1.2950	 1.0321	 0.0169
 1.3000	 1.0083	 0.0152
 1.3050	 1.0094	 0.0152
 1.3100	 1.0265	 0.0147
 1.3150	 1.0342	 0.0148
 1.3200	 1.0363	 0.0148
 1.3250	 1.0447	 0.0157
 1.3300	 1.0398	 0.0163
 1.3350	 1.0360	 0.0177
 1.3400	 1.0224	 0.0181
 1.3450	 1.0306	 0.0236
 1.3500	 1.0467	 0.0315
 1.3650	 1.0213	 0.0516
 1.3700	 1.0284	 0.0460
 1.3750	 1.0534	 0.0463
 1.3800	 1.0575	 0.0562
 1.3950	 1.0861	 0.0360
 1.4000	 1.0298	 0.0372
 1.4050	 1.0292	 0.0306
 1.4100	 1.0575	 0.0307
 1.4150	 1.0646	 0.0330
 1.4200	 1.0728	 0.0275
 1.4300	 1.0698	 0.0238
 1.4350	 1.0702	 0.0231
 1.4400	 1.0579	 0.0224
 1.4450	 1.0347	 0.0213
 1.4500	 1.0583	 0.0210
 1.4600	 1.0960	 0.0199
 1.4650	 1.0722	 0.0187
 1.4700	 1.0613	 0.0187
 1.4750	 1.0560	 0.0202
 1.4800	 1.0665	 0.0201
 1.4850	 1.0484	 0.0182
 1.4900	 1.0548	 0.0191
 1.4950	 1.0638	 0.0183
 1.5000	 1.0847	 0.0172
 1.5050	 1.0672	 0.0169
 1.5100	 1.0637	 0.0169
 1.5150	 1.0819	 0.0183
 1.5200	 1.0917	 0.0187
 1.5250	 1.0533	 0.0169
 1.5300	 1.0704	 0.0168
 1.5350	 1.0867	 0.0170
 1.5400	 1.1022	 0.0173
 1.5450	 1.0948	 0.0170
 1.5500	 1.0574	 0.0195
 1.5550	 1.0807	 0.0195
 1.5600	 1.0936	 0.0175
 1.5650	 1.1137	 0.0173
 1.5700	 1.0997	 0.0187
 1.5750	 1.0587	 0.0192
 1.5800	 1.0741	 0.0190
 1.5850	 1.0926	 0.0200
 1.5900	 1.0936	 0.0186
 1.5950	 1.1033	 0.0176
 1.6000	 1.1412	 0.0174
 1.6050	 1.1131	 0.0185
 1.6100	 1.0543	 0.0185
 1.6150	 1.0802	 0.0178
 1.6200	 1.0889	 0.0177
 1.6250	 1.0688	 0.0175
 1.6300	 1.0915	 0.0183
 1.6350	 1.1149	 0.0175
 1.6400	 1.1239	 0.0174
 1.6450	 1.1043	 0.0179
 1.6500	 1.1225	 0.0220
 1.6550	 1.1348	 0.0190
 1.6600	 1.1082	 0.0190
 1.6650	 1.1118	 0.0193
 1.6700	 1.1370	 0.0188
 1.6750	 1.1346	 0.0192
 1.6800	 1.1236	 0.0198
 1.6850	 1.0992	 0.0208
 1.6900	 1.1058	 0.0200
 1.6950	 1.1265	 0.0225
 1.7000	 1.1118	 0.0198
 1.7050	 1.1162	 0.0202
 1.7100	 1.1179	 0.0201
 1.7150	 1.0966	 0.0207
 1.7200	 1.0891	 0.0211
 1.7250	 1.1208	 0.0199
 1.7300	 1.1215	 0.0219
 1.7350	 1.0717	 0.0206
 1.7400	 1.0606	 0.0203
 1.7450	 1.0849	 0.0245
 1.7500	 1.1126	 0.0229
 1.7550	 1.1492	 0.0215
 1.7600	 1.1488	 0.0224
 1.7650	 1.1282	 0.0239
 1.7700	 1.1412	 0.0243
 1.7750	 1.1688	 0.0218
 1.7800	 1.1720	 0.0225
 1.7850	 1.1605	 0.0264
 1.7900	 1.1460	 0.0252
 1.7950	 1.1423	 0.0246
 1.8000	 1.1502	 0.0286
 1.8050	 1.1415	 0.0287
 1.8100	 1.1940	 0.0327
 1.8150	 1.1485	 0.0337
 1.8200	 1.1181	 0.0357
 1.8250	 1.1996	 0.0414
 1.8300	 1.1692	 0.0533
 1.8350	 1.1844	 0.0681
 1.8400	 1.1601	 0.0788
 1.8450	 1.2474	 0.0897
 1.8500	 1.2195	 0.0844
 1.8600	 1.1543	 0.0755
 1.8650	 1.1521	 0.0808
 1.8700	 1.1192	 0.0866
 1.8750	 1.1315	 0.0863
 1.8800	 1.1252	 0.0836
 1.8850	 1.1267	 0.0628
 1.8900	 1.2368	 0.0622
 1.8950	 1.2700	 0.0673
 1.9000	 1.2108	 0.0686
 1.9100	 1.2328	 0.0791
 1.9150	 1.2782	 0.0758
 1.9200	 1.1896	 0.0637
 1.9250	 1.1946	 0.0575
 1.9300	 1.2229	 0.0527
 1.9350	 1.2945	 0.0461
 1.9400	 1.2191	 0.0462
 1.9450	 1.2146	 0.0468
 1.9500	 1.2149	 0.0404
 1.9550	 1.2486	 0.0436
 1.9600	 1.1972	 0.0385
 1.9700	 1.1831	 0.0371
 1.9800	 1.2669	 0.0310
 1.9850	 1.2469	 0.0306
 1.9900	 1.2564	 0.0327
 1.9950	 1.2543	 0.0343
 2.0000	 1.2714	 0.0435
 2.0100	 1.1739	 0.0427
 2.0150	 1.2037	 0.0426
 2.0200	 1.2028	 0.0395
 2.0250	 1.2241	 0.0351
 2.0300	 1.2923	 0.0334
 2.0350	 1.2317	 0.0308
 2.0400	 1.2207	 0.0296
 2.0450	 1.2681	 0.0316
 2.0500	 1.2584	 0.0350
 2.0550	 1.1998	 0.0339
 2.0600	 1.1854	 0.0350
 2.0650	 1.2015	 0.0383
 2.0700	 1.2279	 0.0331
 2.0750	 1.2387	 0.0344
 2.0800	 1.2591	 0.0313
 2.0850	 1.2422	 0.0320
 2.0900	 1.2588	 0.0318
 2.0950	 1.2556	 0.0298
 2.1000	 1.2290	 0.0314
 2.1050	 1.2553	 0.0305
 2.1100	 1.2510	 0.0310
 2.1150	 1.2394	 0.0312
 2.1200	 1.2098	 0.0315
 2.1250	 1.2073	 0.0331
 2.1300	 1.1996	 0.0296
 2.1350	 1.2770	 0.0357
 2.1400	 1.2647	 0.0328
 2.1450	 1.2149	 0.0329
 2.1500	 1.2119	 0.0327
 2.1550	 1.2120	 0.0333
 2.1600	 1.2207	 0.0334
 2.1650	 1.2553	 0.0335
 2.1700	 1.2525	 0.0383
 2.1750	 1.2419	 0.0399
 2.1800	 1.2343	 0.0341
 2.1850	 1.2137	 0.0353
 2.1900	 1.1705	 0.0341
 2.1950	 1.2445	 0.0351
 2.2000	 1.3010	 0.0378
 2.2050	 1.2320	 0.0354
 2.2100	 1.1737	 0.0347
 2.2150	 1.1900	 0.0350
 2.2200	 1.2167	 0.0344
 2.2250	 1.2243	 0.0363
 2.2300	 1.2423	 0.0362
 2.2350	 1.2281	 0.0361
 2.2400	 1.1815	 0.0384
 2.2450	 1.2151	 0.0358
 2.2500	 1.2452	 0.0360
 2.2550	 1.2686	 0.0389
 2.2600	 1.3007	 0.0382
 2.2650	 1.2984	 0.0416
 2.2750	 1.2855	 0.0438
 2.2800	 1.2178	 0.0402
 2.2850	 1.2739	 0.0396
 2.2900	 1.2372	 0.0417
 2.2950	 1.2323	 0.0435
 2.3000	 1.3091	 0.0445
 2.3050	 1.2513	 0.0392
 2.3100	 1.2082	 0.0399
 2.3150	 1.2969	 0.0406
 2.3200	 1.2621	 0.0412
 2.3250	 1.2718	 0.0409
 2.3300	 1.2853	 0.0426
 2.3350	 1.2770	 0.0433
 2.3400	 1.2552	 0.0477
 2.3450	 1.3523	 0.0428
 2.3500	 1.3495	 0.0458
 2.3550	 1.2413	 0.0466
 2.3600	 1.2740	 0.0431
 2.3650	 1.2759	 0.0449
 2.3700	 1.2923	 0.0484
 2.3750	 1.2361	 0.0436
 2.3850	 1.2455	 0.0458
 2.3900	 1.2439	 0.0447
 2.3950	 1.2203	 0.0455
 2.4000	 1.2604	 0.0469
 2.4050	 1.2446	 0.0448
 2.4100	 1.2393	 0.0450
 2.4200	 1.2236	 0.0430
 2.4250	 1.2194	 0.0489
 2.4500	 1.2500	 0.1000
