 0.8300	 0.9311	 0.0412
 0.8350	 0.8985	 0.0394
 0.8400	 0.9295	 0.0392
 0.8450	 0.9303	 0.0395
 0.8500	 0.9343	 0.0396
 0.8550	 0.9344	 0.0414
 0.8600	 0.8836	 0.0409
 0.8650	 0.8567	 0.0403
 0.8700	 0.8450	 0.0392
 0.8750	 0.8715	 0.0386
 0.8800	 0.8885	 0.0371
 0.8850	 0.8700	 0.0353
 0.8900	 0.8357	 0.0345
 0.8950	 0.8609	 0.0322
 0.9000	 0.8964	 0.0326
 0.9050	 0.8488	 0.0321
 0.9100	 0.8653	 0.0309
 0.9150	 0.8751	 0.0316
 0.9200	 0.8508	 0.0312
 0.9250	 0.8264	 0.0316
 0.9300	 0.8186	 0.0318
 0.9350	 0.8449	 0.0330
 0.9400	 0.8441	 0.0333
 0.9450	 0.8281	 0.0326
 0.9500	 0.8529	 0.0315
 0.9550	 0.8786	 0.0308
 0.9600	 0.8733	 0.0308
 0.9650	 0.8476	 0.0296
 0.9700	 0.8339	 0.0282
 0.9750	 0.8846	 0.0269
 0.9800	 0.9117	 0.0275
 0.9850	 0.8834	 0.0266
 0.9900	 0.9006	 0.0262
 0.9950	 0.9207	 0.0265
 1.0000	 0.9081	 0.0272
 1.0050	 0.9014	 0.0255
 1.0100	 0.8877	 0.0257
 1.0150	 0.8814	 0.0245
 1.0200	 0.9267	 0.0247
 1.0250	 0.9303	 0.0246
 1.0300	 0.9029	 0.0246
 1.0350	 0.8831	 0.0240
 1.0400	 0.8944	 0.0241
 1.0450	 0.8891	 0.0239
 1.0500	 0.8641	 0.0239
 1.0550	 0.8585	 0.0251
 1.0600	 0.8883	 0.0235
 1.0650	 0.9218	 0.0236
 1.0700	 0.9382	 0.0241
 1.0750	 0.9214	 0.0236
 1.0800	 0.9357	 0.0232
 1.0850	 0.9270	 0.0234
 1.0900	 0.9567	 0.0231
 1.0950	 0.9642	 0.0236
 1.1000	 0.9014	 0.0238
 1.1050	 0.8941	 0.0237
 1.1100	 0.9212	 0.0232
 1.1150	 0.9419	 0.0249
 1.1200	 0.9441	 0.0258
 1.1250	 0.9589	 0.0273
 1.1300	 0.9322	 0.0275
 1.1350	 0.9442	 0.0265
 1.1400	 0.9713	 0.0267
 1.1450	 0.9338	 0.0255
 1.1500	 0.9525	 0.0245
 1.1550	 0.9976	 0.0241
 1.1600	 1.0219	 0.0234
 1.1650	 1.0116	 0.0230
 1.1700	 0.9895	 0.0223
 1.1750	 1.0005	 0.0217
 1.1800	 0.9768	 0.0216
 1.1850	 0.9572	 0.0210
 1.1900	 1.0009	 0.0216
 1.1950	 1.0054	 0.0215
 1.2000	 0.9986	 0.0217
 1.2050	 1.0077	 0.0218
 1.2100	 1.0049	 0.0233
 1.2150	 1.0382	 0.0219
 1.2200	 1.0488	 0.0218
 1.2250	 1.0120	 0.0227
 1.2300	 1.0267	 0.0254
 1.2350	 1.0573	 0.0225
 1.2400	 1.0086	 0.0219
 1.2450	 1.0295	 0.0216
 1.2500	 1.0867	 0.0223
 1.2550	 1.0825	 0.0232
 1.2600	 1.0988	 0.0236
 1.2650	 1.0646	 0.0270
 1.2700	 1.0168	 0.0227
 1.2750	 1.0322	 0.0233
 1.2800	 1.0911	 0.0220
 1.2900	 1.0868	 0.0247
 1.2950	 1.0476	 0.0225
 1.3000	 1.0731	 0.0224
 1.3050	 1.0486	 0.0225
 1.3100	 1.0389	 0.0226
 1.3150	 1.0824	 0.0232
 1.3200	 1.0900	 0.0237
 1.3250	 1.0536	 0.0242
 1.3300	 1.0379	 0.0246
 1.3350	 1.0659	 0.0261
 1.3400	 1.0865	 0.0286
 1.3450	 1.0887	 0.0337
 1.3500	 1.0790	 0.0451
 1.3550	 1.1267	 0.0627
 1.3600	 1.0111	 0.0629
 1.3700	 1.0372	 0.0729
 1.3850	 1.0829	 0.0718
 1.3900	 1.0756	 0.0577
 1.3950	 1.1293	 0.0562
 1.4000	 1.1388	 0.0520
 1.4050	 1.0907	 0.0477
 1.4100	 1.0981	 0.0423
 1.4150	 1.1805	 0.0368
 1.4200	 1.2000	 0.0390
 1.4250	 1.1386	 0.0375
 1.4300	 1.1517	 0.0359
 1.4350	 1.1743	 0.0357
 1.4400	 1.1574	 0.0338
 1.4450	 1.1458	 0.0322
 1.4500	 1.2207	 0.0324
 1.4600	 1.1955	 0.0336
 1.4650	 1.1235	 0.0330
 1.4700	 1.1856	 0.0326
 1.4750	 1.2084	 0.0352
 1.4800	 1.1566	 0.0319
 1.4850	 1.1989	 0.0315
 1.4900	 1.1815	 0.0338
 1.4950	 1.1342	 0.0333
 1.5000	 1.1208	 0.0297
 1.5050	 1.1400	 0.0325
 1.5100	 1.2279	 0.0295
 1.5150	 1.2221	 0.0296
 1.5200	 1.1465	 0.0299
 1.5250	 1.1177	 0.0296
 1.5300	 1.1422	 0.0319
 1.5350	 1.2070	 0.0316
 1.5400	 1.2760	 0.0322
 1.5450	 1.1854	 0.0307
 1.5500	 1.1769	 0.0296
 1.5650	 1.2138	 0.0302
 1.5700	 1.1921	 0.0317
 1.5750	 1.1652	 0.0325
 1.5800	 1.1700	 0.0320
 1.5850	 1.2305	 0.0335
 1.5900	 1.2901	 0.0334
 1.5950	 1.2309	 0.0357
 1.6000	 1.2036	 0.0323
 1.6050	 1.2922	 0.0358
 1.6100	 1.2244	 0.0375
 1.6150	 1.1257	 0.0338
 1.6200	 1.1904	 0.0322
 1.6250	 1.2068	 0.0337
 1.6300	 1.2291	 0.0323
 1.6350	 1.2468	 0.0345
 1.6400	 1.1993	 0.0335
 1.6450	 1.2183	 0.0363
 1.6500	 1.2549	 0.0368
 1.6650	 1.1347	 0.0383
 1.6700	 1.2361	 0.0360
 1.6750	 1.2022	 0.0388
 1.6800	 1.1483	 0.0366
 1.6850	 1.2470	 0.0369
 1.6950	 1.1991	 0.0407
 1.7100	 1.1962	 0.0386
 1.7150	 1.1814	 0.0390
 1.7250	 1.1236	 0.0376
 1.7300	 1.1824	 0.0422
 1.7350	 1.1585	 0.0412
 1.7400	 1.1889	 0.0388
 1.7450	 1.1622	 0.0413
 1.7500	 1.1262	 0.0450
 1.7550	 1.2215	 0.0408
 1.7600	 1.2022	 0.0416
 1.7650	 1.1809	 0.0411
 1.7700	 1.1918	 0.0454
 1.7750	 1.1986	 0.0466
 1.7800	 1.2138	 0.0444
 1.7850	 1.1500	 0.0441
 1.8200	 1.2704	 0.0841
 1.8250	 1.2076	 0.0952
 1.8300	 1.1787	 0.1196
 1.8350	 1.1292	 0.1414
 1.8550	 1.2574	 0.1679
 1.8650	 1.2863	 0.2099
 1.8700	 1.2447	 0.2273
 1.8900	 1.1519	 0.1193
 1.9050	 1.1460	 0.1632
 1.9200	 1.1900	 0.1254
 1.9250	 1.1767	 0.1318
 1.9350	 1.1377	 0.0954
 1.9450	 1.1272	 0.0825
 1.9500	 1.3061	 0.0963
 1.9550	 1.2186	 0.0939
 1.9600	 1.1449	 0.0896
 1.9650	 1.1126	 0.0823
 1.9700	 1.2541	 0.0743
 1.9800	 1.2428	 0.0671
 1.9850	 1.0849	 0.0594
 1.9950	 1.1781	 0.0664
 2.0000	 1.1645	 0.0813
 2.0050	 1.1335	 0.0969
 2.0100	 1.1248	 0.1113
 2.0150	 1.1419	 0.1087
 2.0400	 1.2045	 0.0622
 2.0450	 1.2610	 0.0707
 2.0500	 1.1870	 0.0721
 2.0550	 1.2221	 0.0769
 2.0650	 1.1427	 0.0735
 2.0700	 1.1571	 0.0752
 2.0850	 1.1511	 0.0625
 2.0900	 1.2754	 0.0664
 2.0950	 1.1957	 0.0693
 2.1050	 1.1620	 0.0632
 2.1100	 1.1491	 0.0661
 2.1550	 1.1319	 0.0712
 2.1600	 1.1369	 0.0724
 2.1650	 1.1783	 0.0732
 2.1700	 1.1864	 0.0768
 2.1900	 1.1302	 0.0739
 2.1950	 1.1236	 0.0789
 2.2150	 1.2525	 0.0827
 2.2200	 1.1350	 0.0821
 2.2300	 1.1484	 0.0829
 2.2400	 1.1197	 0.0840
 2.2450	 1.2186	 0.0870
 2.2500	 1.1951	 0.0917
 2.2650	 1.1897	 0.0881
 2.2750	 1.1491	 0.0979
 2.2800	 1.1285	 0.0923
 2.2900	 1.1973	 0.1051
 2.3050	 1.1785	 0.0994
 2.3150	 1.1452	 0.1080
 2.3250	 1.1601	 0.0990
 2.3500	 1.1191	 0.1114
 2.4200	 1.1939	 0.1480
 2.4250	 1.2848	 0.1457
 2.4350	 1.2899	 0.1638
 2.4400	 1.2511	 0.1542
 2.4450	 1.2901	 0.1783
 2.4500	 1.2026	 0.1000
