 0.8000	 0.8730	 0.1221
 0.8050	 0.8866	 0.1210
 0.8100	 0.9105	 0.1065
 0.8150	 0.9352	 0.0888
 0.8200	 0.9103	 0.0978
 0.8250	 0.8948	 0.0836
 0.8300	 0.9047	 0.0857
 0.8350	 0.8897	 0.0819
 0.8400	 0.8286	 0.0749
 0.8450	 0.8171	 0.0793
 0.8500	 0.8307	 0.0872
 0.8550	 0.8155	 0.0883
 0.8600	 0.8329	 0.0874
 0.8650	 0.8426	 0.0865
 0.8700	 0.8241	 0.0802
 0.8750	 0.8026	 0.0802
 0.8800	 0.7970	 0.0814
 0.8850	 0.7932	 0.0693
 0.8900	 0.8522	 0.0782
 0.8950	 0.8245	 0.0758
 0.9000	 0.7791	 0.0631
 0.9050	 0.7936	 0.0680
 0.9100	 0.7896	 0.0618
 0.9150	 0.7769	 0.0635
 0.9200	 0.7974	 0.0631
 0.9250	 0.8037	 0.0667
 0.9300	 0.8123	 0.0638
 0.9350	 0.8478	 0.0676
 0.9400	 0.8734	 0.0671
 0.9450	 0.8397	 0.0724
 0.9500	 0.7688	 0.0612
 0.9550	 0.7634	 0.0588
 0.9600	 0.7913	 0.0611
 0.9650	 0.8205	 0.0586
 0.9700	 0.8339	 0.0661
 0.9750	 0.7914	 0.0546
 0.9800	 0.8021	 0.0551
 0.9850	 0.8114	 0.0550
 0.9900	 0.8035	 0.0556
 0.9950	 0.8128	 0.0551
 1.0000	 0.8240	 0.0543
 1.0050	 0.8167	 0.0532
 1.0100	 0.8212	 0.0514
 1.0150	 0.8406	 0.0548
 1.0200	 0.8413	 0.0519
 1.0250	 0.8413	 0.0553
 1.0300	 0.8453	 0.0536
 1.0350	 0.8495	 0.0531
 1.0400	 0.8552	 0.0620
 1.0450	 0.8700	 0.0533
 1.0500	 0.9274	 0.0598
 1.0550	 0.8834	 0.0566
 1.0600	 0.8184	 0.0535
 1.0650	 0.8263	 0.0556
 1.0700	 0.8936	 0.0557
 1.0750	 0.8903	 0.0590
 1.0800	 0.8798	 0.0600
 1.0850	 0.9495	 0.0630
 1.0900	 0.9499	 0.0621
 1.0950	 0.9366	 0.0578
 1.1000	 0.9707	 0.0624
 1.1050	 0.9284	 0.0560
 1.1100	 0.9206	 0.0624
 1.1150	 0.9161	 0.0628
 1.1200	 0.9219	 0.0725
 1.1250	 0.9379	 0.0710
 1.1300	 0.9407	 0.0731
 1.1350	 0.9321	 0.0656
 1.1400	 0.9233	 0.0692
 1.1450	 0.9561	 0.0633
 1.1500	 0.9731	 0.0651
 1.1550	 0.9830	 0.0657
 1.1600	 0.9926	 0.0645
 1.1650	 0.9961	 0.0659
 1.1700	 1.0012	 0.0669
 1.1750	 0.9711	 0.0609
 1.1800	 0.9574	 0.0622
 1.1850	 0.9724	 0.0631
 1.1900	 0.9750	 0.0649
 1.1950	 0.9831	 0.0653
 1.2000	 1.0116	 0.0722
 1.2050	 1.0335	 0.0687
 1.2100	 1.0571	 0.0645
 1.2200	 1.0802	 0.0714
 1.2250	 1.0628	 0.0692
 1.2300	 1.0566	 0.0461
 1.2350	 1.0991	 0.0854
 1.2400	 1.0863	 0.0673
 1.2450	 1.0764	 0.0772
 1.2500	 1.0742	 0.0742
 1.2550	 1.0641	 0.0770
 1.2600	 1.0528	 0.0704
 1.2650	 1.0064	 0.0715
 1.2700	 0.9714	 0.0407
 1.2800	 1.0565	 0.0657
 1.2850	 1.0364	 0.0473
 1.2900	 1.1457	 0.0828
 1.2950	 1.1142	 0.0726
 1.3000	 1.0881	 0.0684
 1.3050	 1.1145	 0.0701
 1.3100	 1.1267	 0.0828
 1.3150	 1.1118	 0.0711
 1.3200	 1.0559	 0.0745
 1.3250	 1.0690	 0.0748
 1.3300	 1.0951	 0.0773
 1.3350	 1.0961	 0.0857
 1.3400	 1.0920	 0.0867
 1.3450	 1.1132	 0.1021
 1.3500	 1.1050	 0.1340
 1.3550	 1.1396	 0.1582
 1.3600	 1.2188	 0.1727
 1.3650	 1.2421	 0.2132
 1.3700	 1.2309	 0.1876
 1.3750	 1.1505	 0.1678
 1.3800	 1.1903	 0.1500
 1.3850	 1.2273	 0.1552
 1.3900	 1.3863	 0.1789
 1.3950	 1.4224	 0.1722
 1.4000	 1.4228	 0.1548
 1.4050	 1.4329	 0.1329
 1.4100	 1.3440	 0.1381
 1.4150	 1.3721	 0.1216
 1.4200	 1.3084	 0.1122
 1.4250	 1.2560	 0.1118
 1.4300	 1.3145	 0.1087
 1.4350	 1.3101	 0.1065
 1.4400	 1.4226	 0.1100
 1.4450	 1.4303	 0.1101
 1.4500	 1.3727	 0.1073
 1.4550	 1.4891	 0.0899
 1.4600	 1.1908	 0.0577
 1.4650	 1.5791	 0.1123
 1.4700	 1.6915	 0.1287
 1.4950	 1.5506	 0.1043
 1.5250	 1.3928	 0.1287
 1.5300	 1.2715	 0.0992
 1.5350	 1.3332	 0.0742
 1.5400	 1.4653	 0.0842
 1.5600	 1.2917	 0.1055
 1.5650	 1.4435	 0.0887
 1.5750	 1.5187	 0.1045
 1.5900	 1.5911	 0.1054
 1.6100	 1.4610	 0.1210
 1.6400	 1.6913	 0.1176
 1.6500	 1.5024	 0.0924
 1.6550	 1.5151	 0.1045
 1.6750	 1.6326	 0.1205
 1.6800	 1.3757	 0.1168
 1.6850	 1.3946	 0.1004
 1.6900	 1.6650	 0.0989
 1.6950	 1.3772	 0.1136
 1.7050	 1.5864	 0.0867
 1.7100	 1.4557	 0.1017
 1.7150	 1.5550	 0.1208
 1.7200	 1.6020	 0.1185
 1.7300	 1.4877	 0.1339
 1.7350	 1.3214	 0.1233
 1.7400	 1.4323	 0.1127
 1.7450	 1.5222	 0.1114
 1.7500	 1.4961	 0.1232
 1.7550	 1.4921	 0.1286
 1.7700	 1.4386	 0.1334
 1.7750	 1.2854	 0.1266
 1.7800	 1.5302	 0.1085
 1.7850	 1.5874	 0.1286
 1.7900	 1.4867	 0.1366
 1.7950	 1.3353	 0.1415
 1.8000	 1.4023	 0.1401
 1.8050	 1.6440	 0.1545
 1.8150	 1.5391	 0.2248
 1.8200	 1.3658	 0.2199
 1.8400	 1.4257	 0.3382
 1.8450	 1.6148	 0.3995
 1.8500	 1.3086	 0.4535
 1.8550	 1.5157	 0.3429
 1.8600	 1.6995	 0.3259
 1.8650	 1.4382	 0.4154
 1.8850	 1.7045	 0.3507
 1.8900	 1.3685	 0.2893
 1.9000	 1.2615	 0.3124
 1.9050	 1.3758	 0.3386
 1.9200	 1.2730	 0.2453
 1.9300	 1.4496	 0.2227
 1.9400	 1.5276	 0.2617
 1.9450	 1.4465	 0.2275
 1.9500	 1.3984	 0.2154
 1.9550	 1.4538	 0.2493
 1.9750	 1.5062	 0.2253
 1.9800	 1.4411	 0.1547
 2.0100	 1.5399	 0.2636
 2.0150	 1.6637	 0.3235
 2.0300	 1.3256	 0.1991
 2.0350	 1.2243	 0.1597
 2.0400	 1.3864	 0.1271
 2.0450	 1.2129	 0.1659
 2.0500	 1.2795	 0.1672
 2.0550	 1.4063	 0.1789
 2.0600	 1.5077	 0.1928
 2.0650	 1.6032	 0.2129
 2.0700	 1.6672	 0.1843
 2.0750	 1.4120	 0.2101
 2.0800	 1.3829	 0.1777
 2.0850	 1.4842	 0.1724
 2.0900	 1.5001	 0.1641
 2.0950	 1.3713	 0.1792
 2.1000	 1.2256	 0.1690
 2.1050	 1.2649	 0.1630
 2.1100	 1.3300	 0.1628
 2.1150	 1.2735	 0.1708
 2.1200	 1.4447	 0.1638
 2.1250	 1.5818	 0.1688
 2.1300	 1.4621	 0.1855
 2.1350	 1.2876	 0.1832
 2.1400	 1.4430	 0.1817
 2.1450	 1.3873	 0.1651
 2.1500	 1.2740	 0.1993
 2.1550	 1.4517	 0.1593
 2.1600	 1.2218	 0.1969
 2.1650	 1.2588	 0.1855
 2.1700	 1.3505	 0.1919
 2.1750	 1.2718	 0.1954
 2.1800	 1.2238	 0.1931
 2.1850	 1.5661	 0.1839
 2.1900	 1.5323	 0.2119
 2.1950	 1.6001	 0.2279
 2.2050	 1.4623	 0.2433
 2.2200	 1.4857	 0.1802
 2.2250	 1.5693	 0.2256
 2.2300	 1.4134	 0.2350
 2.2350	 1.5175	 0.2372
 2.2450	 1.4598	 0.2495
 2.2600	 1.4259	 0.2132
 2.2750	 1.3232	 0.2038
 2.2800	 1.3628	 0.2147
 2.3050	 1.2774	 0.2119
 2.3100	 1.3022	 0.2419
 2.3150	 1.3739	 0.2221
 2.3200	 1.3069	 0.2682
 2.3250	 1.4239	 0.2525
 2.3400	 1.2112	 0.2361
 2.3450	 1.2564	 0.2420
 2.3500	 1.3258	 0.2599
 2.3550	 1.3202	 0.2513
 2.3600	 1.2488	 0.2556
 2.3650	 1.3138	 0.2631
 2.3700	 1.3347	 0.2644
 2.3750	 1.3850	 0.2610
 2.4000	 1.2408	 0.2303
 2.4050	 1.3895	 0.2676
 2.4100	 1.4736	 0.2787
 2.4150	 1.3454	 0.3241
 2.4200	 1.3543	 0.2970
 2.4400	 1.2916	 0.2644
 2.4500	 1.3723	 0.1000
