 0.8200	 0.9100	 0.0061
 0.8250	 0.9122	 0.0057
 0.8300	 0.9050	 0.0056
 0.8350	 0.8966	 0.0055
 0.8400	 0.8919	 0.0055
 0.8450	 0.8842	 0.0054
 0.8500	 0.8787	 0.0053
 0.8550	 0.8689	 0.0055
 0.8600	 0.8715	 0.0055
 0.8650	 0.8506	 0.0057
 0.8700	 0.8473	 0.0057
 0.8750	 0.8445	 0.0056
 0.8800	 0.8411	 0.0054
 0.8850	 0.8363	 0.0053
 0.8900	 0.8311	 0.0051
 0.8950	 0.8283	 0.0049
 0.9000	 0.8290	 0.0052
 0.9050	 0.8236	 0.0058
 0.9100	 0.8244	 0.0045
 0.9150	 0.8290	 0.0050
 0.9200	 0.8305	 0.0044
 0.9250	 0.8247	 0.0045
 0.9300	 0.8233	 0.0044
 0.9350	 0.8212	 0.0046
 0.9400	 0.8227	 0.0047
 0.9450	 0.8262	 0.0045
 0.9500	 0.8260	 0.0045
 0.9550	 0.8286	 0.0044
 0.9600	 0.8348	 0.0043
 0.9650	 0.8331	 0.0042
 0.9700	 0.8359	 0.0041
 0.9750	 0.8432	 0.0040
 0.9800	 0.8449	 0.0040
 0.9850	 0.8428	 0.0042
 0.9900	 0.8459	 0.0042
 0.9950	 0.8499	 0.0039
 1.0000	 0.8573	 0.0039
 1.0050	 0.8657	 0.0039
 1.0100	 0.8745	 0.0039
 1.0150	 0.8771	 0.0039
 1.0200	 0.8805	 0.0040
 1.0250	 0.8828	 0.0040
 1.0300	 0.8858	 0.0045
 1.0350	 0.8926	 0.0044
 1.0400	 0.8959	 0.0042
 1.0450	 0.9032	 0.0040
 1.0500	 0.9043	 0.0045
 1.0550	 0.9090	 0.0041
 1.0600	 0.9141	 0.0041
 1.0650	 0.9209	 0.0042
 1.0700	 0.9235	 0.0042
 1.0750	 0.9242	 0.0042
 1.0800	 0.9292	 0.0042
 1.0850	 0.9269	 0.0041
 1.0900	 0.9344	 0.0044
 1.0950	 0.9389	 0.0041
 1.1000	 0.9471	 0.0043
 1.1050	 0.9543	 0.0042
 1.1100	 0.9571	 0.0043
 1.1150	 0.9518	 0.0043
 1.1200	 0.9470	 0.0044
 1.1250	 0.9573	 0.0048
 1.1300	 0.9665	 0.0049
 1.1350	 0.9715	 0.0050
 1.1400	 0.9723	 0.0050
 1.1450	 0.9733	 0.0051
 1.1500	 0.9736	 0.0052
 1.1550	 0.9707	 0.0055
 1.1600	 0.9831	 0.0050
 1.1650	 0.9930	 0.0055
 1.1700	 0.9938	 0.0054
 1.1750	 0.9964	 0.0050
 1.1800	 1.0000	 0.0051
 1.1850	 0.9973	 0.0048
 1.1900	 0.9957	 0.0049
 1.1950	 1.0014	 0.0047
 1.2000	 0.9917	 0.0052
 1.2050	 0.9979	 0.0054
 1.2100	 1.0061	 0.0050
 1.2150	 1.0099	 0.0049
 1.2200	 1.0159	 0.0053
 1.2250	 1.0178	 0.0050
 1.2300	 1.0103	 0.0052
 1.2350	 1.0094	 0.0048
 1.2400	 1.0121	 0.0047
 1.2450	 1.0214	 0.0048
 1.2500	 1.0174	 0.0048
 1.2550	 1.0207	 0.0049
 1.2600	 1.0160	 0.0052
 1.2650	 1.0153	 0.0049
 1.2700	 1.0178	 0.0050
 1.2750	 1.0289	 0.0050
 1.2800	 1.0378	 0.0054
 1.2850	 1.0324	 0.0051
 1.2900	 1.0299	 0.0048
 1.2950	 1.0215	 0.0049
 1.3000	 1.0250	 0.0049
 1.3050	 1.0346	 0.0049
 1.3100	 1.0389	 0.0049
 1.3150	 1.0380	 0.0050
 1.3200	 1.0429	 0.0049
 1.3250	 1.0410	 0.0052
 1.3300	 1.0428	 0.0052
 1.3350	 1.0442	 0.0052
 1.3400	 1.0575	 0.0058
 1.3450	 1.0561	 0.0064
 1.3500	 1.0473	 0.0062
 1.3550	 1.0421	 0.0092
 1.3600	 1.0478	 0.0103
 1.3650	 1.0680	 0.0117
 1.3700	 1.0667	 0.0096
 1.3750	 1.0570	 0.0114
 1.3800	 1.0484	 0.0105
 1.3850	 1.0689	 0.0099
 1.3900	 1.0775	 0.0110
 1.3950	 1.0815	 0.0095
 1.4000	 1.0785	 0.0092
 1.4050	 1.0617	 0.0092
 1.4100	 1.0765	 0.0090
 1.4150	 1.0870	 0.0080
 1.4200	 1.0797	 0.0076
 1.4250	 1.0740	 0.0070
 1.4300	 1.0773	 0.0069
 1.4350	 1.0816	 0.0066
 1.4400	 1.0901	 0.0070
 1.4450	 1.0893	 0.0069
 1.4500	 1.0942	 0.0065
 1.4550	 1.0962	 0.0064
 1.4600	 1.0949	 0.0066
 1.4650	 1.0868	 0.0064
 1.4700	 1.0937	 0.0061
 1.4750	 1.0880	 0.0062
 1.4800	 1.0888	 0.0066
 1.4850	 1.0833	 0.0064
 1.4900	 1.0976	 0.0062
 1.4950	 1.0932	 0.0062
 1.5000	 1.0890	 0.0058
 1.5050	 1.0827	 0.0056
 1.5100	 1.0912	 0.0057
 1.5150	 1.0846	 0.0055
 1.5200	 1.0866	 0.0056
 1.5250	 1.0905	 0.0058
 1.5300	 1.0861	 0.0057
 1.5350	 1.0815	 0.0056
 1.5400	 1.0767	 0.0060
 1.5450	 1.0627	 0.0061
 1.5500	 1.0688	 0.0058
 1.5550	 1.0836	 0.0056
 1.5600	 1.0747	 0.0062
 1.5650	 1.0716	 0.0058
 1.5700	 1.0705	 0.0061
 1.5750	 1.0605	 0.0059
 1.5800	 1.0724	 0.0063
 1.5850	 1.0807	 0.0060
 1.5900	 1.0777	 0.0067
 1.5950	 1.0766	 0.0062
 1.6000	 1.0588	 0.0060
 1.6050	 1.0675	 0.0075
 1.6100	 1.0439	 0.0062
 1.6150	 1.0403	 0.0059
 1.6200	 1.0432	 0.0058
 1.6250	 1.0296	 0.0060
 1.6300	 1.0196	 0.0067
 1.6350	 1.0341	 0.0064
 1.6400	 1.0272	 0.0061
 1.6450	 1.0457	 0.0075
 1.6500	 1.0326	 0.0063
 1.6550	 1.0061	 0.0064
 1.6600	 1.0017	 0.0066
 1.6650	 0.9868	 0.0064
 1.6700	 0.9832	 0.0063
 1.6750	 0.9596	 0.0070
 1.6800	 0.9550	 0.0065
 1.6850	 0.9745	 0.0063
 1.6900	 0.9632	 0.0065
 1.6950	 0.9325	 0.0070
 1.7000	 0.9453	 0.0064
 1.7050	 0.9547	 0.0065
 1.7100	 0.9445	 0.0066
 1.7150	 0.9361	 0.0067
 1.7200	 0.9471	 0.0069
 1.7250	 0.9426	 0.0065
 1.7350	 0.9733	 0.0068
 1.7400	 0.9185	 0.0066
 1.7450	 0.9459	 0.0072
 1.7700	 0.9152	 0.0076
 1.7750	 0.9575	 0.0086
 1.7800	 0.9325	 0.0068
 1.7850	 0.8931	 0.0070
 1.7900	 0.8972	 0.0070
 1.7950	 0.8922	 0.0076
 1.8000	 0.8877	 0.0076
 1.8050	 0.9438	 0.0088
 1.8100	 0.9199	 0.0088
 1.8150	 0.8952	 0.0090
 1.8200	 0.9003	 0.0093
 1.8250	 0.8965	 0.0101
 1.8300	 0.8948	 0.0117
 1.8350	 0.8889	 0.0131
 1.8400	 0.9192	 0.0150
 1.8450	 0.9422	 0.0173
 1.8500	 0.9361	 0.0171
 1.8550	 0.9150	 0.0161
 1.8850	 0.8819	 0.0224
 1.8900	 0.9233	 0.0131
 1.8950	 0.9341	 0.0127
 1.9050	 0.9420	 0.0167
 1.9100	 0.9242	 0.0163
 1.9150	 0.9254	 0.0163
 1.9200	 0.8979	 0.0145
 1.9250	 0.9001	 0.0137
 1.9300	 0.9079	 0.0127
 1.9350	 0.9342	 0.0119
 1.9400	 0.9278	 0.0114
 1.9450	 0.9202	 0.0110
 1.9500	 0.9251	 0.0110
 1.9550	 0.9252	 0.0110
 1.9600	 0.9061	 0.0110
 1.9650	 0.9200	 0.0121
 1.9700	 0.9205	 0.0116
 1.9750	 0.9513	 0.0123
 1.9800	 0.9666	 0.0111
 1.9850	 0.9587	 0.0092
 1.9900	 0.9438	 0.0084
 1.9950	 0.9491	 0.0086
 2.0000	 0.9545	 0.0098
 2.0050	 0.9395	 0.0104
 2.0100	 0.9388	 0.0134
 2.0150	 0.9830	 0.0165
 2.0200	 0.9682	 0.0141
 2.0250	 0.9650	 0.0121
 2.0300	 0.9838	 0.0111
 2.0350	 0.9660	 0.0093
 2.0400	 0.9957	 0.0095
 2.0450	 0.9995	 0.0093
 2.0500	 0.9651	 0.0098
 2.0550	 0.9691	 0.0096
 2.0600	 0.9824	 0.0100
 2.0650	 0.9902	 0.0101
 2.0700	 0.9811	 0.0099
 2.0750	 0.9835	 0.0097
 2.0800	 0.9900	 0.0101
 2.0850	 0.9982	 0.0094
 2.0900	 0.9980	 0.0093
 2.0950	 1.0046	 0.0090
 2.1000	 0.9917	 0.0099
 2.1050	 0.9996	 0.0092
 2.1100	 0.9887	 0.0101
 2.1150	 0.9911	 0.0102
 2.1200	 1.0014	 0.0097
 2.1250	 1.0157	 0.0096
 2.1300	 1.0284	 0.0096
 2.1350	 1.0274	 0.0095
 2.1400	 1.0159	 0.0094
 2.1450	 1.0113	 0.0095
 2.1500	 1.0196	 0.0098
 2.1550	 1.0167	 0.0109
 2.1600	 1.0067	 0.0115
 2.1650	 1.0105	 0.0104
 2.1700	 1.0277	 0.0105
 2.1750	 1.0198	 0.0114
 2.1800	 1.0100	 0.0124
 2.1850	 1.0101	 0.0116
 2.1900	 1.0193	 0.0106
 2.1950	 1.0414	 0.0108
 2.2000	 1.0426	 0.0109
 2.2050	 1.0451	 0.0114
 2.2100	 1.0461	 0.0116
 2.2150	 1.0492	 0.0112
 2.2200	 1.0421	 0.0112
 2.2250	 1.0394	 0.0114
 2.2300	 1.0327	 0.0115
 2.2350	 1.0401	 0.0115
 2.2400	 1.0621	 0.0119
 2.2450	 1.0477	 0.0119
 2.2500	 1.0296	 0.0119
 2.2550	 1.0294	 0.0121
 2.2600	 1.0374	 0.0120
 2.2650	 1.0384	 0.0125
 2.2700	 1.0520	 0.0125
 2.2750	 1.0431	 0.0123
 2.2800	 1.0341	 0.0125
 2.2850	 1.0231	 0.0127
 2.2900	 1.0431	 0.0133
 2.2950	 1.0485	 0.0129
 2.3000	 1.0500	 0.0130
 2.3050	 1.0536	 0.0132
 2.3100	 1.0577	 0.0134
 2.3150	 1.0470	 0.0130
 2.3200	 1.0485	 0.0137
 2.3250	 1.0371	 0.0137
 2.3300	 1.0503	 0.0133
 2.3350	 1.0387	 0.0130
 2.3400	 1.0223	 0.0135
 2.3450	 1.0362	 0.0136
 2.3500	 1.0531	 0.0143
 2.3550	 1.0509	 0.0142
 2.3600	 1.0758	 0.0141
 2.3650	 1.0759	 0.0144
 2.3700	 1.0482	 0.0143
 2.3750	 1.0442	 0.0148
 2.3800	 1.0435	 0.0143
 2.3850	 1.0875	 0.0150
 2.3900	 1.0784	 0.0149
 2.3950	 1.0600	 0.0145
 2.4000	 1.0743	 0.0150
 2.4050	 1.0599	 0.0152
 2.4100	 1.0635	 0.0153
 2.4200	 1.0609	 0.0156
 2.4250	 1.0858	 0.0153
 2.4300	 1.0878	 0.0158
 2.4350	 1.1000	 0.0160
 2.4400	 1.1222	 0.0165
 2.4450	 1.1273	 0.0190
 2.4500	 1.1228	 0.0180
