 0.7800	 0.9357	 0.0466
 0.7850	 0.9260	 0.0371
 0.7900	 0.9249	 0.0316
 0.7950	 0.9241	 0.0285
 0.8000	 0.9259	 0.0268
 0.8050	 0.9071	 0.0250
 0.8100	 0.9045	 0.0231
 0.8150	 0.9085	 0.0213
 0.8200	 0.9028	 0.0197
 0.8250	 0.8950	 0.0189
 0.8300	 0.8982	 0.0186
 0.8350	 0.8858	 0.0183
 0.8400	 0.8738	 0.0180
 0.8450	 0.8823	 0.0180
 0.8500	 0.8771	 0.0179
 0.8550	 0.8728	 0.0181
 0.8600	 0.8564	 0.0182
 0.8650	 0.8552	 0.0184
 0.8700	 0.8539	 0.0184
 0.8750	 0.8459	 0.0193
 0.8800	 0.8356	 0.0172
 0.8850	 0.8334	 0.0166
 0.8900	 0.8418	 0.0161
 0.8950	 0.8358	 0.0155
 0.9000	 0.8318	 0.0151
 0.9050	 0.8245	 0.0148
 0.9100	 0.8261	 0.0148
 0.9150	 0.8208	 0.0146
 0.9200	 0.8205	 0.0146
 0.9250	 0.8172	 0.0145
 0.9300	 0.8183	 0.0148
 0.9350	 0.8196	 0.0153
 0.9400	 0.8046	 0.0152
 0.9450	 0.8073	 0.0160
 0.9500	 0.8179	 0.0156
 0.9550	 0.8199	 0.0152
 0.9600	 0.8176	 0.0146
 0.9650	 0.8190	 0.0146
 0.9700	 0.8180	 0.0136
 0.9750	 0.8201	 0.0132
 0.9800	 0.8184	 0.0129
 0.9850	 0.8169	 0.0127
 0.9900	 0.8184	 0.0125
 0.9950	 0.8255	 0.0124
 1.0000	 0.8295	 0.0122
 1.0050	 0.8335	 0.0124
 1.0100	 0.8266	 0.0121
 1.0150	 0.8269	 0.0119
 1.0200	 0.8411	 0.0120
 1.0250	 0.8493	 0.0120
 1.0300	 0.8495	 0.0121
 1.0350	 0.8430	 0.0120
 1.0400	 0.8469	 0.0121
 1.0450	 0.8538	 0.0123
 1.0500	 0.8581	 0.0124
 1.0550	 0.8688	 0.0125
 1.0600	 0.8705	 0.0126
 1.0650	 0.8723	 0.0126
 1.0700	 0.8790	 0.0129
 1.0750	 0.8820	 0.0128
 1.0800	 0.8824	 0.0127
 1.0850	 0.8881	 0.0128
 1.0900	 0.8952	 0.0130
 1.0950	 0.8949	 0.0130
 1.1000	 0.9109	 0.0132
 1.1050	 0.9127	 0.0133
 1.1100	 0.9138	 0.0136
 1.1150	 0.9240	 0.0146
 1.1200	 0.9314	 0.0153
 1.1250	 0.9394	 0.0164
 1.1300	 0.9370	 0.0173
 1.1350	 0.9433	 0.0178
 1.1400	 0.9469	 0.0177
 1.1450	 0.9599	 0.0176
 1.1500	 0.9583	 0.0171
 1.1550	 0.9603	 0.0166
 1.1600	 0.9615	 0.0161
 1.1650	 0.9724	 0.0156
 1.1700	 0.9816	 0.0151
 1.1750	 0.9865	 0.0148
 1.1800	 0.9902	 0.0147
 1.1850	 0.9884	 0.0146
 1.1900	 0.9929	 0.0147
 1.1950	 1.0048	 0.0148
 1.2000	 1.0139	 0.0152
 1.2050	 1.0087	 0.0152
 1.2100	 1.0102	 0.0151
 1.2150	 1.0139	 0.0152
 1.2200	 1.0173	 0.0152
 1.2250	 1.0262	 0.0152
 1.2300	 1.0270	 0.0152
 1.2350	 1.0354	 0.0164
 1.2400	 1.0264	 0.0153
 1.2450	 1.0253	 0.0155
 1.2500	 1.0301	 0.0156
 1.2550	 1.0344	 0.0158
 1.2600	 1.0358	 0.0160
 1.2650	 1.0331	 0.0162
 1.2700	 1.0360	 0.0163
 1.2750	 1.0402	 0.0163
 1.2800	 1.0572	 0.0166
 1.2850	 1.0578	 0.0160
 1.2900	 1.0576	 0.0164
 1.2950	 1.0539	 0.0159
 1.3000	 1.0517	 0.0161
 1.3050	 1.0639	 0.0162
 1.3100	 1.0876	 0.0168
 1.3150	 1.0689	 0.0169
 1.3200	 1.0704	 0.0170
 1.3250	 1.0679	 0.0174
 1.3300	 1.0769	 0.0181
 1.3350	 1.0830	 0.0188
 1.3400	 1.1160	 0.0198
 1.3500	 1.0508	 0.0276
 1.3550	 1.1177	 0.0427
 1.3650	 1.0807	 0.0770
 1.3700	 1.0697	 0.0798
 1.3950	 1.0880	 0.0487
 1.4000	 1.1275	 0.0498
 1.4100	 1.1292	 0.0404
 1.4150	 1.1261	 0.0366
 1.4200	 1.1333	 0.0325
 1.4300	 1.1150	 0.0269
 1.4350	 1.1441	 0.0276
 1.4400	 1.1373	 0.0266
 1.4450	 1.1424	 0.0258
 1.4500	 1.1478	 0.0240
 1.4550	 1.1826	 0.0239
 1.4600	 1.1331	 0.0217
 1.4650	 1.1126	 0.0220
 1.4700	 1.1432	 0.0226
 1.4750	 1.1557	 0.0228
 1.4800	 1.1583	 0.0223
 1.4850	 1.1870	 0.0225
 1.4900	 1.1629	 0.0209
 1.4950	 1.1665	 0.0215
 1.5000	 1.1600	 0.0199
 1.5050	 1.1607	 0.0197
 1.5100	 1.1704	 0.0199
 1.5150	 1.1645	 0.0194
 1.5200	 1.1575	 0.0197
 1.5250	 1.1701	 0.0196
 1.5300	 1.1776	 0.0199
 1.5350	 1.1833	 0.0198
 1.5400	 1.1933	 0.0194
 1.5450	 1.1892	 0.0193
 1.5500	 1.1885	 0.0197
 1.5550	 1.1928	 0.0205
 1.5600	 1.1870	 0.0199
 1.5650	 1.1721	 0.0195
 1.5700	 1.1558	 0.0201
 1.5750	 1.1550	 0.0193
 1.5800	 1.1829	 0.0200
 1.5850	 1.1838	 0.0204
 1.5900	 1.1738	 0.0201
 1.5950	 1.1943	 0.0209
 1.6000	 1.1933	 0.0203
 1.6050	 1.2003	 0.0209
 1.6100	 1.2076	 0.0235
 1.6150	 1.2074	 0.0224
 1.6200	 1.1785	 0.0201
 1.6250	 1.1818	 0.0204
 1.6300	 1.1707	 0.0200
 1.6350	 1.1739	 0.0209
 1.6400	 1.1634	 0.0223
 1.6450	 1.1616	 0.0210
 1.6500	 1.1686	 0.0211
 1.6550	 1.1726	 0.0209
 1.6600	 1.1683	 0.0210
 1.6650	 1.1790	 0.0212
 1.6700	 1.1838	 0.0223
 1.6750	 1.1810	 0.0225
 1.6800	 1.1686	 0.0217
 1.6850	 1.1583	 0.0217
 1.6900	 1.1527	 0.0221
 1.6950	 1.1606	 0.0222
 1.7000	 1.1594	 0.0222
 1.7050	 1.1540	 0.0221
 1.7100	 1.1675	 0.0225
 1.7150	 1.1520	 0.0235
 1.7200	 1.1499	 0.0233
 1.7250	 1.1513	 0.0235
 1.7300	 1.1497	 0.0234
 1.7350	 1.1672	 0.0239
 1.7400	 1.1801	 0.0249
 1.7450	 1.1510	 0.0241
 1.7500	 1.1328	 0.0241
 1.7550	 1.1380	 0.0242
 1.7600	 1.1372	 0.0244
 1.7650	 1.1373	 0.0249
 1.7700	 1.1336	 0.0281
 1.7750	 1.1473	 0.0256
 1.7800	 1.1605	 0.0266
 1.7850	 1.1506	 0.0277
 1.7900	 1.1403	 0.0280
 1.7950	 1.1485	 0.0294
 1.8000	 1.1397	 0.0314
 1.8050	 1.1286	 0.0338
 1.8100	 1.1289	 0.0382
 1.8150	 1.1282	 0.0436
 1.8200	 1.1012	 0.0481
 1.8250	 1.1457	 0.0582
 1.8300	 1.1246	 0.0654
 1.8350	 1.1089	 0.0959
 1.8400	 1.0579	 0.1248
 1.8450	 1.0861	 0.1521
 1.8500	 1.0732	 0.1372
 1.8550	 1.0960	 0.1292
 1.8600	 1.1168	 0.1365
 1.8700	 1.0656	 0.1428
 1.8950	 1.1183	 0.0900
 1.9000	 1.0629	 0.0981
 1.9150	 1.0553	 0.1324
 1.9200	 1.0471	 0.1004
 1.9250	 1.0782	 0.0864
 1.9300	 1.0757	 0.0749
 1.9350	 1.1195	 0.0679
 1.9400	 1.0764	 0.0618
 1.9450	 1.0713	 0.0576
 1.9500	 1.0956	 0.0554
 1.9550	 1.1031	 0.0558
 1.9600	 1.0874	 0.0531
 1.9700	 1.0647	 0.0480
 1.9750	 1.0759	 0.0419
 1.9800	 1.0890	 0.0377
 1.9850	 1.0923	 0.0354
 1.9900	 1.1147	 0.0353
 1.9950	 1.1013	 0.0359
 2.0000	 1.1248	 0.0412
 2.0050	 1.1204	 0.0489
 2.0150	 1.0645	 0.0587
 2.0200	 1.0663	 0.0550
 2.0250	 1.0845	 0.0468
 2.0300	 1.1003	 0.0423
 2.0350	 1.1073	 0.0372
 2.0400	 1.1384	 0.0380
 2.0450	 1.1156	 0.0355
 2.0500	 1.0793	 0.0362
 2.0550	 1.0762	 0.0393
 2.0600	 1.1092	 0.0408
 2.0650	 1.1021	 0.0415
 2.0700	 1.0728	 0.0403
 2.0750	 1.0796	 0.0395
 2.0800	 1.1146	 0.0384
 2.0850	 1.1243	 0.0373
 2.0900	 1.1277	 0.0363
 2.0950	 1.1188	 0.0358
 2.1000	 1.1081	 0.0355
 2.1050	 1.1194	 0.0360
 2.1100	 1.1269	 0.0364
 2.1150	 1.1234	 0.0365
 2.1200	 1.1272	 0.0374
 2.1250	 1.1222	 0.0370
 2.1300	 1.1238	 0.0379
 2.1350	 1.1312	 0.0375
 2.1400	 1.1254	 0.0376
 2.1450	 1.1275	 0.0385
 2.1500	 1.1508	 0.0393
 2.1550	 1.1770	 0.0401
 2.1600	 1.1809	 0.0410
 2.1650	 1.1565	 0.0413
 2.1700	 1.1716	 0.0428
 2.1750	 1.1412	 0.0422
 2.1800	 1.1595	 0.0429
 2.1850	 1.1545	 0.0428
 2.1900	 1.1735	 0.0449
 2.1950	 1.1768	 0.0442
 2.2000	 1.1769	 0.0452
 2.2050	 1.1856	 0.0458
 2.2100	 1.1913	 0.0466
 2.2150	 1.1596	 0.0457
 2.2200	 1.1625	 0.0458
 2.2250	 1.1934	 0.0470
 2.2300	 1.2055	 0.0485
 2.2350	 1.1861	 0.0477
 2.2400	 1.1786	 0.0484
 2.2450	 1.1560	 0.0490
 2.2500	 1.1716	 0.0495
 2.2550	 1.1995	 0.0510
 2.2650	 1.2054	 0.0519
 2.2700	 1.1856	 0.0521
 2.2750	 1.1876	 0.0538
 2.2800	 1.1855	 0.0531
 2.2850	 1.2066	 0.0543
 2.2900	 1.2029	 0.0556
 2.2950	 1.1880	 0.0551
 2.3000	 1.2083	 0.0559
 2.3050	 1.1931	 0.0550
 2.3100	 1.2010	 0.0558
 2.3150	 1.2011	 0.0567
 2.3200	 1.1735	 0.0567
 2.3250	 1.1807	 0.0571
 2.3300	 1.1799	 0.0567
 2.3350	 1.1629	 0.0572
 2.3400	 1.1669	 0.0586
 2.3450	 1.1732	 0.0612
 2.3500	 1.1746	 0.0616
 2.3550	 1.1709	 0.0610
 2.3600	 1.1971	 0.0634
 2.3650	 1.2168	 0.0635
 2.3750	 1.1777	 0.0649
 2.3800	 1.1957	 0.0666
 2.3900	 1.2002	 0.0662
 2.3950	 1.1723	 0.0628
 2.4000	 1.2054	 0.0659
 2.4100	 1.1724	 0.0710
 2.4150	 1.2347	 0.0760
 2.4250	 1.1872	 0.0660
 2.4400	 1.2351	 0.0734
 2.4450	 1.2273	 0.0867
 2.4500	 1.2327	 0.1000
