 0.8100	 0.5855	 0.0035
 0.8150	 0.5527	 0.0035
 0.8200	 0.5190	 0.0034
 0.8250	 0.5378	 0.0033
 0.8300	 0.5756	 0.0033
 0.8350	 0.4957	 0.0032
 0.8400	 0.3892	 0.0031
 0.8450	 0.4372	 0.0031
 0.8500	 0.4786	 0.0030
 0.8550	 0.4532	 0.0030
 0.8600	 0.4877	 0.0028
 0.8650	 0.4440	 0.0030
 0.8700	 0.4000	 0.0026
 0.8750	 0.4171	 0.0027
 0.8800	 0.4100	 0.0027
 0.8850	 0.4068	 0.0026
 0.8900	 0.4221	 0.0026
 0.8950	 0.4154	 0.0025
 0.9000	 0.3841	 0.0024
 0.9050	 0.3920	 0.0022
 0.9100	 0.3539	 0.0021
 0.9150	 0.3638	 0.0021
 0.9200	 0.3490	 0.0020
 0.9250	 0.4331	 0.0020
 0.9300	 0.4161	 0.0025
 0.9350	 0.3557	 0.0025
 0.9400	 0.4087	 0.0023
 0.9450	 0.3911	 0.0024
 0.9500	 0.3570	 0.0022
 0.9550	 0.4257	 0.0021
 0.9600	 0.4025	 0.0018
 0.9650	 0.3428	 0.0018
 0.9700	 0.4045	 0.0018
 0.9750	 0.4410	 0.0017
 0.9800	 0.4771	 0.0018
 0.9850	 0.4113	 0.0017
 0.9900	 0.4460	 0.0018
 0.9950	 0.4908	 0.0021
 1.0000	 0.5192	 0.0019
 1.0050	 0.4976	 0.0018
 1.0100	 0.5141	 0.0018
 1.0150	 0.5932	 0.0019
 1.0200	 0.5723	 0.0020
 1.0250	 0.6231	 0.0017
 1.0300	 0.5652	 0.0020
 1.0350	 0.5802	 0.0017
 1.0400	 0.7077	 0.0019
 1.0450	 0.6802	 0.0018
 1.0500	 0.7277	 0.0016
 1.0550	 0.6468	 0.0014
 1.0600	 0.7160	 0.0013
 1.0650	 0.6861	 0.0013
 1.0700	 0.6661	 0.0017
 1.0750	 0.8178	 0.0019
 1.0800	 0.8563	 0.0016
 1.0850	 0.8679	 0.0021
 1.0900	 0.7547	 0.0017
 1.0950	 0.8189	 0.0021
 1.1000	 0.9191	 0.0019
 1.1050	 0.8474	 0.0016
 1.1100	 0.8934	 0.0015
 1.1150	 0.9153	 0.0014
 1.1200	 0.9124	 0.0013
 1.1250	 0.8648	 0.0014
 1.1300	 0.8626	 0.0019
 1.1350	 0.8244	 0.0022
 1.1400	 0.9359	 0.0016
 1.1450	 0.9224	 0.0024
 1.1500	 0.9261	 0.0016
 1.1550	 0.9606	 0.0020
 1.1600	 1.0336	 0.0020
 1.1650	 1.0039	 0.0018
 1.1700	 1.0120	 0.0015
 1.1750	 0.9586	 0.0013
 1.1800	 0.9602	 0.0012
 1.1850	 0.9596	 0.0011
 1.1900	 0.9622	 0.0010
 1.1950	 0.9393	 0.0013
 1.2000	 1.0334	 0.0020
 1.2050	 0.9109	 0.0017
 1.2100	 1.0000	 0.0019
 1.2150	 1.1246	 0.0019
 1.2200	 1.0478	 0.0017
 1.2250	 0.9872	 0.0020
 1.2300	 0.9737	 0.0018
 1.2350	 0.8673	 0.0017
 1.2400	 0.9574	 0.0015
 1.2450	 0.9678	 0.0013
 1.2500	 1.0622	 0.0013
 1.2550	 1.0304	 0.0012
 1.2600	 0.9529	 0.0016
 1.2650	 0.9496	 0.0022
 1.2700	 0.9430	 0.0026
 1.2750	 0.9859	 0.0028
 1.2800	 0.9513	 0.0025
 1.2850	 1.0485	 0.0018
 1.2900	 1.0785	 0.0023
 1.2950	 1.0277	 0.0017
 1.3000	 1.0123	 0.0019
 1.3050	 1.0648	 0.0021
 1.3100	 0.9829	 0.0020
 1.3150	 0.9639	 0.0018
 1.3200	 1.0070	 0.0016
 1.3250	 1.0161	 0.0014
 1.3300	 1.0576	 0.0012
 1.3350	 1.0595	 0.0011
 1.3400	 1.0969	 0.0011
 1.3450	 1.0607	 0.0011
 1.3500	 1.1071	 0.0014
 1.3550	 1.0866	 0.0018
 1.3600	 1.0665	 0.0025
 1.3650	 1.0694	 0.0034
 1.3700	 1.0982	 0.0027
 1.3750	 1.1265	 0.0021
 1.3800	 1.0741	 0.0032
 1.3850	 0.8963	 0.0027
 1.3900	 1.1274	 0.0023
 1.3950	 1.0442	 0.0028
 1.4000	 1.0634	 0.0034
 1.4050	 1.1781	 0.0032
 1.4100	 1.1420	 0.0032
 1.4150	 1.1430	 0.0031
 1.4200	 1.0884	 0.0022
 1.4250	 1.0886	 0.0016
 1.4300	 1.0928	 0.0022
 1.4350	 1.1022	 0.0023
 1.4400	 1.0088	 0.0015
 1.4450	 1.0025	 0.0019
 1.4500	 0.9112	 0.0025
 1.4550	 1.0181	 0.0026
 1.4600	 0.8656	 0.0024
 1.4650	 0.9664	 0.0023
 1.4700	 0.9665	 0.0023
 1.4750	 0.8550	 0.0024
 1.4800	 0.9925	 0.0027
 1.4850	 0.9849	 0.0027
 1.4900	 0.9785	 0.0022
 1.4950	 0.8527	 0.0014
 1.5000	 0.8970	 0.0028
 1.5050	 1.1321	 0.0035
 1.5100	 0.9757	 0.0021
 1.5150	 0.9663	 0.0018
 1.5200	 1.0734	 0.0026
 1.5250	 1.0207	 0.0028
 1.5300	 0.9889	 0.0028
 1.5350	 0.9719	 0.0027
 1.5400	 1.0029	 0.0025
 1.5450	 0.9241	 0.0023
 1.5500	 1.0297	 0.0024
 1.5550	 0.9245	 0.0026
 1.5600	 0.9560	 0.0027
 1.5650	 0.8474	 0.0025
 1.5700	 0.7907	 0.0018
 1.5750	 0.6813	 0.0021
 1.5800	 0.6931	 0.0036
 1.5850	 0.8230	 0.0034
 1.5900	 0.6910	 0.0019
 1.5950	 0.7087	 0.0021
 1.6000	 0.7723	 0.0029
 1.6050	 0.7048	 0.0032
 1.6100	 0.7022	 0.0031
 1.6150	 0.8289	 0.0029
 1.6200	 0.7930	 0.0027
 1.6250	 0.6950	 0.0025
 1.6300	 0.6923	 0.0023
 1.6350	 0.7055	 0.0026
 1.6400	 0.5983	 0.0027
 1.6450	 0.6924	 0.0029
 1.6500	 0.6108	 0.0025
 1.6550	 0.6887	 0.0018
 1.6600	 0.7795	 0.0017
 1.6650	 0.7190	 0.0033
 1.6700	 0.8347	 0.0036
 1.6750	 0.7338	 0.0023
 1.6800	 0.7188	 0.0017
 1.6850	 0.7797	 0.0027
 1.6900	 0.8307	 0.0030
 1.6950	 0.6977	 0.0032
 1.7000	 0.8200	 0.0031
 1.7050	 0.7483	 0.0029
 1.7100	 0.7746	 0.0028
 1.7150	 0.6820	 0.0025
 1.7200	 0.7002	 0.0025
 1.7250	 0.6938	 0.0026
 1.7300	 0.7067	 0.0026
 1.7350	 0.7050	 0.0029
 1.7400	 0.6843	 0.0030
 1.7450	 0.7021	 0.0026
 1.7500	 0.6401	 0.0019
 1.7550	 0.7286	 0.0017
 1.7600	 0.8078	 0.0033
 1.7650	 0.8555	 0.0038
 1.7700	 0.8462	 0.0028
 1.7750	 0.5691	 0.0018
 1.7800	 0.5669	 0.0025
 1.7850	 0.5471	 0.0030
 1.7900	 0.7222	 0.0031
 1.7950	 0.6910	 0.0035
 1.8000	 0.5975	 0.0037
 1.8050	 0.7337	 0.0040
 1.8100	 0.5145	 0.0041
 1.8150	 0.6673	 0.0038
 1.8200	 0.6768	 0.0038
 1.8250	 0.7228	 0.0042
 1.8300	 0.7717	 0.0041
 1.8350	 0.6071	 0.0041
 1.8400	 0.6979	 0.0058
 1.8450	 0.6832	 0.0062
 1.8500	 0.6825	 0.0063
 1.8550	 0.6785	 0.0051
 1.8600	 0.6341	 0.0040
 1.8650	 0.6267	 0.0055
 1.8700	 0.6757	 0.0097
 1.8750	 0.6000	 0.0070
 1.8800	 0.6524	 0.0038
 1.8850	 0.6950	 0.0033
 1.8900	 0.6932	 0.0033
 1.8950	 0.7334	 0.0038
 1.9000	 0.8147	 0.0048
 1.9050	 0.5929	 0.0048
 1.9100	 0.6630	 0.0041
 1.9150	 0.8027	 0.0047
 1.9200	 0.7327	 0.0054
 1.9250	 0.6122	 0.0049
 1.9300	 0.6817	 0.0039
 1.9350	 0.5322	 0.0034
 1.9400	 0.5079	 0.0029
 1.9450	 0.5527	 0.0031
 1.9500	 0.6680	 0.0041
 1.9550	 0.7603	 0.0046
 1.9600	 0.5408	 0.0044
 1.9650	 0.5169	 0.0042
 1.9700	 0.4658	 0.0041
 1.9750	 0.5656	 0.0035
 1.9800	 0.5034	 0.0027
 1.9850	 0.6508	 0.0022
 1.9900	 0.7375	 0.0027
 1.9950	 0.6605	 0.0055
 2.0000	 0.6659	 0.0086
 2.0050	 0.5036	 0.0079
 2.0100	 0.5348	 0.0054
 2.0150	 0.7767	 0.0045
 2.0200	 0.6923	 0.0044
 2.0250	 0.7007	 0.0041
 2.0300	 0.6288	 0.0040
 2.0350	 0.7177	 0.0042
 2.0400	 0.7651	 0.0041
 2.0450	 0.5683	 0.0041
 2.0500	 0.8771	 0.0049
 2.0550	 0.7267	 0.0050
 2.0600	 0.6324	 0.0040
 2.0650	 0.7446	 0.0038
 2.0700	 0.6026	 0.0039
 2.0750	 0.6043	 0.0035
 2.0800	 0.7416	 0.0030
 2.0850	 0.6757	 0.0033
 2.0900	 0.7096	 0.0031
 2.0950	 0.6879	 0.0028
 2.1000	 0.7466	 0.0030
 2.1050	 0.7524	 0.0036
 2.1100	 0.7713	 0.0038
 2.1150	 0.7429	 0.0038
 2.1200	 0.8477	 0.0038
 2.1250	 0.7889	 0.0037
 2.1300	 0.9069	 0.0035
 2.1350	 0.8544	 0.0032
 2.1400	 0.7673	 0.0030
 2.1450	 0.8570	 0.0038
 2.1500	 0.7561	 0.0048
 2.1550	 0.6495	 0.0049
 2.1600	 0.6618	 0.0041
 2.1650	 0.6765	 0.0037
 2.1700	 0.6558	 0.0038
 2.1750	 0.7317	 0.0042
 2.1800	 0.7935	 0.0046
 2.1850	 0.8045	 0.0047
 2.1900	 0.8167	 0.0046
 2.1950	 0.7485	 0.0050
 2.2000	 0.8093	 0.0052
 2.2050	 0.9844	 0.0051
 2.2100	 0.8658	 0.0052
 2.2150	 1.0074	 0.0053
 2.2200	 0.8809	 0.0051
 2.2250	 1.0146	 0.0049
 2.2300	 0.9154	 0.0051
 2.2350	 0.9295	 0.0056
 2.2400	 1.0631	 0.0056
 2.2450	 1.0422	 0.0054
 2.2500	 0.9038	 0.0053
 2.2550	 1.0150	 0.0057
 2.2600	 1.0409	 0.0058
 2.2650	 1.0667	 0.0059
 2.2700	 1.0151	 0.0059
 2.2750	 0.9550	 0.0061
 2.2800	 1.0128	 0.0063
 2.4500	 1.0128	 0.0063
