 0.8000	 1.0155	 0.0271
 0.8050	 1.0053	 0.0262
 0.8100	 1.0248	 0.0251
 0.8150	 1.0189	 0.0230
 0.8200	 1.0182	 0.0213
 0.8250	 0.9898	 0.0209
 0.8300	 0.9809	 0.0198
 0.8350	 0.9742	 0.0190
 0.8400	 0.9783	 0.0198
 0.8450	 0.9773	 0.0202
 0.8500	 0.9668	 0.0187
 0.8550	 0.9535	 0.0191
 0.8600	 0.9484	 0.0190
 0.8650	 0.9439	 0.0195
 0.8700	 0.9386	 0.0195
 0.8750	 0.9275	 0.0197
 0.8800	 0.9136	 0.0184
 0.8850	 0.9078	 0.0174
 0.8900	 0.9053	 0.0177
 0.8950	 0.8986	 0.0173
 0.9000	 0.8900	 0.0160
 0.9050	 0.8870	 0.0162
 0.9100	 0.8895	 0.0152
 0.9150	 0.8913	 0.0155
 0.9200	 0.8896	 0.0150
 0.9250	 0.8807	 0.0163
 0.9300	 0.8804	 0.0162
 0.9350	 0.8769	 0.0164
 0.9400	 0.8711	 0.0166
 0.9450	 0.8721	 0.0178
 0.9500	 0.8638	 0.0160
 0.9550	 0.8506	 0.0161
 0.9600	 0.8533	 0.0159
 0.9650	 0.8638	 0.0160
 0.9700	 0.8689	 0.0140
 0.9750	 0.8661	 0.0151
 0.9800	 0.8612	 0.0147
 0.9850	 0.8628	 0.0137
 0.9900	 0.8627	 0.0153
 0.9950	 0.8508	 0.0161
 1.0000	 0.8516	 0.0132
 1.0050	 0.8630	 0.0139
 1.0100	 0.8572	 0.0153
 1.0150	 0.8499	 0.0143
 1.0200	 0.8598	 0.0132
 1.0250	 0.8683	 0.0138
 1.0300	 0.8579	 0.0141
 1.0350	 0.8485	 0.0130
 1.0400	 0.8494	 0.0132
 1.0450	 0.8447	 0.0142
 1.0500	 0.8632	 0.0158
 1.0550	 0.8584	 0.0134
 1.0600	 0.8665	 0.0131
 1.0650	 0.8707	 0.0148
 1.0700	 0.8826	 0.0137
 1.0750	 0.9032	 0.0142
 1.0800	 0.9075	 0.0132
 1.0850	 0.8970	 0.0138
 1.0900	 0.9061	 0.0156
 1.0950	 0.9141	 0.0145
 1.1000	 0.9074	 0.0150
 1.1050	 0.9076	 0.0163
 1.1100	 0.9240	 0.0164
 1.1150	 0.9232	 0.0158
 1.1200	 0.9108	 0.0181
 1.1250	 0.9137	 0.0180
 1.1300	 0.9356	 0.0193
 1.1350	 0.9563	 0.0174
 1.1400	 0.9604	 0.0175
 1.1450	 0.9660	 0.0183
 1.1500	 0.9588	 0.0185
 1.1550	 1.0007	 0.0192
 1.1600	 0.9980	 0.0183
 1.1650	 0.9768	 0.0168
 1.1700	 0.9775	 0.0173
 1.1750	 0.9755	 0.0158
 1.1800	 0.9808	 0.0165
 1.1850	 0.9885	 0.0169
 1.1900	 0.9927	 0.0161
 1.1950	 0.9893	 0.0162
 1.2000	 0.9966	 0.0174
 1.2050	 1.0100	 0.0156
 1.2100	 1.0120	 0.0170
 1.2150	 1.0016	 0.0162
 1.2200	 1.0394	 0.0175
 1.2250	 1.0236	 0.0179
 1.2300	 1.0217	 0.0163
 1.2350	 1.0243	 0.0164
 1.2400	 1.0287	 0.0173
 1.2450	 1.0235	 0.0166
 1.2500	 1.0192	 0.0162
 1.2550	 1.0277	 0.0171
 1.2600	 1.0482	 0.0170
 1.2650	 1.0551	 0.0165
 1.2700	 1.0502	 0.0171
 1.2750	 1.0219	 0.0192
 1.2850	 1.0827	 0.0197
 1.2900	 1.0596	 0.0184
 1.2950	 1.0589	 0.0161
 1.3000	 1.0601	 0.0171
 1.3050	 1.0580	 0.0172
 1.3100	 1.0492	 0.0162
 1.3150	 1.0422	 0.0175
 1.3200	 1.0519	 0.0175
 1.3250	 1.0615	 0.0180
 1.3300	 1.0529	 0.0191
 1.3350	 1.0449	 0.0181
 1.3400	 1.0583	 0.0203
 1.3450	 1.0717	 0.0250
 1.3500	 1.0768	 0.0320
 1.3650	 1.0889	 0.0631
 1.3700	 1.1171	 0.0775
 1.3750	 1.1810	 0.0444
 1.3800	 1.1394	 0.0389
 1.3850	 1.1428	 0.0514
 1.3900	 1.1483	 0.0536
 1.3950	 1.1860	 0.0341
 1.4000	 1.1455	 0.0434
 1.4050	 1.1081	 0.0430
 1.4100	 1.1042	 0.0364
 1.4150	 1.1333	 0.0340
 1.4200	 1.1546	 0.0325
 1.4250	 1.1521	 0.0278
 1.4300	 1.1160	 0.0302
 1.4400	 1.2133	 0.0242
 1.4450	 1.1683	 0.0242
 1.4500	 1.1699	 0.0242
 1.4550	 1.1424	 0.0240
 1.4600	 1.2184	 0.0220
 1.4650	 1.1715	 0.0226
 1.4700	 1.1841	 0.0226
 1.4750	 1.1923	 0.0238
 1.4800	 1.1745	 0.0227
 1.4850	 1.1585	 0.0221
 1.4900	 1.1759	 0.0212
 1.4950	 1.1611	 0.0214
 1.5000	 1.1532	 0.0203
 1.5050	 1.1878	 0.0217
 1.5100	 1.1959	 0.0194
 1.5150	 1.1795	 0.0192
 1.5200	 1.1599	 0.0208
 1.5250	 1.1585	 0.0199
 1.5300	 1.1891	 0.0207
 1.5350	 1.2047	 0.0219
 1.5400	 1.1996	 0.0208
 1.5450	 1.2416	 0.0213
 1.5500	 1.2327	 0.0214
 1.5550	 1.2463	 0.0231
 1.5600	 1.2363	 0.0226
 1.5650	 1.2168	 0.0228
 1.5700	 1.2319	 0.0243
 1.5750	 1.2152	 0.0223
 1.5800	 1.2169	 0.0218
 1.5850	 1.2084	 0.0206
 1.5900	 1.1835	 0.0209
 1.5950	 1.2147	 0.0227
 1.6000	 1.2250	 0.0215
 1.6050	 1.2351	 0.0221
 1.6100	 1.2553	 0.0241
 1.6150	 1.2638	 0.0225
 1.6200	 1.2581	 0.0209
 1.6250	 1.2443	 0.0231
 1.6300	 1.2443	 0.0229
 1.6350	 1.2527	 0.0216
 1.6400	 1.2476	 0.0216
 1.6450	 1.2405	 0.0247
 1.6500	 1.2359	 0.0238
 1.6550	 1.2380	 0.0256
 1.6600	 1.2743	 0.0241
 1.6650	 1.2654	 0.0225
 1.6700	 1.2500	 0.0223
 1.6750	 1.2434	 0.0245
 1.6800	 1.2300	 0.0234
 1.6850	 1.2435	 0.0230
 1.6900	 1.2430	 0.0230
 1.6950	 1.2130	 0.0213
 1.7000	 1.1930	 0.0236
 1.7100	 1.2757	 0.0286
 1.7150	 1.2392	 0.0277
 1.7200	 1.2344	 0.0248
 1.7250	 1.2057	 0.0254
 1.7300	 1.1985	 0.0269
 1.7350	 1.2338	 0.0263
 1.7400	 1.2119	 0.0256
 1.7450	 1.1642	 0.0241
 1.7500	 1.1621	 0.0234
 1.7550	 1.1580	 0.0256
 1.7600	 1.1783	 0.0256
 1.7650	 1.2016	 0.0262
 1.7700	 1.1767	 0.0265
 1.7750	 1.1813	 0.0279
 1.7800	 1.2191	 0.0267
 1.7850	 1.1963	 0.0273
 1.7900	 1.1511	 0.0254
 1.7950	 1.1825	 0.0337
 1.8000	 1.2296	 0.0336
 1.8050	 1.1392	 0.0334
 1.8100	 1.1167	 0.0364
 1.8150	 1.1441	 0.0402
 1.8200	 1.1626	 0.0425
 1.8250	 1.1040	 0.0500
 1.8300	 1.1136	 0.0622
 1.8350	 1.1700	 0.0712
 1.8400	 1.1699	 0.0838
 1.8450	 1.1262	 0.1234
 1.8600	 1.1733	 0.1090
 1.8650	 1.2237	 0.0965
 1.8750	 1.2205	 0.0808
 1.8800	 1.1393	 0.1377
 1.8900	 1.1749	 0.0696
 1.8950	 1.1962	 0.0651
 1.9000	 1.2100	 0.0763
 1.9050	 1.1524	 0.0820
 1.9100	 1.1592	 0.0870
 1.9150	 1.2052	 0.0945
 1.9200	 1.1465	 0.0746
 1.9250	 1.1220	 0.0800
 1.9300	 1.1717	 0.0647
 1.9350	 1.1937	 0.0585
 1.9400	 1.1824	 0.0526
 1.9450	 1.1952	 0.0468
 1.9500	 1.1449	 0.0459
 1.9550	 1.1887	 0.0490
 1.9600	 1.2153	 0.0463
 1.9650	 1.1584	 0.0463
 1.9700	 1.1210	 0.0424
 1.9750	 1.1568	 0.0420
 1.9800	 1.1674	 0.0366
 1.9850	 1.1252	 0.0380
 1.9900	 1.0832	 0.0315
 1.9950	 1.0964	 0.0335
 2.0000	 1.0928	 0.0359
 2.0050	 1.1192	 0.0522
 2.0100	 1.1165	 0.0521
 2.0150	 1.0888	 0.0487
 2.0200	 1.1017	 0.0467
 2.0300	 1.1066	 0.0446
 2.0400	 1.1293	 0.0352
 2.0450	 1.1297	 0.0348
 2.0500	 1.0989	 0.0358
 2.0550	 1.1519	 0.0383
 2.0600	 1.1323	 0.0366
 2.0650	 1.1437	 0.0370
 2.0700	 1.1784	 0.0423
 2.0750	 1.1660	 0.0353
 2.0800	 1.1398	 0.0327
 2.0850	 1.1577	 0.0347
 2.0900	 1.1694	 0.0347
 2.0950	 1.1696	 0.0386
 2.1000	 1.1497	 0.0355
 2.1050	 1.1287	 0.0315
 2.1100	 1.1207	 0.0320
 2.1150	 1.1434	 0.0356
 2.1200	 1.1672	 0.0335
 2.1250	 1.1856	 0.0344
 2.1300	 1.1285	 0.0340
 2.1350	 1.1145	 0.0328
 2.1400	 1.1294	 0.0347
 2.1450	 1.1466	 0.0370
 2.1500	 1.1362	 0.0347
 2.1550	 1.1473	 0.0368
 2.1600	 1.1372	 0.0345
 2.1650	 1.1401	 0.0431
 2.1700	 1.1443	 0.0383
 2.1750	 1.1267	 0.0390
 2.1800	 1.1535	 0.0395
 2.1850	 1.1757	 0.0397
 2.1900	 1.1448	 0.0399
 2.1950	 1.1283	 0.0411
 2.2100	 1.1931	 0.0447
 2.2150	 1.1183	 0.0404
 2.2200	 1.1513	 0.0440
 2.2250	 1.1718	 0.0469
 2.2300	 1.1921	 0.0461
 2.2350	 1.2224	 0.0455
 2.2400	 1.2422	 0.0504
 2.2450	 1.2145	 0.0454
 2.2500	 1.1933	 0.0446
 2.2550	 1.1960	 0.0432
 2.2600	 1.1900	 0.0456
 2.2650	 1.1798	 0.0501
 2.2700	 1.1953	 0.0514
 2.2750	 1.1911	 0.0470
 2.2800	 1.1707	 0.0470
 2.2850	 1.1860	 0.0504
 2.2900	 1.2281	 0.0497
 2.2950	 1.2212	 0.0493
 2.3000	 1.1953	 0.0471
 2.3050	 1.1494	 0.0465
 2.3100	 1.1709	 0.0487
 2.3150	 1.1540	 0.0550
 2.3200	 1.1819	 0.0480
 2.3250	 1.1720	 0.0520
 2.3300	 1.1739	 0.0487
 2.3350	 1.2009	 0.0472
 2.3400	 1.2101	 0.0511
 2.3450	 1.1777	 0.0541
 2.3500	 1.1635	 0.0578
 2.3550	 1.1924	 0.0515
 2.3600	 1.2132	 0.0613
 2.3650	 1.1830	 0.0530
 2.3700	 1.1526	 0.0538
 2.3750	 1.1837	 0.0539
 2.3800	 1.2089	 0.0540
 2.3850	 1.2001	 0.0531
 2.3900	 1.1377	 0.0575
 2.3950	 1.1651	 0.0565
 2.4000	 1.1865	 0.0576
 2.4050	 1.1699	 0.0558
 2.4500	 1.2029	 0.1000
