 0.8150	 0.8579	 0.0027
 0.8200	 0.9322	 0.0027
 0.8250	 0.9289	 0.0025
 0.8300	 0.8821	 0.0025
 0.8350	 0.8131	 0.0024
 0.8400	 0.8387	 0.0022
 0.8450	 0.8771	 0.0022
 0.8500	 0.9050	 0.0022
 0.8550	 0.8181	 0.0022
 0.8600	 0.9529	 0.0020
 0.8650	 0.8864	 0.0021
 0.8700	 0.8208	 0.0019
 0.8750	 0.7155	 0.0020
 0.8800	 0.7836	 0.0019
 0.8850	 0.8480	 0.0019
 0.8900	 0.7948	 0.0019
 0.8950	 0.9617	 0.0020
 0.9000	 0.8961	 0.0021
 0.9050	 0.8372	 0.0018
 0.9100	 0.7996	 0.0019
 0.9150	 0.7587	 0.0018
 0.9200	 0.9057	 0.0017
 0.9250	 0.9508	 0.0017
 0.9500	 0.8610	 0.0023
 0.9550	 0.7386	 0.0022
 0.9600	 0.7681	 0.0018
 0.9650	 0.7717	 0.0016
 0.9700	 0.8406	 0.0015
 0.9750	 0.8121	 0.0014
 0.9800	 0.7886	 0.0014
 0.9850	 0.7949	 0.0013
 0.9900	 0.8862	 0.0013
 0.9950	 0.8701	 0.0015
 1.0000	 0.8463	 0.0014
 1.0050	 0.8501	 0.0013
 1.0100	 0.8779	 0.0013
 1.0150	 0.8522	 0.0013
 1.0200	 0.8367	 0.0014
 1.0250	 0.7786	 0.0012
 1.0300	 0.8495	 0.0014
 1.0350	 0.8950	 0.0012
 1.0400	 0.9103	 0.0013
 1.0450	 0.9229	 0.0012
 1.0500	 0.8749	 0.0011
 1.0550	 0.9329	 0.0010
 1.0600	 0.8400	 0.0009
 1.0650	 0.8665	 0.0009
 1.0700	 0.8655	 0.0012
 1.0750	 0.9514	 0.0013
 1.0800	 0.9131	 0.0011
 1.0850	 0.9105	 0.0014
 1.0900	 0.8957	 0.0012
 1.0950	 0.9352	 0.0014
 1.1000	 0.9003	 0.0013
 1.1050	 0.9088	 0.0012
 1.1650	 1.0263	 0.0012
 1.1700	 0.9900	 0.0011
 1.1750	 0.9934	 0.0009
 1.1800	 0.9545	 0.0009
 1.1850	 0.9969	 0.0008
 1.1900	 0.9831	 0.0008
 1.1950	 0.9766	 0.0009
 1.2000	 0.9427	 0.0014
 1.2050	 1.0000	 0.0011
 1.2100	 0.9869	 0.0013
 1.2150	 1.0752	 0.0013
 1.2200	 0.9985	 0.0011
 1.2250	 1.0696	 0.0013
 1.2300	 1.0699	 0.0012
 1.2350	 1.0368	 0.0011
 1.2400	 1.0805	 0.0009
 1.2450	 1.0333	 0.0008
 1.2500	 1.0496	 0.0008
 1.2550	 1.0119	 0.0008
 1.2600	 1.0956	 0.0010
 1.2650	 0.9817	 0.0014
 1.2700	 1.1575	 0.0018
 1.2750	 1.1611	 0.0018
 1.2800	 1.1334	 0.0016
 1.2850	 1.1164	 0.0012
 1.2900	 1.0010	 0.0015
 1.2950	 1.0185	 0.0011
 1.3000	 1.0319	 0.0013
 1.3050	 1.2437	 0.0014
 1.3100	 1.1515	 0.0013
 1.3150	 1.1319	 0.0011
 1.3200	 1.1175	 0.0011
 1.3250	 1.2424	 0.0010
 1.3300	 1.1975	 0.0009
 1.3350	 1.2200	 0.0009
 1.4750	 1.3781	 0.0022
 1.4800	 1.4206	 0.0025
 1.4850	 1.3760	 0.0025
 1.4900	 1.3594	 0.0021
 1.4950	 1.3816	 0.0012
 1.5000	 1.3160	 0.0017
 1.5050	 1.2858	 0.0026
 1.5100	 1.2798	 0.0019
 1.5150	 1.2976	 0.0011
 1.5200	 1.1225	 0.0017
 1.5250	 1.2982	 0.0019
 1.5300	 1.2201	 0.0019
 1.5350	 1.2212	 0.0018
 1.5400	 1.3164	 0.0016
 1.5450	 1.4031	 0.0015
 1.5500	 1.4527	 0.0014
 1.5550	 1.2710	 0.0016
 1.5600	 1.2744	 0.0017
 1.5650	 1.2321	 0.0017
 1.5700	 1.5249	 0.0013
 1.5750	 1.3563	 0.0011
 1.5800	 1.3951	 0.0022
 1.5850	 1.2760	 0.0024
 1.5900	 1.2135	 0.0015
 1.5950	 1.3809	 0.0012
 1.6000	 1.3528	 0.0018
 1.6050	 1.3218	 0.0021
 1.6100	 1.4477	 0.0021
 1.6150	 1.4439	 0.0020
 1.6200	 1.4389	 0.0018
 1.6250	 1.4672	 0.0017
 1.6300	 1.4684	 0.0015
 1.6350	 1.4655	 0.0016
 1.6400	 1.5024	 0.0017
 1.6450	 1.5105	 0.0018
 1.6500	 1.4569	 0.0017
 1.6550	 1.4111	 0.0013
 1.6600	 1.4219	 0.0010
 1.6650	 1.3416	 0.0021
 1.6700	 1.4523	 0.0025
 1.6750	 1.3325	 0.0017
 1.6800	 1.4335	 0.0011
 1.6850	 1.3904	 0.0017
 1.6900	 1.2027	 0.0020
 1.6950	 1.0886	 0.0021
 1.7000	 1.1272	 0.0020
 1.7200	 1.2594	 0.0016
 1.7250	 1.2074	 0.0017
 1.7300	 1.3468	 0.0017
 1.7350	 1.5344	 0.0020
 1.7400	 1.3996	 0.0021
 1.7450	 1.4008	 0.0019
 1.7500	 1.3992	 0.0014
 1.7550	 1.3299	 0.0013
 1.7600	 1.5037	 0.0024
 1.7650	 1.3875	 0.0028
 1.7700	 1.3656	 0.0020
 2.0450	 1.5518	 0.0031
 2.0500	 1.6465	 0.0039
 2.0550	 1.8199	 0.0039
 2.0600	 1.6152	 0.0032
 2.0650	 1.1923	 0.0033
 2.0700	 1.4418	 0.0032
 2.0750	 1.2875	 0.0028
 2.0800	 1.5091	 0.0025
 2.0850	 1.3334	 0.0026
 2.0900	 1.4913	 0.0025
 2.0950	 1.4621	 0.0024
 2.1000	 1.4459	 0.0025
 2.1050	 1.4097	 0.0028
 2.1100	 1.1977	 0.0030
 2.1150	 1.2370	 0.0030
 2.1200	 1.1286	 0.0031
 2.1250	 1.1239	 0.0030
 2.1300	 1.0402	 0.0028
 2.1350	 1.0282	 0.0026
 2.1400	 1.0676	 0.0025
 2.1450	 1.5481	 0.0029
 2.1500	 1.4026	 0.0037
 2.1550	 1.5452	 0.0040
 2.1600	 1.8714	 0.0036
 2.1650	 1.7676	 0.0032
 2.1700	 1.7988	 0.0034
 2.1750	 1.8012	 0.0035
 2.1800	 1.9125	 0.0038
 2.1850	 1.9348	 0.0040
 2.1900	 2.0315	 0.0041
 2.1950	 2.0354	 0.0042
 2.2000	 2.2148	 0.0043
 2.2050	 2.1390	 0.0045
 2.2100	 1.9390	 0.0044
 2.2150	 1.7877	 0.0045
 2.2200	 1.7362	 0.0045
 2.2250	 1.8135	 0.0043
 2.2300	 1.8325	 0.0042
 2.2350	 1.6679	 0.0045
 2.2400	 1.2939	 0.0047
 2.2450	 1.4064	 0.0047
 2.2500	 1.3005	 0.0046
 2.2550	 1.3686	 0.0047
 2.2600	 1.6746	 0.0049
 2.2650	 1.9833	 0.0050
 2.2700	 2.2079	 0.0051
 2.2750	 1.8503	 0.0053
 2.2800	 1.8040	 0.0055
 2.2850	 1.9474	 0.0057
 2.2900	 1.7097	 0.0058
 2.2950	 1.8292	 0.0058
 2.3000	 1.9855	 0.0059
 2.3050	 2.0331	 0.0061
