 0.7800	 1.2827	 0.0230
 0.7850	 1.3197	 0.0231
 0.7900	 1.2981	 0.0226
 0.7950	 1.3021	 0.0225
 0.8000	 1.2917	 0.0216
 0.8050	 1.2618	 0.0210
 0.8100	 1.2255	 0.0208
 0.8150	 1.2203	 0.0207
 0.8200	 1.1914	 0.0185
 0.8250	 1.1997	 0.0196
 0.8300	 1.1881	 0.0192
 0.8350	 1.1838	 0.0189
 0.8400	 1.1676	 0.0186
 0.8450	 1.1626	 0.0186
 0.8500	 1.1392	 0.0180
 0.8550	 1.1305	 0.0180
 0.8600	 1.1243	 0.0177
 0.8650	 1.1163	 0.0179
 0.8700	 1.1057	 0.0173
 0.8750	 1.0891	 0.0169
 0.8800	 1.0752	 0.0169
 0.8850	 1.0638	 0.0161
 0.8900	 1.0519	 0.0164
 0.8950	 1.0630	 0.0162
 0.9000	 1.0538	 0.0156
 0.9050	 1.0199	 0.0152
 0.9100	 1.0055	 0.0151
 0.9150	 1.0033	 0.0150
 0.9200	 1.0014	 0.0147
 0.9250	 1.0101	 0.0150
 0.9300	 1.0136	 0.0157
 0.9350	 0.9957	 0.0151
 0.9400	 0.9945	 0.0153
 0.9450	 0.9845	 0.0158
 0.9500	 0.9707	 0.0144
 0.9550	 0.9853	 0.0146
 0.9600	 0.9976	 0.0157
 0.9650	 1.0026	 0.0153
 0.9700	 0.9972	 0.0134
 0.9750	 0.9873	 0.0132
 0.9800	 0.9927	 0.0130
 0.9850	 0.9923	 0.0127
 0.9900	 0.9892	 0.0126
 0.9950	 0.9860	 0.0125
 1.0000	 1.0015	 0.0125
 1.0050	 1.0058	 0.0130
 1.0100	 0.9949	 0.0121
 1.0150	 0.9934	 0.0122
 1.0200	 1.0063	 0.0123
 1.0250	 1.0033	 0.0120
 1.0300	 0.9891	 0.0118
 1.0350	 0.9736	 0.0118
 1.0400	 0.9906	 0.0121
 1.0450	 0.9900	 0.0116
 1.0500	 0.9981	 0.0116
 1.0550	 1.0099	 0.0116
 1.0600	 1.0286	 0.0116
 1.0650	 1.0323	 0.0119
 1.0700	 1.0229	 0.0118
 1.0750	 1.0279	 0.0118
 1.0800	 1.0301	 0.0115
 1.0850	 1.0289	 0.0118
 1.0900	 1.0647	 0.0121
 1.0950	 1.0627	 0.0119
 1.1000	 1.0783	 0.0123
 1.1050	 1.0827	 0.0125
 1.1100	 1.0645	 0.0117
 1.1150	 1.0860	 0.0120
 1.1200	 1.0971	 0.0123
 1.1250	 1.1140	 0.0128
 1.1300	 1.1076	 0.0133
 1.1350	 1.0958	 0.0135
 1.1400	 1.1098	 0.0129
 1.1450	 1.1247	 0.0126
 1.1500	 1.1463	 0.0127
 1.1550	 1.1423	 0.0128
 1.1600	 1.1603	 0.0123
 1.1650	 1.1797	 0.0130
 1.1700	 1.1851	 0.0127
 1.1750	 1.1789	 0.0117
 1.1800	 1.1888	 0.0116
 1.1850	 1.1973	 0.0114
 1.1900	 1.1949	 0.0115
 1.1950	 1.1909	 0.0122
 1.2000	 1.1995	 0.0119
 1.2050	 1.2330	 0.0116
 1.2100	 1.2157	 0.0115
 1.2150	 1.2181	 0.0116
 1.2200	 1.2425	 0.0127
 1.2250	 1.2282	 0.0139
 1.2300	 1.2294	 0.0127
 1.2350	 1.2373	 0.0115
 1.2400	 1.2509	 0.0116
 1.2450	 1.2491	 0.0115
 1.2500	 1.2513	 0.0117
 1.2550	 1.2461	 0.0119
 1.2600	 1.2492	 0.0120
 1.2650	 1.2750	 0.0126
 1.2700	 1.2514	 0.0131
 1.2750	 1.2389	 0.0129
 1.2800	 1.2562	 0.0119
 1.2850	 1.2754	 0.0120
 1.2900	 1.2912	 0.0124
 1.2950	 1.3069	 0.0132
 1.3000	 1.3003	 0.0124
 1.3050	 1.3054	 0.0125
 1.3100	 1.3006	 0.0125
 1.3150	 1.3276	 0.0134
 1.3200	 1.3159	 0.0126
 1.3250	 1.3354	 0.0129
 1.3300	 1.3252	 0.0129
 1.3350	 1.3311	 0.0133
 1.3400	 1.3554	 0.0143
 1.3450	 1.3479	 0.0162
 1.3500	 1.3692	 0.0232
 1.3550	 1.3657	 0.0235
 1.3600	 1.3668	 0.0270
 1.3650	 1.3561	 0.0285
 1.3700	 1.3908	 0.0284
 1.3750	 1.4412	 0.0275
 1.3800	 1.4067	 0.0266
 1.3850	 1.3980	 0.0251
 1.3900	 1.4045	 0.0258
 1.3950	 1.3955	 0.0218
 1.4000	 1.4339	 0.0233
 1.4050	 1.4115	 0.0241
 1.4100	 1.4350	 0.0214
 1.4150	 1.4327	 0.0194
 1.4200	 1.4257	 0.0198
 1.4250	 1.4361	 0.0188
 1.4300	 1.4543	 0.0181
 1.4350	 1.4635	 0.0193
 1.4400	 1.4978	 0.0193
 1.4450	 1.5472	 0.0202
 1.4550	 1.5045	 0.0169
 1.4600	 1.5063	 0.0170
 1.4650	 1.5195	 0.0176
 1.4700	 1.5172	 0.0171
 1.4750	 1.5167	 0.0171
 1.4800	 1.5141	 0.0169
 1.4850	 1.5251	 0.0174
 1.4900	 1.5525	 0.0179
 1.4950	 1.5437	 0.0164
 1.5000	 1.5651	 0.0223
 1.5050	 1.5387	 0.0164
 1.5100	 1.5575	 0.0160
 1.5150	 1.5364	 0.0171
 1.5200	 1.5066	 0.0180
 1.5250	 1.5778	 0.0173
 1.5300	 1.5866	 0.0173
 1.5600	 1.5483	 0.0169
 1.5650	 1.5567	 0.0168
 1.5700	 1.5450	 0.0209
 1.5750	 1.5519	 0.0207
 1.5800	 1.5707	 0.0178
 1.5850	 1.5600	 0.0185
 1.5900	 1.5439	 0.0193
 1.5950	 1.5648	 0.0204
 1.6050	 1.5616	 0.0192
 1.6100	 1.5048	 0.0189
 1.6150	 1.5455	 0.0181
 1.6200	 1.5758	 0.0177
 1.6250	 1.5503	 0.0200
 1.6300	 1.5332	 0.0189
 1.6350	 1.5876	 0.0182
 1.6450	 1.5824	 0.0197
 1.6500	 1.5347	 0.0187
 1.6550	 1.5069	 0.0195
 1.6600	 1.5719	 0.0194
 1.6650	 1.5686	 0.0200
 1.6700	 1.5492	 0.0191
 1.6750	 1.5181	 0.0189
 1.6800	 1.5453	 0.0191
 1.6850	 1.5314	 0.0192
 1.6900	 1.5499	 0.0219
 1.6950	 1.5004	 0.0213
 1.7000	 1.5335	 0.0205
 1.7050	 1.5548	 0.0208
 1.7100	 1.4801	 0.0201
 1.7150	 1.4714	 0.0200
 1.7200	 1.5319	 0.0197
 1.7250	 1.5169	 0.0206
 1.7300	 1.4878	 0.0205
 1.7350	 1.4856	 0.0205
 1.7400	 1.4452	 0.0210
 1.7450	 1.4652	 0.0223
 1.7500	 1.5313	 0.0228
 1.7550	 1.5236	 0.0207
 1.7600	 1.4593	 0.0222
 1.7650	 1.4449	 0.0223
 1.7700	 1.4914	 0.0220
 1.7750	 1.4653	 0.0248
 1.7800	 1.4737	 0.0241
 1.7850	 1.4159	 0.0232
 1.7900	 1.3661	 0.0232
 1.7950	 1.3760	 0.0240
 1.8000	 1.4107	 0.0236
 1.8050	 1.4560	 0.0261
 1.8100	 1.5193	 0.0297
 1.8150	 1.5016	 0.0319
 1.8200	 1.4867	 0.0323
 1.8250	 1.4980	 0.0367
 1.8300	 1.4603	 0.0394
 1.8350	 1.4708	 0.0458
 1.8400	 1.4821	 0.0585
 1.8450	 1.3868	 0.0560
 1.8500	 1.3372	 0.0492
 1.8550	 1.3633	 0.0648
 1.8600	 1.4698	 0.0624
 1.8650	 1.4872	 0.0540
 1.8700	 1.4532	 0.0580
 1.8750	 1.3975	 0.0633
 1.8800	 1.4496	 0.0488
 1.8850	 1.4525	 0.0558
 1.8900	 1.3745	 0.0439
 1.8950	 1.3627	 0.0411
 1.9000	 1.3726	 0.0480
 1.9050	 1.4070	 0.0537
 1.9100	 1.4304	 0.0543
 1.9150	 1.4092	 0.0514
 1.9200	 1.4018	 0.0462
 1.9250	 1.3846	 0.0410
 1.9300	 1.3646	 0.0383
 1.9350	 1.4463	 0.0359
 1.9400	 1.4862	 0.0385
 1.9450	 1.4494	 0.0338
 1.9500	 1.4703	 0.0386
 1.9600	 1.4216	 0.0370
 1.9650	 1.4422	 0.0408
 1.9700	 1.4874	 0.0408
 1.9750	 1.4172	 0.0331
 1.9800	 1.3804	 0.0286
 1.9850	 1.4285	 0.0297
 1.9950	 1.3424	 0.0314
 2.0000	 1.3908	 0.0335
 2.0050	 1.3557	 0.0391
 2.0100	 1.3652	 0.0466
 2.0150	 1.4068	 0.0469
 2.0200	 1.4421	 0.0417
 2.0250	 1.4015	 0.0353
 2.0300	 1.3742	 0.0295
 2.0350	 1.4159	 0.0313
 2.0400	 1.4049	 0.0317
 2.0450	 1.3950	 0.0294
 2.0500	 1.4401	 0.0404
 2.0550	 1.3757	 0.0351
 2.0600	 1.4398	 0.0351
 2.0650	 1.4789	 0.0361
 2.0700	 1.4669	 0.0358
 2.0750	 1.4174	 0.0385
 2.0800	 1.4636	 0.0318
 2.0850	 1.4333	 0.0315
 2.0900	 1.4697	 0.0317
 2.0950	 1.4714	 0.0339
 2.1000	 1.4650	 0.0312
 2.1050	 1.3955	 0.0316
 2.1150	 1.4111	 0.0332
 2.1200	 1.3880	 0.0305
 2.1250	 1.4252	 0.0309
 2.1300	 1.4610	 0.0319
 2.1350	 1.4698	 0.0323
 2.1400	 1.5155	 0.0329
 2.1450	 1.5247	 0.0349
 2.1500	 1.4760	 0.0341
 2.1550	 1.4433	 0.0395
 2.1600	 1.4814	 0.0371
 2.1650	 1.4699	 0.0341
 2.1700	 1.4502	 0.0347
 2.1750	 1.4136	 0.0345
 2.1800	 1.4880	 0.0372
 2.1850	 1.4944	 0.0361
 2.1900	 1.4777	 0.0383
 2.1950	 1.5046	 0.0369
 2.2000	 1.5367	 0.0397
 2.2050	 1.4720	 0.0390
 2.2100	 1.4037	 0.0378
 2.2150	 1.5028	 0.0360
 2.2200	 1.5322	 0.0387
 2.2250	 1.5169	 0.0388
 2.2300	 1.4937	 0.0436
 2.2350	 1.5129	 0.0406
 2.2400	 1.5311	 0.0397
 2.2450	 1.5319	 0.0415
 2.2500	 1.5020	 0.0399
 2.2550	 1.5399	 0.0404
 2.2600	 1.5291	 0.0404
 2.2650	 1.5439	 0.0463
 2.2700	 1.5008	 0.0452
 2.2750	 1.4700	 0.0435
 2.2800	 1.5344	 0.0448
 2.2850	 1.4988	 0.0415
 2.2900	 1.4808	 0.0463
 2.2950	 1.5195	 0.0478
 2.3000	 1.6120	 0.0454
 2.3050	 1.5412	 0.0505
 2.3100	 1.5659	 0.0506
 2.3150	 1.5515	 0.0490
 2.3200	 1.6031	 0.0487
 2.3250	 1.5956	 0.0488
 2.3300	 1.5127	 0.0502
 2.3400	 1.4993	 0.0517
 2.3450	 1.5228	 0.0583
 2.3500	 1.5157	 0.0578
 2.3550	 1.5155	 0.0516
 2.3600	 1.5170	 0.0529
 2.3650	 1.5634	 0.0568
 2.3700	 1.5231	 0.0554
 2.3750	 1.4695	 0.0552
 2.3800	 1.4738	 0.0567
 2.3900	 1.5269	 0.0510
 2.4000	 1.5853	 0.0531
 2.4050	 1.5689	 0.0614
 2.4100	 1.5892	 0.0655
 2.4150	 1.4835	 0.0635
 2.4200	 1.6072	 0.0604
 2.4250	 1.5404	 0.0581
 2.4300	 1.5440	 0.0587
 2.4350	 1.5720	 0.0616
 2.4400	 1.5040	 0.0565
 2.4450	 1.5630	 0.0618
 2.4500	 1.5800	 0.1000
