 0.8200	 0.9383	 0.0164
 0.8250	 0.9467	 0.0154
 0.8300	 0.9391	 0.0149
 0.8350	 0.9232	 0.0146
 0.8400	 0.9259	 0.0144
 0.8450	 0.9405	 0.0147
 0.8500	 0.9068	 0.0137
 0.8550	 0.8844	 0.0141
 0.8600	 0.8800	 0.0145
 0.8650	 0.8674	 0.0145
 0.8700	 0.8593	 0.0143
 0.8750	 0.8723	 0.0141
 0.8800	 0.8752	 0.0136
 0.8850	 0.8530	 0.0128
 0.8900	 0.8454	 0.0123
 0.8950	 0.8598	 0.0120
 0.9000	 0.8415	 0.0116
 0.9050	 0.8363	 0.0114
 0.9100	 0.8406	 0.0114
 0.9150	 0.8589	 0.0114
 0.9200	 0.8582	 0.0115
 0.9250	 0.8484	 0.0116
 0.9300	 0.8369	 0.0121
 0.9350	 0.8135	 0.0129
 0.9400	 0.8320	 0.0126
 0.9450	 0.8519	 0.0136
 0.9500	 0.8353	 0.0132
 0.9550	 0.8196	 0.0123
 0.9600	 0.8438	 0.0118
 0.9650	 0.8399	 0.0110
 0.9700	 0.8300	 0.0103
 0.9750	 0.8416	 0.0099
 0.9800	 0.8503	 0.0096
 0.9850	 0.8556	 0.0093
 0.9900	 0.8582	 0.0091
 0.9950	 0.8447	 0.0088
 1.0000	 0.8560	 0.0087
 1.0050	 0.8672	 0.0086
 1.0100	 0.8642	 0.0085
 1.0150	 0.8583	 0.0084
 1.0200	 0.8760	 0.0083
 1.0250	 0.8708	 0.0082
 1.0300	 0.8648	 0.0081
 1.0350	 0.8755	 0.0081
 1.0400	 0.8786	 0.0081
 1.0450	 0.8724	 0.0081
 1.0500	 0.8784	 0.0080
 1.0550	 0.8884	 0.0080
 1.0600	 0.8941	 0.0080
 1.0650	 0.8925	 0.0080
 1.0700	 0.8935	 0.0079
 1.0750	 0.9145	 0.0080
 1.0800	 0.9051	 0.0078
 1.0850	 0.9206	 0.0078
 1.0900	 0.9241	 0.0078
 1.0950	 0.9165	 0.0077
 1.1000	 0.9234	 0.0078
 1.1050	 0.9349	 0.0080
 1.1100	 0.9403	 0.0083
 1.1150	 0.9348	 0.0089
 1.1200	 0.9364	 0.0096
 1.1250	 0.9408	 0.0106
 1.1300	 0.9432	 0.0112
 1.1350	 0.9373	 0.0112
 1.1400	 0.9642	 0.0111
 1.1450	 0.9674	 0.0106
 1.1500	 0.9635	 0.0099
 1.1550	 0.9556	 0.0092
 1.1600	 0.9705	 0.0087
 1.1650	 0.9889	 0.0082
 1.1700	 0.9931	 0.0077
 1.1750	 1.0005	 0.0076
 1.1800	 1.0015	 0.0074
 1.1850	 1.0039	 0.0073
 1.1900	 1.0039	 0.0073
 1.1950	 0.9996	 0.0072
 1.2000	 1.0067	 0.0073
 1.2050	 0.9938	 0.0072
 1.2150	 1.0009	 0.0069
 1.2200	 1.0090	 0.0071
 1.2250	 1.0128	 0.0071
 1.2300	 1.0244	 0.0071
 1.2350	 1.0361	 0.0071
 1.2400	 1.0228	 0.0071
 1.2450	 1.0229	 0.0070
 1.2500	 1.0338	 0.0071
 1.2550	 1.0460	 0.0072
 1.2600	 1.0445	 0.0073
 1.2650	 1.0388	 0.0074
 1.2700	 1.0254	 0.0073
 1.2750	 1.0399	 0.0074
 1.2800	 1.0382	 0.0073
 1.2850	 1.0466	 0.0072
 1.2900	 1.0603	 0.0072
 1.2950	 1.0877	 0.0074
 1.3000	 1.0700	 0.0072
 1.3050	 1.0546	 0.0074
 1.3100	 1.0490	 0.0075
 1.3150	 1.0576	 0.0078
 1.3200	 1.0668	 0.0080
 1.3250	 1.0834	 0.0084
 1.3300	 1.0733	 0.0087
 1.3350	 1.0887	 0.0094
 1.3400	 1.1077	 0.0105
 1.3450	 1.0882	 0.0126
 1.3600	 1.1219	 0.0488
 1.3650	 1.0652	 0.0768
 1.3700	 1.0899	 0.1000
 1.3750	 1.1311	 0.0957
 1.3800	 1.0849	 0.0742
 1.3900	 1.1116	 0.0566
 1.3950	 1.1212	 0.0503
 1.4000	 1.1006	 0.0281
 1.4050	 1.0947	 0.0435
 1.4100	 1.1445	 0.0364
 1.4150	 1.1495	 0.0245
 1.4200	 1.1364	 0.0208
 1.4250	 1.1670	 0.0193
 1.4300	 1.1612	 0.0150
 1.4350	 1.1409	 0.0164
 1.4400	 1.1397	 0.0156
 1.4450	 1.1154	 0.0143
 1.4500	 1.1127	 0.0132
 1.4550	 1.1442	 0.0127
 1.4650	 1.1750	 0.0119
 1.4700	 1.1412	 0.0127
 1.4750	 1.0966	 0.0124
 1.4800	 1.1165	 0.0120
 1.4850	 1.1202	 0.0113
 1.4900	 1.1076	 0.0107
 1.4950	 1.1353	 0.0104
 1.5000	 1.1639	 0.0102
 1.5050	 1.1642	 0.0100
 1.5100	 1.1448	 0.0098
 1.5150	 1.1256	 0.0095
 1.5200	 1.1534	 0.0096
 1.5250	 1.2012	 0.0098
 1.5300	 1.1665	 0.0095
 1.5350	 1.1307	 0.0095
 1.5400	 1.1265	 0.0095
 1.5450	 1.1181	 0.0094
 1.5500	 1.1050	 0.0094
 1.5550	 1.1566	 0.0097
 1.5600	 1.1984	 0.0099
 1.5650	 1.1676	 0.0099
 1.5700	 1.0965	 0.0096
 1.5800	 1.1029	 0.0101
 1.5850	 1.1477	 0.0102
 1.5900	 1.1751	 0.0103
 1.6050	 1.1444	 0.0103
 1.6100	 1.1250	 0.0104
 1.6150	 1.1631	 0.0106
 1.6200	 1.1573	 0.0103
 1.6250	 1.1549	 0.0104
 1.6300	 1.1322	 0.0103
 1.6350	 1.1152	 0.0104
 1.6400	 1.1266	 0.0108
 1.6450	 1.1352	 0.0110
 1.6500	 1.1492	 0.0112
 1.6550	 1.0976	 0.0108
 1.6600	 1.0839	 0.0109
 1.6650	 1.1187	 0.0112
 1.6700	 1.1638	 0.0116
 1.6750	 1.1161	 0.0113
 1.6800	 1.1289	 0.0118
 1.6850	 1.1784	 0.0120
 1.6900	 1.1602	 0.0119
 1.6950	 1.1242	 0.0118
 1.7000	 1.1278	 0.0120
 1.7050	 1.1266	 0.0122
 1.7100	 1.1254	 0.0123
 1.7150	 1.1519	 0.0125
 1.7200	 1.1513	 0.0126
 1.7250	 1.1173	 0.0126
 1.7300	 1.0881	 0.0126
 1.7350	 1.1167	 0.0131
 1.7400	 1.1135	 0.0132
 1.7450	 1.1182	 0.0135
 1.7500	 1.1388	 0.0136
 1.7550	 1.1539	 0.0137
 1.7600	 1.0839	 0.0131
 1.7650	 1.0812	 0.0138
 1.7700	 1.1882	 0.0147
 1.7750	 1.1838	 0.0148
 1.7800	 1.1064	 0.0150
 1.7850	 1.0998	 0.0156
 1.7900	 1.0858	 0.0159
 1.7950	 1.1102	 0.0178
 1.8000	 1.1428	 0.0197
 1.8050	 1.1000	 0.0221
 1.8100	 1.0117	 0.0246
 1.8150	 0.9982	 0.0302
 1.8200	 1.0755	 0.0382
 1.8250	 1.1791	 0.0511
 1.8300	 1.1840	 0.0694
 1.8350	 1.1131	 0.0990
 1.8400	 1.1690	 0.1594
 1.8450	 1.0936	 0.2648
 1.8500	 1.0475	 0.2952
 1.8550	 1.0797	 0.3020
 1.8650	 1.0505	 0.2111
 1.8700	 1.0202	 0.2370
 1.8750	 0.9991	 0.2576
 1.8900	 0.9843	 0.1505
 1.8950	 0.9788	 0.1272
 1.9000	 0.9937	 0.1241
 1.9050	 1.0785	 0.1588
 1.9100	 1.0768	 0.1787
 1.9150	 1.0816	 0.2112
 1.9200	 0.9746	 0.1183
 1.9250	 0.9917	 0.0839
 1.9300	 1.0025	 0.0716
 1.9350	 1.0586	 0.0600
 1.9400	 1.0470	 0.0532
 1.9450	 0.9893	 0.0462
 1.9500	 1.0692	 0.0442
 1.9600	 1.1150	 0.0392
 1.9650	 1.1189	 0.0379
 1.9700	 1.1158	 0.0328
 1.9750	 1.0332	 0.0275
 1.9800	 1.0343	 0.0243
 1.9850	 1.0374	 0.0226
 1.9900	 1.0648	 0.0222
 1.9950	 1.0967	 0.0225
 2.0000	 1.1148	 0.0254
 2.0150	 1.0693	 0.0409
 2.0200	 0.9963	 0.0367
 2.0250	 0.9819	 0.0310
 2.0300	 1.0468	 0.0265
 2.0350	 1.0454	 0.0231
 2.0400	 1.0074	 0.0211
 2.0450	 1.0827	 0.0223
 2.0500	 1.1482	 0.0232
 2.0550	 1.1102	 0.0247
 2.0600	 1.1248	 0.0264
 2.0650	 1.1323	 0.0277
 2.0700	 1.0791	 0.0270
 2.0750	 1.0424	 0.0273
 2.0800	 1.0259	 0.0252
 2.0850	 1.0867	 0.0237
 2.0900	 1.1009	 0.0229
 2.0950	 1.1344	 0.0235
 2.1000	 1.1488	 0.0231
 2.1050	 1.1211	 0.0231
 2.1100	 1.1390	 0.0234
 2.1150	 1.1368	 0.0235
 2.1200	 1.0705	 0.0230
 2.1250	 1.0873	 0.0239
 2.1300	 1.1382	 0.0242
 2.1350	 1.1172	 0.0239
 2.1400	 1.1059	 0.0243
 2.1450	 1.1420	 0.0249
 2.1500	 1.1349	 0.0248
 2.1550	 1.1167	 0.0255
 2.1600	 1.0770	 0.0256
 2.1650	 1.1090	 0.0271
 2.1700	 1.1378	 0.0271
 2.1750	 1.0923	 0.0270
 2.1800	 1.0737	 0.0269
 2.1850	 1.1248	 0.0280
 2.1900	 1.1744	 0.0284
 2.1950	 1.1249	 0.0282
 2.2000	 1.0925	 0.0288
 2.2100	 1.0573	 0.0300
 2.2150	 1.1052	 0.0289
 2.2200	 1.1178	 0.0306
 2.2250	 1.2156	 0.0317
 2.2300	 1.1435	 0.0305
 2.2350	 1.1227	 0.0317
 2.2400	 1.1636	 0.0321
 2.2450	 1.1433	 0.0324
 2.2500	 1.1516	 0.0333
 2.2550	 1.1897	 0.0347
 2.2600	 1.1625	 0.0341
 2.2650	 1.1507	 0.0352
 2.2700	 1.2079	 0.0367
 2.2850	 1.2160	 0.0378
 2.2900	 1.2074	 0.0376
 2.2950	 1.1365	 0.0379
 2.3000	 1.1790	 0.0398
 2.3050	 1.1802	 0.0379
 2.3100	 1.1660	 0.0392
 2.3150	 1.1752	 0.0398
 2.3200	 1.1996	 0.0426
 2.3250	 1.2210	 0.0414
 2.3300	 1.1764	 0.0401
 2.3400	 1.1993	 0.0440
 2.3450	 1.2069	 0.0462
 2.3550	 1.1407	 0.0418
 2.3600	 1.1617	 0.0445
 2.3750	 1.2259	 0.0446
 2.3950	 1.2146	 0.0473
 2.4000	 1.1686	 0.0455
 2.4050	 1.1622	 0.0500
 2.4100	 1.1483	 0.0517
 2.4500	 1.1886	 0.1000
