 0.8000	 1.1744	 0.0600
 0.8050	 1.1432	 0.0584
 0.8100	 1.1268	 0.0574
 0.8150	 1.1681	 0.0666
 0.8200	 1.1183	 0.0617
 0.8250	 1.1015	 0.0552
 0.8300	 1.1408	 0.0562
 0.8350	 1.1531	 0.0556
 0.8400	 1.1593	 0.0546
 0.8450	 1.1530	 0.0546
 0.8500	 1.0656	 0.0527
 0.8550	 1.0487	 0.0511
 0.8600	 1.0874	 0.0537
 0.8650	 1.0976	 0.0553
 0.8700	 1.1107	 0.0542
 0.8750	 1.0756	 0.0478
 0.8800	 1.0132	 0.0497
 0.8850	 1.0329	 0.0480
 0.8900	 1.0432	 0.0463
 0.8950	 1.0409	 0.0507
 0.9000	 1.0193	 0.0476
 0.9050	 1.0017	 0.0483
 0.9100	 1.0350	 0.0483
 0.9150	 1.0572	 0.0457
 0.9200	 1.0163	 0.0431
 0.9250	 0.9586	 0.0436
 0.9300	 0.8936	 0.0419
 0.9350	 0.9260	 0.0466
 0.9400	 0.9656	 0.0442
 0.9450	 0.9110	 0.0433
 0.9500	 0.9441	 0.0445
 0.9550	 1.0561	 0.0458
 0.9600	 1.0290	 0.0450
 0.9650	 0.9912	 0.0389
 0.9700	 0.9902	 0.0401
 0.9750	 0.9586	 0.0389
 0.9800	 0.9122	 0.0394
 0.9850	 0.9334	 0.0427
 0.9900	 0.9844	 0.0378
 0.9950	 1.0440	 0.0414
 1.0000	 1.0093	 0.0424
 1.0050	 0.9926	 0.0404
 1.0200	 0.9882	 0.0355
 1.0250	 1.0214	 0.0400
 1.0300	 1.0769	 0.0404
 1.0350	 0.9882	 0.0372
 1.0400	 0.9185	 0.0369
 1.0450	 1.0072	 0.0374
 1.0500	 1.0480	 0.0373
 1.0550	 0.9661	 0.0369
 1.0600	 0.9914	 0.0361
 1.0650	 1.0356	 0.0359
 1.0700	 1.0250	 0.0369
 1.0750	 0.9936	 0.0380
 1.0800	 0.9960	 0.0368
 1.0850	 1.0169	 0.0356
 1.0900	 1.0022	 0.0384
 1.0950	 1.0375	 0.0366
 1.1000	 1.1054	 0.0364
 1.1050	 1.1501	 0.0426
 1.1100	 1.1201	 0.0356
 1.1150	 1.0706	 0.0380
 1.1200	 1.1089	 0.0394
 1.1250	 1.1295	 0.0400
 1.1300	 1.1581	 0.0404
 1.1350	 1.1975	 0.0391
 1.1400	 1.1487	 0.0381
 1.1450	 1.0370	 0.0374
 1.1500	 1.0648	 0.0373
 1.1550	 1.1739	 0.0374
 1.1600	 1.1731	 0.0376
 1.1650	 1.1302	 0.0375
 1.1700	 1.1555	 0.0352
 1.1750	 1.1857	 0.0351
 1.1800	 1.1366	 0.0357
 1.1850	 1.1620	 0.0366
 1.1900	 1.2529	 0.0373
 1.1950	 1.1805	 0.0347
 1.2000	 1.1102	 0.0350
 1.2050	 1.1741	 0.0353
 1.2100	 1.1454	 0.0349
 1.2150	 1.1461	 0.0343
 1.2200	 1.1805	 0.0350
 1.2250	 1.2054	 0.0340
 1.2300	 1.2304	 0.0338
 1.2350	 1.2211	 0.0350
 1.2400	 1.1885	 0.0355
 1.2450	 1.1660	 0.0344
 1.2500	 1.2175	 0.0363
 1.2550	 1.1304	 0.0356
 1.2600	 1.1591	 0.0384
 1.2650	 1.2106	 0.0356
 1.2700	 1.1771	 0.0364
 1.2750	 1.2331	 0.0377
 1.2800	 1.2597	 0.0357
 1.2850	 1.2368	 0.0354
 1.2900	 1.2818	 0.0379
 1.2950	 1.2915	 0.0359
 1.3000	 1.1550	 0.0323
 1.3050	 1.1749	 0.0352
 1.3100	 1.2167	 0.0360
 1.3150	 1.1944	 0.0350
 1.3200	 1.2399	 0.0368
 1.3250	 1.2480	 0.0380
 1.3300	 1.2336	 0.0367
 1.3350	 1.2452	 0.0396
 1.3400	 1.2077	 0.0375
 1.3450	 1.2382	 0.0394
 1.3500	 1.2525	 0.0443
 1.3550	 1.2601	 0.0481
 1.3600	 1.2624	 0.0585
 1.3650	 1.2716	 0.0583
 1.3700	 1.2884	 0.0604
 1.3750	 1.3094	 0.0698
 1.3800	 1.3003	 0.0616
 1.3900	 1.2038	 0.0588
 1.3950	 1.3286	 0.0608
 1.4000	 1.2062	 0.0576
 1.4050	 1.2629	 0.0550
 1.4100	 1.3520	 0.0515
 1.4150	 1.2511	 0.0509
 1.4200	 1.3563	 0.0496
 1.4300	 1.3888	 0.0504
 1.4350	 1.2555	 0.0436
 1.4400	 1.2762	 0.0461
 1.4450	 1.2949	 0.0466
 1.4500	 1.3032	 0.0437
 1.4550	 1.3839	 0.0412
 1.4600	 1.3182	 0.0413
 1.4650	 1.2806	 0.0444
 1.4700	 1.3255	 0.0426
 1.4750	 1.3285	 0.0433
 1.4800	 1.4277	 0.0468
 1.4950	 1.3705	 0.0387
 1.5000	 1.3265	 0.0447
 1.5050	 1.4170	 0.0473
 1.5100	 1.4599	 0.0437
 1.5150	 1.4142	 0.0407
 1.5200	 1.3636	 0.0415
 1.5250	 1.2876	 0.0402
 1.5300	 1.2870	 0.0427
 1.5350	 1.3627	 0.0402
 1.5400	 1.3408	 0.0391
 1.5450	 1.2271	 0.0392
 1.5500	 1.3892	 0.0477
 1.5600	 1.4984	 0.0424
 1.5650	 1.3330	 0.0401
 1.5700	 1.3256	 0.0437
 1.5750	 1.3586	 0.0439
 1.5800	 1.2571	 0.0440
 1.5900	 1.1982	 0.0452
 1.5950	 1.4607	 0.0478
 1.6000	 1.4309	 0.0458
 1.6050	 1.4307	 0.0491
 1.6100	 1.3928	 0.0460
 1.6150	 1.2580	 0.0426
 1.6200	 1.3107	 0.0435
 1.6250	 1.4261	 0.0440
 1.6300	 1.3045	 0.0406
 1.6350	 1.2116	 0.0397
 1.6400	 1.3609	 0.0438
 1.6450	 1.4406	 0.0458
 1.6500	 1.4356	 0.0481
 1.6550	 1.4118	 0.0463
 1.6600	 1.3728	 0.0456
 1.6650	 1.4350	 0.0440
 1.6700	 1.3557	 0.0434
 1.6800	 1.2363	 0.0435
 1.6850	 1.3385	 0.0436
 1.6900	 1.2744	 0.0442
 1.7050	 1.3136	 0.0445
 1.7100	 1.3250	 0.0474
 1.7150	 1.3135	 0.0455
 1.7200	 1.3514	 0.0479
 1.7250	 1.3272	 0.0488
 1.7300	 1.3267	 0.0493
 1.7350	 1.3734	 0.0489
 1.7400	 1.3861	 0.0512
 1.7450	 1.4121	 0.0521
 1.7500	 1.3447	 0.0460
 1.7550	 1.2787	 0.0459
 1.7600	 1.3342	 0.0461
 1.7650	 1.3544	 0.0496
 1.7700	 1.3124	 0.0522
 1.7750	 1.4355	 0.0556
 1.7800	 1.3990	 0.0496
 1.7850	 1.2404	 0.0484
 1.7900	 1.3834	 0.0526
 1.7950	 1.4431	 0.0618
 1.8000	 1.4000	 0.0587
 1.8050	 1.3087	 0.0550
 1.8100	 1.2259	 0.0579
 1.8250	 1.3674	 0.0761
 1.8300	 1.3085	 0.0754
 1.8350	 1.2882	 0.0935
 1.8500	 1.3067	 0.0945
 1.8800	 1.3558	 0.0963
 1.8850	 1.3779	 0.0893
 1.8900	 1.2641	 0.0762
 1.8950	 1.2823	 0.0884
 1.9050	 1.2928	 0.0873
 1.9100	 1.1633	 0.0930
 1.9150	 1.3149	 0.0906
 1.9200	 1.2933	 0.0825
 1.9250	 1.1676	 0.0722
 1.9300	 1.2283	 0.0722
 1.9350	 1.3054	 0.0764
 1.9400	 1.3314	 0.0743
 1.9450	 1.3733	 0.0742
 1.9500	 1.2117	 0.0711
 1.9550	 1.2531	 0.0741
 1.9600	 1.3453	 0.0801
 1.9700	 1.3339	 0.0671
 1.9750	 1.2088	 0.0641
 1.9800	 1.1889	 0.0589
 1.9850	 1.3050	 0.0631
 2.0000	 1.2974	 0.0738
 2.0050	 1.3234	 0.0811
 2.0100	 1.2735	 0.0851
 2.0150	 1.2095	 0.0890
 2.0200	 1.2098	 0.0764
 2.0300	 1.2287	 0.0652
 2.0350	 1.3516	 0.0666
 2.0400	 1.2403	 0.0602
 2.0500	 1.3412	 0.0726
 2.0600	 1.2468	 0.0646
 2.0650	 1.1854	 0.0729
 2.0700	 1.3756	 0.0791
 2.0750	 1.3574	 0.0754
 2.0800	 1.3365	 0.0672
 2.0850	 1.3343	 0.0685
 2.0900	 1.3698	 0.0699
 2.0950	 1.3753	 0.0645
 2.1000	 1.2656	 0.0636
 2.1100	 1.2645	 0.0677
 2.1150	 1.3535	 0.0668
 2.1200	 1.1740	 0.0619
 2.1300	 1.2652	 0.0734
 2.1350	 1.3007	 0.0661
 2.1400	 1.2917	 0.0702
 2.1450	 1.4499	 0.0753
 2.1500	 1.4340	 0.0687
 2.1550	 1.3346	 0.0685
 2.1650	 1.2469	 0.0757
 2.1800	 1.4681	 0.0832
 2.1850	 1.3655	 0.0774
 2.1900	 1.2450	 0.0731
 2.1950	 1.2376	 0.0700
 2.2000	 1.2838	 0.0759
 2.2050	 1.2958	 0.0750
 2.2100	 1.3432	 0.0763
 2.2150	 1.1971	 0.0704
 2.2200	 1.1884	 0.0740
 2.2250	 1.2570	 0.0771
 2.2300	 1.4758	 0.0901
 2.2400	 1.4010	 0.0794
 2.2450	 1.3660	 0.0910
 2.2650	 1.4695	 0.0901
 2.2700	 1.4649	 0.0903
 2.2750	 1.4979	 0.0889
 2.2800	 1.4635	 0.0873
 2.2850	 1.3741	 0.0821
 2.2900	 1.3316	 0.0887
 2.2950	 1.2949	 0.0823
 2.3000	 1.2870	 0.0849
 2.3050	 1.2314	 0.0838
 2.3150	 1.2393	 0.0889
 2.3200	 1.4156	 0.0931
 2.3250	 1.4690	 0.1057
 2.3300	 1.4332	 0.0890
 2.3350	 1.3455	 0.0919
 2.3400	 1.4603	 0.0967
 2.3450	 1.3238	 0.0856
 2.3600	 1.3622	 0.0955
 2.3650	 1.2485	 0.0912
 2.3700	 1.3083	 0.1120
 2.3800	 1.3248	 0.0896
 2.3850	 1.4326	 0.1078
 2.3900	 1.4188	 0.0949
 2.3950	 1.3932	 0.1062
 2.4050	 1.4599	 0.0926
 2.4300	 1.3570	 0.0989
 2.4350	 1.3458	 0.1103
 2.4400	 1.4603	 0.1214
 2.4500	 1.4000	 0.2000
