 0.8100	 0.9359	 0.0598
 0.8150	 0.9727	 0.0594
 0.8200	 0.9442	 0.0575
 0.8250	 0.9961	 0.0554
 0.8300	 0.9842	 0.0561
 0.8350	 0.9593	 0.0547
 0.8400	 0.9704	 0.0527
 0.8450	 0.9668	 0.0516
 0.8500	 0.9691	 0.0502
 0.8550	 0.9428	 0.0493
 0.8600	 0.9434	 0.0466
 0.8650	 0.9271	 0.0487
 0.8700	 0.9428	 0.0441
 0.8750	 0.9279	 0.0459
 0.8800	 0.9180	 0.0444
 0.8850	 0.8784	 0.0434
 0.8900	 0.9013	 0.0434
 0.8950	 0.9258	 0.0417
 0.9000	 0.9046	 0.0404
 0.9050	 0.8942	 0.0378
 0.9100	 0.8868	 0.0368
 0.9150	 0.8788	 0.0355
 0.9200	 0.8783	 0.0345
 0.9250	 0.9001	 0.0338
 0.9300	 0.8741	 0.0408
 0.9350	 0.8538	 0.0429
 0.9400	 0.8595	 0.0392
 0.9450	 0.8468	 0.0407
 0.9500	 0.8729	 0.0377
 0.9550	 0.8644	 0.0349
 0.9600	 0.8600	 0.0311
 0.9650	 0.8511	 0.0301
 0.9700	 0.8571	 0.0310
 0.9750	 0.8544	 0.0289
 0.9800	 0.8494	 0.0304
 0.9850	 0.8567	 0.0290
 0.9900	 0.8740	 0.0307
 0.9950	 0.8535	 0.0335
 1.0000	 0.8787	 0.0316
 1.0050	 0.8603	 0.0292
 1.0150	 0.8690	 0.0314
 1.0200	 0.8719	 0.0322
 1.0250	 0.8675	 0.0290
 1.0300	 0.8632	 0.0313
 1.0350	 0.8636	 0.0294
 1.0400	 0.8881	 0.0312
 1.0450	 0.8729	 0.0285
 1.0500	 0.8633	 0.0253
 1.0550	 0.8855	 0.0229
 1.0600	 0.8789	 0.0220
 1.0650	 0.8888	 0.0218
 1.0700	 0.8642	 0.0283
 1.0750	 0.8677	 0.0295
 1.0800	 0.8881	 0.0274
 1.0850	 0.9026	 0.0321
 1.0900	 0.9041	 0.0281
 1.0950	 0.9256	 0.0325
 1.1000	 0.9551	 0.0298
 1.1050	 0.9378	 0.0259
 1.1100	 0.9545	 0.0236
 1.1150	 0.9571	 0.0233
 1.1200	 0.9373	 0.0226
 1.1250	 0.9212	 0.0234
 1.1300	 0.9474	 0.0315
 1.1350	 0.9421	 0.0340
 1.1400	 0.9714	 0.0259
 1.1450	 0.9438	 0.0379
 1.1500	 0.9727	 0.0264
 1.1550	 0.9373	 0.0318
 1.1600	 0.9816	 0.0311
 1.1650	 0.9887	 0.0277
 1.1700	 0.9902	 0.0239
 1.1750	 1.0017	 0.0211
 1.1800	 1.0051	 0.0201
 1.1850	 1.0093	 0.0183
 1.1900	 0.9997	 0.0177
 1.1950	 1.0204	 0.0213
 1.2000	 0.9960	 0.0313
 1.2050	 1.0000	 0.0264
 1.2100	 0.9997	 0.0284
 1.2200	 1.0336	 0.0258
 1.2250	 1.0094	 0.0305
 1.2300	 0.9973	 0.0292
 1.2350	 1.0290	 0.0266
 1.2400	 1.0499	 0.0236
 1.2450	 1.0181	 0.0211
 1.2500	 1.0246	 0.0205
 1.2550	 1.0616	 0.0202
 1.2600	 1.0782	 0.0251
 1.2650	 1.0454	 0.0322
 1.2700	 1.0204	 0.0397
 1.2750	 1.0323	 0.0417
 1.2800	 1.0562	 0.0394
 1.2850	 1.0962	 0.0280
 1.2900	 1.0601	 0.0351
 1.2950	 1.0900	 0.0270
 1.3000	 1.0548	 0.0291
 1.3050	 1.0424	 0.0318
 1.3100	 1.0727	 0.0305
 1.3150	 1.0751	 0.0272
 1.3200	 1.0806	 0.0247
 1.3250	 1.1197	 0.0225
 1.3300	 1.1077	 0.0198
 1.3350	 1.1113	 0.0179
 1.3400	 1.1454	 0.0186
 1.3450	 1.1387	 0.0186
 1.3500	 1.1227	 0.0230
 1.3550	 1.0918	 0.0306
 1.3700	 1.1391	 0.0428
 1.3750	 1.1805	 0.0325
 1.3850	 1.1783	 0.0451
 1.3900	 1.1482	 0.0365
 1.3950	 1.2172	 0.0435
 1.4000	 1.1918	 0.0526
 1.4050	 1.1922	 0.0507
 1.4100	 1.2025	 0.0509
 1.4150	 1.1645	 0.0498
 1.4200	 1.1838	 0.0365
 1.4250	 1.1602	 0.0261
 1.4300	 1.2003	 0.0337
 1.4350	 1.1735	 0.0369
 1.4400	 1.2004	 0.0256
 1.4450	 1.1923	 0.0283
 1.4500	 1.2316	 0.0403
 1.4550	 1.1754	 0.0407
 1.4750	 1.2766	 0.0371
 1.4800	 1.2786	 0.0418
 1.4850	 1.2658	 0.0423
 1.4900	 1.2510	 0.0361
 1.4950	 1.2598	 0.0238
 1.5000	 1.2796	 0.0418
 1.5100	 1.2644	 0.0380
 1.5150	 1.2638	 0.0268
 1.5200	 1.2176	 0.0389
 1.5250	 1.2519	 0.0434
 1.5300	 1.2549	 0.0439
 1.5350	 1.3183	 0.0423
 1.5400	 1.2889	 0.0394
 1.5450	 1.2433	 0.0362
 1.5500	 1.2820	 0.0356
 1.5550	 1.2090	 0.0395
 1.5600	 1.2127	 0.0417
 1.5650	 1.2092	 0.0404
 1.5700	 1.2386	 0.0313
 1.5750	 1.2923	 0.0287
 1.5800	 1.2953	 0.0527
 1.5850	 1.2993	 0.0559
 1.5900	 1.2876	 0.0340
 1.5950	 1.2767	 0.0294
 1.6000	 1.3262	 0.0436
 1.6050	 1.3199	 0.0484
 1.6100	 1.3520	 0.0489
 1.6150	 1.3359	 0.0459
 1.6200	 1.3318	 0.0425
 1.6250	 1.3087	 0.0403
 1.6300	 1.3164	 0.0358
 1.6350	 1.3347	 0.0392
 1.6400	 1.3340	 0.0407
 1.6450	 1.2986	 0.0433
 1.6500	 1.2529	 0.0404
 1.6550	 1.2875	 0.0299
 1.6600	 1.3021	 0.0242
 1.6650	 1.3387	 0.0466
 1.6700	 1.3666	 0.0559
 1.6750	 1.3208	 0.0394
 1.6800	 1.3132	 0.0259
 1.6850	 1.3551	 0.0382
 1.6900	 1.3009	 0.0450
 1.6950	 1.3184	 0.0479
 1.7000	 1.2689	 0.0460
 1.7050	 1.2971	 0.0440
 1.7100	 1.2733	 0.0419
 1.7150	 1.2888	 0.0379
 1.7200	 1.2687	 0.0365
 1.7250	 1.2870	 0.0382
 1.7300	 1.2372	 0.0391
 1.7350	 1.2575	 0.0436
 1.7400	 1.2616	 0.0445
 1.7450	 1.2458	 0.0382
 1.7500	 1.2386	 0.0287
 1.7550	 1.2609	 0.0275
 1.7600	 1.2591	 0.0505
 1.7650	 1.2509	 0.0559
 1.7700	 1.2319	 0.0375
 1.7750	 1.2559	 0.0279
 1.7800	 1.2435	 0.0408
 1.7850	 1.2227	 0.0460
 1.7900	 1.2392	 0.0474
 1.7950	 1.2716	 0.0555
 1.8000	 1.2745	 0.0610
 1.8050	 1.2876	 0.0603
 1.8100	 1.2664	 0.0605
 1.8150	 1.2607	 0.0523
 1.8200	 1.3150	 0.0603
 1.8250	 1.2141	 0.0595
 1.8300	 1.1838	 0.0563
 1.8350	 1.2290	 0.0798
 1.8400	 1.1262	 0.0902
 1.8450	 1.1190	 0.0938
 1.8500	 1.0872	 0.0749
 1.8550	 1.2306	 0.0568
 1.8600	 1.3220	 0.0791
 1.8750	 1.1726	 0.0488
 1.8800	 1.1807	 0.0454
 1.8850	 1.2682	 0.0484
 1.8900	 1.1364	 0.0588
 1.8950	 1.2492	 0.0669
 1.9000	 1.1911	 0.0577
 1.9050	 1.3037	 0.0628
 1.9100	 1.2302	 0.0771
 1.9150	 1.2373	 0.0715
 1.9200	 1.2191	 0.0544
 1.9250	 1.2458	 0.0457
 1.9300	 1.1652	 0.0380
 1.9350	 1.2290	 0.0461
 1.9400	 1.1945	 0.0585
 1.9450	 1.1971	 0.0616
 1.9500	 1.2087	 0.0584
 1.9550	 1.1095	 0.0572
 1.9600	 1.1011	 0.0502
 1.9650	 1.1876	 0.0387
 1.9700	 1.1776	 0.0306
 1.9750	 1.2024	 0.0417
 1.9800	 1.2207	 0.0839
 1.9850	 1.1557	 0.1151
 1.9900	 1.1116	 0.0750
 1.9950	 1.0769	 0.0582
 2.0000	 1.2401	 0.0577
 2.0050	 1.1365	 0.0568
 2.0100	 1.1986	 0.0550
 2.0150	 1.2149	 0.0576
 2.0200	 1.1782	 0.0566
 2.0400	 1.1309	 0.0463
 2.0450	 1.2410	 0.0505
 2.0500	 1.2062	 0.0442
 2.0550	 1.2278	 0.0393
 2.0600	 1.1550	 0.0425
 2.0650	 1.1572	 0.0383
 2.0700	 1.1755	 0.0351
 2.0750	 1.2098	 0.0441
 2.0800	 1.2244	 0.0488
 2.0850	 1.2046	 0.0489
 2.0900	 1.2064	 0.0494
 2.0950	 1.2590	 0.0468
 2.1000	 1.2102	 0.0409
 2.1050	 1.2287	 0.0363
 2.1100	 1.2852	 0.0394
 2.1150	 1.2114	 0.0576
 2.1200	 1.1302	 0.0627
 2.1250	 1.2146	 0.0524
 2.1300	 1.2021	 0.0431
 2.1350	 1.2238	 0.0443
 2.1400	 1.1999	 0.0510
 2.1450	 1.1780	 0.0562
 2.1500	 1.1461	 0.0576
 2.1550	 1.1958	 0.0569
 2.1600	 1.1914	 0.0624
 2.1650	 1.2958	 0.0638
 2.1700	 1.2934	 0.0582
 2.1750	 1.2408	 0.0637
 2.1800	 1.2381	 0.0618
 2.1850	 1.2271	 0.0583
 2.1900	 1.2441	 0.0555
 2.1950	 1.2790	 0.0632
 2.2000	 1.3271	 0.0643
 2.2050	 1.2978	 0.0614
 2.2100	 1.3377	 0.0575
 2.2150	 1.3183	 0.0608
 2.2200	 1.2917	 0.0641
 2.2250	 1.2333	 0.0636
 2.2300	 1.2174	 0.0631
 2.2350	 1.2963	 0.0637
 2.2400	 1.2211	 0.0654
 2.2450	 1.2119	 0.0681
 2.2500	 1.2513	 0.0685
 2.2550	 1.3166	 0.0685
 2.2600	 1.2401	 0.0675
 2.2650	 1.2659	 0.0701
 2.2700	 1.1741	 0.0733
 2.2750	 1.2511	 0.0760
 2.2800	 1.2502	 0.0775
 2.2900	 1.2556	 0.0746
 2.2950	 1.3307	 0.0759
 2.3000	 1.1983	 0.0796
 2.3050	 1.3447	 0.0905
 2.3100	 1.3147	 0.0854
 2.3150	 1.2888	 0.0844
 2.3200	 1.2966	 0.0831
 2.3250	 1.3443	 0.0851
 2.3300	 1.2556	 0.0870
 2.3350	 1.3196	 0.0893
 2.4500	 1.3196	 0.0893
